t,terrain,n_true,throttle_cmd,steer_cmd,u,v,omega,ax,ay,wheel_omega_fl,wheel_omega_fr,wheel_omega_rl,wheel_omega_rr,steering_angle
0.0000,dirt,0.786,0.400,0.0000,0.0130,0.0380,0.0009,-0.6858,-0.0224,-0.0170,-0.0170,-0.0170,-0.0170,0.0000
0.0120,dirt,0.786,0.400,0.0101,-0.0487,-0.0515,-0.0006,-0.6328,0.0069,-0.0292,-0.0292,-0.0292,-0.0292,0.0000
0.0240,dirt,0.786,0.400,0.0201,0.0342,0.0060,-0.0019,-0.2195,-0.0402,-0.0078,-0.0078,-0.0078,-0.0078,0.0047
0.0360,dirt,0.786,0.400,0.0301,-0.0376,0.0147,-0.0019,-0.4876,0.0841,0.0153,0.0153,0.0153,0.0153,0.0122
0.0480,dirt,0.786,0.400,0.0401,-0.0626,0.0129,0.0006,0.1787,-0.0013,0.0227,0.0227,0.0227,0.0227,0.0177
0.0600,dirt,0.786,0.400,0.0501,-0.0986,0.0011,-0.0017,0.4515,-0.0034,-0.0148,-0.0148,-0.0148,-0.0148,0.0222
0.0720,dirt,0.786,0.400,0.0601,0.0966,0.0727,-0.0002,-0.1829,-0.0133,-0.0193,-0.0193,-0.0193,-0.0193,0.0265
0.0840,dirt,0.786,0.400,0.0700,-0.0666,-0.0116,-0.0029,-0.2265,-0.0860,-0.0068,-0.0068,-0.0068,-0.0068,0.0313
0.0960,dirt,0.786,0.400,0.0799,0.0632,0.0724,-0.0047,0.0428,0.2539,-0.0039,-0.0039,-0.0039,-0.0039,0.0364
0.1080,dirt,0.786,0.400,0.0897,-0.0179,-0.1307,-0.0026,-0.0362,0.0020,-0.0043,-0.0043,-0.0043,-0.0043,0.0407
0.1200,dirt,0.786,0.400,0.0995,-0.0240,-0.0645,-0.0029,0.0675,-0.1264,-0.0083,-0.0083,-0.0083,-0.0083,0.0466
0.1320,dirt,0.786,0.400,0.1092,-0.0488,0.1073,-0.0020,0.0493,-0.0141,-0.0269,-0.0269,-0.0269,-0.0269,0.0524
0.1440,dirt,0.786,0.400,0.1188,-0.0200,0.0313,-0.0035,0.2067,-0.3031,-0.0184,-0.0184,-0.0184,-0.0184,0.0582
0.1560,dirt,0.786,0.400,0.1284,-0.0061,0.0778,-0.0017,-0.2265,0.2038,-0.0245,-0.0245,-0.0245,-0.0245,0.0613
0.1680,dirt,0.786,0.400,0.1379,-0.0474,-0.0176,-0.0018,0.1209,-0.0526,-0.0318,-0.0318,-0.0318,-0.0318,0.0647
0.1800,dirt,0.786,0.400,0.1472,-0.0188,0.0498,-0.0025,0.1285,-0.4049,-0.0406,-0.0406,-0.0406,-0.0406,0.0729
0.1920,dirt,0.786,0.400,0.1565,0.0637,-0.0610,-0.0035,0.0205,-0.2361,-0.0486,-0.0486,-0.0486,-0.0486,0.0802
0.2040,dirt,0.786,0.400,0.1658,0.0288,0.0073,0.0011,0.1753,0.6907,-0.0633,-0.0633,-0.0633,-0.0633,0.0820
0.2160,dirt,0.786,0.400,0.1748,0.1038,-0.0753,0.0015,-0.0011,0.1983,-0.0784,-0.0784,-0.0784,-0.0784,0.0829
0.2280,dirt,0.786,0.400,0.1838,0.0261,-0.0120,-0.0036,0.2763,0.2528,-0.0890,-0.0890,-0.0890,-0.0890,0.0871
0.2400,dirt,0.786,0.400,0.1927,-0.0476,0.0623,-0.0039,0.1398,-0.8422,-0.1088,-0.1088,-0.1088,-0.1088,0.0964
0.2520,dirt,0.786,0.400,0.2014,0.0395,-0.0634,-0.0048,0.0084,0.0464,-0.1254,-0.1254,-0.1254,-0.1254,0.1052
0.2640,dirt,0.786,0.400,0.2101,0.0317,0.0438,-0.0025,0.6216,-0.6169,-0.1553,-0.1551,-0.1552,-0.1552,0.1096
0.2760,dirt,0.786,0.400,0.2186,-0.0122,0.1385,-0.0007,0.0558,0.2687,-0.1726,-0.1724,-0.1725,-0.1725,0.1098
0.2880,dirt,0.786,0.400,0.2269,0.0010,0.1141,-0.0016,-0.2550,0.0808,-0.2108,-0.2106,-0.2107,-0.2107,0.1112
0.3000,dirt,0.786,0.400,0.2351,0.0365,-0.0191,-0.0031,-0.3022,-0.4297,-0.2276,-0.2274,-0.2275,-0.2276,0.1157
0.3120,dirt,0.786,0.400,0.2432,-0.0538,0.0538,-0.0067,0.0008,0.0581,-0.2521,-0.2519,-0.2520,-0.2520,0.1276
0.3240,dirt,0.786,0.400,0.2511,0.0334,-0.0209,0.0056,0.0238,-0.1512,-0.2809,-0.2807,-0.2809,-0.2809,0.1237
0.3360,dirt,0.786,0.400,0.2588,0.0108,0.0714,-0.0038,-0.1086,1.5991,-0.3236,-0.3233,-0.3236,-0.3236,0.1317
0.3480,dirt,0.786,0.400,0.2664,0.0903,0.0189,-0.0005,-0.0272,0.1057,-0.3587,-0.3584,-0.3587,-0.3587,0.1340
0.3600,dirt,0.786,0.400,0.2738,0.0692,-0.0198,-0.0018,0.0159,0.0998,-0.3955,-0.3952,-0.3955,-0.3955,0.1374
0.3720,dirt,0.786,0.400,0.2811,-0.0004,-0.0023,-0.0023,0.0981,-0.0241,-0.4387,-0.4385,-0.4387,-0.4387,0.1431
0.3840,dirt,0.786,0.400,0.2881,-0.0386,0.0578,-0.0003,-0.0227,-0.0172,-0.4804,-0.4802,-0.4804,-0.4804,0.1462
0.3960,dirt,0.786,0.400,0.2950,-0.0343,0.1206,-0.0002,-0.1224,0.3844,-0.5280,-0.5278,-0.5280,-0.5280,0.1477
0.4080,dirt,0.786,0.400,0.3017,-0.0847,0.0132,-0.0022,0.0347,0.0933,-0.5698,-0.5696,-0.5698,-0.5698,0.1550
0.4200,dirt,0.786,0.400,0.3082,0.1178,-0.0132,-0.0026,-0.0309,-0.0432,-0.6215,-0.6212,-0.6215,-0.6215,0.1603
0.4320,dirt,0.786,0.400,0.3145,-0.0288,0.0878,-0.0004,0.3174,-1.7536,-0.4796,-0.5909,-0.5858,-0.6075,0.1623
0.4440,dirt,0.786,0.400,0.3206,0.0406,0.0054,-0.0001,2.0687,-1.4061,-0.4244,-0.1331,-0.5310,-0.7155,0.1616
0.4560,dirt,0.786,0.400,0.3265,0.0103,-0.0209,0.0035,1.6506,2.7931,-0.7651,0.3582,-0.6351,-0.6603,0.1611
0.4680,dirt,0.786,0.400,0.3322,0.0759,-0.0030,0.0081,1.5900,-0.8971,-0.5649,-0.3568,-0.6417,-0.6672,0.1576
0.4800,dirt,0.786,0.400,0.3377,0.0785,0.0238,0.0062,2.2360,-0.2296,-0.4024,-0.5836,-0.4617,-0.6477,0.1585
0.4920,dirt,0.786,0.400,0.3430,0.1151,0.0568,0.0068,2.7706,-0.9742,-0.2124,-0.3637,-0.3420,-0.3981,0.1623
0.5040,dirt,0.786,0.400,0.3481,0.1039,-0.0382,0.0092,1.8830,-0.8054,-0.2610,-0.2431,-0.3169,-0.3016,0.1641
0.5160,dirt,0.786,0.400,0.3529,0.2005,0.0106,0.0033,2.1245,0.6394,-0.1131,-0.3543,0.0136,-0.3906,0.1647
0.5280,dirt,0.786,0.400,0.3575,0.2168,0.0879,-0.0104,-0.2123,0.1855,0.5072,-1.2692,0.0281,-0.8146,0.1653
0.5400,dirt,0.786,0.400,0.3619,0.1076,-0.0539,0.0064,-1.8506,-0.2487,0.7547,-1.5910,0.4349,-0.2514,0.1657
0.5520,dirt,0.786,0.400,0.3661,0.1282,0.0259,0.0065,-2.9729,0.2788,0.7130,-1.2446,-0.2160,-0.0190,0.1668
0.5640,dirt,0.786,0.400,0.3700,0.1050,-0.0257,0.0019,-2.9150,0.4662,0.1779,-0.3058,0.0691,-0.0277,0.1726
0.5760,dirt,0.786,0.400,0.3737,0.0301,-0.0796,0.0079,-4.0290,-0.3789,-0.1206,0.2001,0.1238,0.1192,0.1726
0.5880,dirt,0.786,0.400,0.3772,0.0594,0.0015,0.0092,-1.9059,-0.1315,-0.1561,0.3441,-0.0589,0.1423,0.1766
0.6000,dirt,0.786,0.400,0.3804,0.0284,-0.0189,0.0057,-1.4342,0.2730,-0.1435,0.3746,-0.1009,-0.0247,0.1787
0.6120,dirt,0.786,0.400,0.3834,-0.0251,-0.0662,0.0081,-0.7695,0.1902,-0.1244,0.6226,-0.1284,-0.1184,0.1813
0.6240,dirt,0.786,0.400,0.3862,-0.0031,0.0125,0.0055,-0.6229,0.0178,-0.0895,0.1563,-0.2806,-0.2372,0.1867
0.6360,dirt,0.786,0.400,0.3887,0.0197,0.0224,0.0046,-0.1721,-0.0971,-0.4376,0.4132,-0.5328,-0.2667,0.1896
0.6480,dirt,0.786,0.400,0.3909,0.0010,-0.0608,0.0075,0.0098,-0.0007,-0.9275,0.2893,-0.6800,-0.4606,0.1902
0.6600,dirt,0.786,0.400,0.3929,-0.0268,0.0174,0.0049,1.0652,-0.0813,-1.1903,0.0829,-0.5372,-0.8106,0.1933
0.6720,dirt,0.786,0.400,0.3947,0.0746,-0.1353,0.0091,0.2829,-0.5832,-1.4186,-0.1437,-0.5851,-1.0649,0.1964
0.6840,dirt,0.786,0.400,0.3962,0.0932,-0.1230,-0.0010,-0.0133,0.7208,-1.6215,-0.3467,-0.7457,-1.2805,0.1970
0.6960,dirt,0.786,0.400,0.3974,0.0918,0.0446,-0.0012,-0.1616,-0.0041,-1.8103,-0.5354,-0.9344,-1.4692,0.1962
0.7080,dirt,0.786,0.400,0.3985,0.0101,0.0318,-0.0007,-0.0979,0.0360,-1.9950,-0.7202,-1.0127,-1.6853,0.1974
0.7200,dirt,0.786,0.400,0.3992,0.0484,-0.1117,-0.0014,-0.0937,0.0985,-2.2039,-0.9290,-1.0035,-1.9592,0.1991
0.7320,dirt,0.786,0.400,0.3997,0.0747,0.0267,0.0025,-0.0715,-0.0460,-2.4271,-1.1714,-0.7643,-2.3366,0.1997
0.7440,dirt,0.786,0.400,0.4000,0.0298,-0.0512,0.0016,-0.0185,0.1023,-2.7009,-1.4453,-0.4008,-2.8006,0.1996
0.7560,dirt,0.786,0.400,0.4000,0.0569,0.0030,0.0008,0.0033,-0.0455,-3.0091,-1.7535,0.0151,-3.3233,0.2003
0.7680,dirt,0.786,0.400,0.3997,0.1697,-0.0382,0.0052,-0.0397,0.3203,-3.3423,-2.0866,0.1661,-3.5025,0.2012
0.7800,dirt,0.786,0.400,0.3992,0.0591,-0.0080,0.0047,0.4402,0.6602,-3.7759,-2.5202,-0.2623,-2.1499,0.2014
0.7920,dirt,0.786,0.400,0.3985,0.0261,0.0211,0.0028,0.6322,0.1519,-4.3628,-3.1071,-0.3434,-1.1747,0.2011
0.8040,dirt,0.786,0.400,0.3974,0.0773,-0.0359,0.0095,0.4663,-0.9689,-4.9890,-3.7333,0.0166,-1.0371,0.2007
0.8160,dirt,0.786,0.400,0.3962,0.1207,-0.0029,0.0168,0.1073,-0.3832,-5.6000,-4.3443,-0.1091,-0.4217,0.2006
0.8280,dirt,0.786,0.400,0.3947,0.1061,0.1110,0.0190,-0.2712,-0.1717,-6.1856,-4.9909,0.0461,-0.0724,0.2006
0.8400,dirt,0.786,0.400,0.3929,0.0056,0.0209,0.0187,-0.3271,0.1344,-6.6434,-5.6652,0.0896,0.0498,0.2005
0.8520,dirt,0.786,0.400,0.3909,0.0629,0.0248,0.0179,-0.5405,-0.2121,-7.0406,-6.3289,0.1392,0.1189,0.1999
0.8640,dirt,0.786,0.400,0.3887,-0.0024,0.1091,0.0193,-0.1320,0.3044,-7.4910,-6.7035,0.0717,0.0900,0.1991
0.8760,dirt,0.786,0.400,0.3862,0.0315,-0.0362,0.0214,0.2416,-0.0890,-7.9502,-7.0272,0.0750,0.1272,0.1980
0.8880,dirt,0.786,0.400,0.3834,0.0667,0.0424,0.0169,1.2677,0.5803,-8.5100,-6.8321,0.3306,0.0159,0.1971
0.9000,dirt,0.786,0.400,0.3804,0.0120,-0.0062,0.0173,0.9894,-0.2093,-8.0755,-5.4932,0.0834,-0.0314,0.1953
0.9120,dirt,0.786,0.400,0.3772,0.0659,-0.0371,0.0125,3.8047,0.2478,-6.6437,-4.6857,-0.2500,-0.0770,0.1915
0.9240,dirt,0.786,0.400,0.3737,0.1674,0.0094,0.0148,1.3180,1.0537,-7.0218,-4.4654,-0.2176,-0.2748,0.1869
0.9360,dirt,0.786,0.400,0.3700,0.1581,0.0918,0.0213,1.5846,0.0205,-6.2189,-5.0340,0.0353,-0.3936,0.1826
0.9480,dirt,0.786,0.400,0.3661,0.1704,0.0002,0.0183,2.3463,0.8190,-5.4108,-4.5536,-0.0110,-0.5244,0.1793
0.9600,dirt,0.786,0.400,0.3619,0.1681,0.1381,0.0278,2.8605,0.2897,-4.8995,-4.3559,-0.3331,-0.6352,0.1786
0.9720,dirt,0.786,0.400,0.3575,0.2930,0.0664,0.0316,2.5036,-0.1654,-3.4760,-3.9143,-0.3027,-0.7289,0.1772
0.9840,dirt,0.786,0.400,0.3529,0.2531,-0.0520,0.0390,3.6122,0.4228,-2.1659,-3.4602,-0.4871,-0.9569,0.1747
0.9960,dirt,0.786,0.400,0.3481,0.2896,0.1749,0.0369,2.4684,-1.0548,-1.6240,-2.8345,-0.5654,-1.2072,0.1707
1.0080,dirt,0.786,0.400,0.3430,0.3558,0.0231,0.0445,1.7794,-1.6300,-0.8131,-2.3942,-0.6373,-1.3974,0.1679
1.0200,dirt,0.786,0.400,0.3377,0.3378,0.0440,0.0459,0.4726,-0.7511,-0.8817,-1.7225,-0.7307,-1.4800,0.1666
1.0320,dirt,0.786,0.400,0.3322,0.2959,0.1293,0.0495,1.2602,-0.0696,-1.1018,-1.0571,-0.8782,-1.3819,0.1661
1.0440,dirt,0.786,0.400,0.3265,0.3718,0.0148,0.0495,0.1924,1.3738,-1.0118,-1.3603,-1.0800,-1.1408,0.1642
1.0560,dirt,0.786,0.400,0.3206,0.4181,-0.0299,0.0496,1.8883,0.3078,-1.1106,-1.4511,-0.8378,-1.2642,0.1613
1.0680,dirt,0.786,0.400,0.3145,0.3513,0.0955,0.0571,1.7032,0.3678,-1.1132,-1.6479,-0.7724,-1.4298,0.1585
1.0800,dirt,0.786,0.400,0.3082,0.4289,0.0676,0.0630,0.8956,0.1339,-1.2068,-1.8324,-0.7249,-1.5043,0.1554
1.0920,dirt,0.786,0.400,0.3017,0.4295,0.0571,0.0679,1.0523,0.7758,-1.3093,-1.9621,-0.7906,-1.5644,0.1522
1.1040,dirt,0.786,0.400,0.2950,0.4957,0.1286,0.0693,2.2159,0.5271,-1.3404,-2.2982,-0.8405,-1.5360,0.1489
1.1160,dirt,0.786,0.400,0.2881,0.4661,0.2169,0.0711,1.1884,0.6748,-1.3806,-2.5272,-1.0373,-1.4080,0.1459
1.1280,dirt,0.786,0.400,0.2811,0.4512,0.1107,0.0741,1.5605,0.8852,-1.3485,-2.7021,-1.1679,-1.4755,0.1429
1.1400,dirt,0.786,0.400,0.2738,0.4260,0.0366,0.0764,0.8929,0.2960,-1.3538,-3.3574,-0.9901,-1.5580,0.1400
1.1520,dirt,0.786,0.400,0.2664,0.5073,0.1470,0.0798,0.8687,0.2851,-1.3491,-4.1213,-1.1157,-1.3977,0.1364
1.1640,dirt,0.786,0.400,0.2588,0.5035,0.0127,0.0798,0.5703,0.0481,-1.3714,-4.8878,-1.1541,-1.6033,0.1321
1.1760,dirt,0.786,0.400,0.2511,0.5099,0.0384,0.0792,1.0488,-0.0966,-1.5020,-4.9824,-1.1397,-1.7995,0.1275
1.1880,dirt,0.786,0.400,0.2432,0.5989,0.0475,0.0767,1.3681,0.3844,-1.8966,-4.9772,-1.3560,-1.6592,0.1233
1.2000,dirt,0.786,0.400,0.2351,0.5181,0.1175,0.0770,1.4352,0.1246,-2.1806,-5.1550,-1.1534,-1.6660,0.1205
1.2120,dirt,0.786,0.400,0.2269,0.5522,0.0506,0.0753,1.8475,0.3065,-2.2264,-5.5359,-1.2237,-1.7341,0.1170
1.2240,dirt,0.786,0.400,0.2186,0.5940,0.1389,0.0748,1.4768,0.2542,-2.4161,-5.6554,-1.3026,-1.7190,0.1119
1.2360,dirt,0.786,0.400,0.2101,0.6054,0.1032,0.0750,1.6355,-0.2210,-2.2987,-5.9914,-1.3137,-1.8999,0.1065
1.2480,dirt,0.786,0.400,0.2014,0.6398,0.0992,0.0705,1.6255,0.4550,-2.4247,-6.1806,-1.3170,-1.9272,0.1024
1.2600,dirt,0.786,0.400,0.1927,0.5981,0.0211,0.0705,1.1648,0.0180,-2.7094,-6.2792,-1.3642,-2.1715,0.0994
1.2720,dirt,0.786,0.400,0.1838,0.6566,0.1492,0.0639,1.3385,-0.2143,-2.3350,-7.0140,-1.4947,-2.3914,0.0954
1.2840,dirt,0.786,0.400,0.1748,0.6728,0.0932,0.0635,1.9504,0.6223,-2.3286,-7.0434,-1.4178,-2.4542,0.0911
1.2960,dirt,0.786,0.400,0.1658,0.6797,0.1341,0.0652,0.9050,-0.0044,-2.3813,-7.4852,-1.4515,-2.6937,0.0873
1.3080,dirt,0.786,0.400,0.1565,0.7823,0.0323,0.0677,1.7780,0.4958,-2.4596,-7.5095,-1.5308,-2.6615,0.0824
1.3200,dirt,0.786,0.400,0.1472,0.6844,0.0698,0.0668,1.4756,0.1297,-2.5116,-7.4786,-1.5462,-2.6392,0.0775
1.3320,dirt,0.786,0.400,0.1379,0.7544,0.1093,0.0662,1.8213,0.0657,-2.4587,-7.6026,-1.6067,-2.5955,0.0723
1.3440,dirt,0.786,0.400,0.1284,0.7856,0.0709,0.0654,1.9348,0.1058,-2.6275,-7.7764,-1.6663,-2.7474,0.0674
1.3560,dirt,0.786,0.400,0.1188,0.7257,0.1310,0.0659,1.4022,-0.2345,-2.5436,-8.0112,-1.6558,-2.9875,0.0639
1.3680,dirt,0.786,0.400,0.1092,0.8643,0.1211,0.0648,1.6540,0.2288,-2.5812,-8.0606,-1.8007,-2.9193,0.0609
1.3800,dirt,0.786,0.400,0.0995,0.8371,0.1199,0.0683,1.8027,-0.1181,-2.8393,-7.8423,-1.8071,-2.9206,0.0545
1.3920,dirt,0.786,0.400,0.0897,0.9407,0.0294,0.0690,1.8487,-0.1795,-2.9251,-7.8656,-1.9281,-2.9538,0.0479
1.4040,dirt,0.786,0.400,0.0799,0.9058,0.1943,0.0636,1.5983,-0.3979,-2.9139,-8.1324,-1.9036,-3.0159,0.0444
1.4160,dirt,0.786,0.400,0.0700,0.9093,0.1591,0.0627,1.9857,-0.4201,-2.8303,-8.4249,-1.9980,-3.1258,0.0388
1.4280,dirt,0.786,0.400,0.0601,0.8219,0.1631,0.0590,2.0864,-0.0715,-2.9573,-8.7941,-2.0078,-3.1467,0.0330
1.4400,dirt,0.786,0.400,0.0501,0.9140,0.1158,0.0586,1.5956,-0.0539,-2.9725,-8.9873,-2.0241,-3.2646,0.0289
1.4520,dirt,0.786,0.400,0.0401,1.0153,0.0958,0.0611,1.5023,-0.7683,-2.8920,-9.4268,-2.0613,-3.2879,0.0249
1.4640,dirt,0.786,0.400,0.0301,0.9198,0.0026,0.0639,1.5536,0.1498,-2.9190,-9.8536,-2.0918,-3.3206,0.0201
1.4760,dirt,0.786,0.400,0.0201,1.0061,0.1353,0.0615,1.7301,-0.5514,-2.9141,-10.1605,-2.1732,-3.2026,0.0138
1.4880,dirt,0.786,0.400,0.0101,1.0589,0.0693,0.0601,1.4367,-0.1204,-3.1106,-10.2194,-2.3088,-3.1362,0.0094
1.5000,dirt,0.786,0.400,0.0000,1.0769,0.0747,0.0567,1.8655,-0.2869,-3.1754,-10.5236,-2.3673,-3.1597,0.0050
1.5120,dirt,0.786,0.400,-0.0101,1.0577,0.0890,0.0592,1.5459,-0.1007,-3.2291,-10.6070,-2.5625,-3.1083,-0.0008
1.5240,dirt,0.786,0.400,-0.0201,1.1399,-0.0326,0.0546,1.5817,-0.2446,-3.1292,-10.8514,-2.5763,-3.2741,-0.0052
1.5360,dirt,0.786,0.400,-0.0301,1.0959,0.0973,0.0565,1.7470,-0.2352,-3.2640,-11.0251,-2.4709,-3.5351,-0.0097
1.5480,dirt,0.786,0.400,-0.0401,1.1576,0.0471,0.0560,1.9122,-0.1402,-3.2683,-11.1559,-2.4150,-3.5658,-0.0145
1.5600,dirt,0.786,0.400,-0.0501,1.0513,0.0732,0.0598,1.4511,-0.1086,-3.4140,-11.1389,-2.4932,-3.7013,-0.0201
1.5720,dirt,0.786,0.400,-0.0601,1.1748,0.1074,0.0563,1.5343,-0.3547,-3.5288,-11.2895,-2.6515,-3.5540,-0.0260
1.5840,dirt,0.786,0.400,-0.0700,1.3034,0.1229,0.0557,1.6737,0.3014,-3.7365,-11.3359,-2.8465,-3.5156,-0.0306
1.5960,dirt,0.786,0.400,-0.0799,1.2245,-0.0451,0.0519,1.5823,-0.2925,-3.8128,-11.3739,-3.0060,-3.6471,-0.0344
1.6080,dirt,0.786,0.400,-0.0897,1.1425,-0.0583,0.0514,1.8212,-0.1135,-3.8579,-11.4688,-2.9445,-3.7911,-0.0393
1.6200,dirt,0.786,0.400,-0.0995,1.2461,0.0494,0.0536,1.2838,0.3099,-4.1103,-11.4691,-2.9726,-3.8579,-0.0437
1.6320,dirt,0.786,0.400,-0.1092,1.2295,0.1139,0.0530,2.0454,-0.2240,-4.1256,-11.3475,-3.0225,-3.7132,-0.0488
1.6440,dirt,0.786,0.400,-0.1188,1.3070,-0.0088,0.0523,1.5308,-0.1731,-4.0960,-11.6296,-3.0502,-3.7419,-0.0546
1.6560,dirt,0.786,0.400,-0.1284,1.3280,0.0282,0.0510,1.6567,-0.5205,-4.0863,-11.7469,-3.2504,-3.6735,-0.0591
1.6680,dirt,0.786,0.400,-0.1379,1.2773,0.0509,0.0470,1.6260,-0.5784,-4.0081,-11.8204,-3.3526,-3.8654,-0.0642
1.6800,dirt,0.786,0.400,-0.1472,1.3146,0.1002,0.0449,1.7663,-0.3854,-3.8841,-12.0201,-3.3216,-3.9327,-0.0694
1.6920,dirt,0.786,0.400,-0.1565,1.3371,0.0890,0.0458,2.0519,0.4717,-4.0361,-11.9527,-3.3632,-3.8501,-0.0735
1.7040,dirt,0.786,0.400,-0.1658,1.3072,-0.0104,0.0451,1.7001,-0.2016,-4.1976,-11.9670,-3.3262,-3.8453,-0.0770
1.7160,dirt,0.786,0.400,-0.1748,1.4329,0.0648,0.0437,1.9890,-0.4510,-4.3907,-12.0437,-3.3889,-3.9019,-0.0820
1.7280,dirt,0.786,0.400,-0.1838,1.4318,0.1048,0.0387,1.7914,-0.5979,-4.4101,-12.2594,-3.4222,-4.0494,-0.0857
1.7400,dirt,0.786,0.400,-0.1927,1.3535,0.1141,0.0388,1.8417,-0.2149,-4.3296,-12.4454,-3.3526,-4.0080,-0.0916
1.7520,dirt,0.786,0.400,-0.2014,1.4657,0.0710,0.0373,1.6588,0.5856,-4.5577,-12.2984,-3.4491,-3.9613,-0.0965
1.7640,dirt,0.786,0.400,-0.2101,1.3714,0.0464,0.0368,2.3802,0.0409,-4.6879,-12.3619,-3.4515,-3.9608,-0.1007
1.7760,dirt,0.786,0.400,-0.2186,1.4181,0.0276,0.0323,1.9715,-0.2026,-4.7451,-12.4235,-3.5036,-4.1242,-0.1043
1.7880,dirt,0.786,0.400,-0.2269,1.5585,0.0421,0.0280,1.4628,-0.4417,-4.7692,-12.4715,-3.6757,-4.1299,-0.1085
1.8000,dirt,0.786,0.400,-0.2351,1.6042,0.0731,0.0264,1.7937,-0.3437,-4.7312,-12.4022,-3.7222,-4.0968,-0.1127
1.8120,dirt,0.786,0.400,-0.2432,1.5789,-0.0143,0.0251,2.4348,0.2388,-4.8265,-12.3145,-3.7618,-4.1177,-0.1162
1.8240,dirt,0.786,0.400,-0.2511,1.6672,-0.0306,0.0230,1.3312,0.0732,-5.0746,-12.3342,-3.8151,-4.2452,-0.1200
1.8360,dirt,0.786,0.400,-0.2588,1.7045,0.0363,0.0241,1.5373,-0.2774,-4.9424,-12.3757,-3.9011,-4.4051,-0.1238
1.8480,dirt,0.786,0.400,-0.2664,1.6158,0.0097,0.0187,1.7518,-0.1584,-4.8708,-12.3470,-3.8838,-4.4368,-0.1284
1.8600,dirt,0.786,0.400,-0.2738,1.5618,0.0529,0.0179,1.4880,0.2729,-5.0412,-12.1670,-3.9673,-4.4147,-0.1326
1.8720,dirt,0.786,0.400,-0.2811,1.6372,0.0983,0.0172,1.4636,-0.4591,-5.1392,-12.2407,-3.9598,-4.5437,-0.1366
1.8840,dirt,0.786,0.400,-0.2881,1.8124,0.0661,0.0142,2.0508,-0.4965,-5.0992,-12.2155,-3.9934,-4.7659,-0.1399
1.8960,dirt,0.786,0.400,-0.2950,1.6730,-0.0381,0.0098,1.4676,-0.0980,-4.9959,-12.2590,-4.0873,-4.7472,-0.1430
1.9080,dirt,0.786,0.400,-0.3017,1.7270,-0.0249,0.0075,1.6980,0.1538,-5.1219,-12.1035,-4.1480,-4.6768,-0.1460
1.9200,dirt,0.786,0.400,-0.3082,1.7356,-0.0754,0.0074,1.7480,-0.6064,-5.1494,-12.1540,-4.1401,-4.8561,-0.1492
1.9320,dirt,0.786,0.400,-0.3145,1.7277,-0.0064,0.0014,1.3514,-0.3779,-5.0252,-12.2910,-4.2408,-4.8726,-0.1531
1.9440,dirt,0.786,0.400,-0.3206,1.7448,-0.0319,-0.0015,1.1898,-0.0853,-5.0051,-12.3317,-4.2606,-4.8381,-0.1563
1.9560,dirt,0.786,0.400,-0.3265,1.7123,0.0194,-0.0025,1.9470,0.1129,-5.1400,-12.2779,-4.3660,-4.7412,-0.1584
1.9680,dirt,0.786,0.400,-0.3322,1.8210,0.0201,-0.0062,1.5155,-0.3979,-5.1628,-12.3460,-4.3863,-4.8724,-0.1608
1.9800,dirt,0.786,0.400,-0.3377,1.8761,-0.0450,-0.0080,1.2997,-0.4236,-5.0761,-12.4496,-4.4557,-4.8765,-0.1663
1.9920,dirt,0.786,0.400,-0.3430,1.8612,-0.0388,-0.0120,1.5517,0.0115,-5.2136,-12.4009,-4.5163,-4.7900,-0.1680
2.0040,dirt,0.786,0.400,-0.3481,1.8678,0.0490,-0.0150,1.5484,-0.3281,-5.2046,-12.5098,-4.4885,-4.9342,-0.1685
2.0160,dirt,0.786,0.400,-0.3529,1.9980,-0.0386,-0.0155,1.4162,-0.3280,-5.1402,-12.6322,-4.5667,-5.0628,-0.1713
2.0280,dirt,0.786,0.400,-0.3575,1.9069,0.0267,-0.0221,1.5703,-0.0557,-5.1148,-12.6860,-4.5326,-5.1661,-0.1749
2.0400,dirt,0.786,0.400,-0.3619,1.9391,-0.0080,-0.0240,1.4212,0.1758,-5.2598,-12.6698,-4.5770,-5.1195,-0.1769
2.0520,dirt,0.786,0.400,-0.3661,2.0047,0.0146,-0.0238,1.1966,-0.3273,-5.2363,-12.7715,-4.5839,-5.2467,-0.1782
2.0640,dirt,0.786,0.400,-0.3700,1.9840,-0.0543,-0.0270,1.3270,-0.6223,-5.1475,-12.9198,-4.5656,-5.4237,-0.1801
2.0760,dirt,0.786,0.400,-0.3737,1.9608,-0.0349,-0.0280,1.0130,0.1986,-5.2573,-12.9029,-4.6499,-5.3802,-0.1820
2.0880,dirt,0.786,0.400,-0.3772,1.9795,0.0313,-0.0274,1.5741,-0.3493,-5.2853,-12.9137,-4.7191,-5.3603,-0.1837
2.1000,dirt,0.786,0.400,-0.3804,2.0928,-0.0750,-0.0318,1.1410,-0.7043,-5.2272,-13.0568,-4.7435,-5.5173,-0.1858
2.1120,dirt,0.786,0.400,-0.3834,2.0914,-0.0068,-0.0299,0.4621,0.2348,-5.3313,-13.0322,-4.7327,-5.6655,-0.1872
2.1240,dirt,0.786,0.400,-0.3862,2.0113,-0.1347,-0.0325,1.5128,-0.1646,-5.3991,-13.0125,-4.8081,-5.5461,-0.1883
2.1360,dirt,0.786,0.400,-0.3887,2.0325,-0.1467,-0.0348,1.3525,-0.5096,-5.4035,-13.0700,-4.8849,-5.6343,-0.1899
2.1480,dirt,0.786,0.400,-0.3909,2.0576,-0.1230,-0.0406,1.0920,-0.3331,-5.3800,-13.2364,-4.8072,-5.8196,-0.1916
2.1600,dirt,0.786,0.400,-0.3929,2.1676,-0.0762,-0.0388,1.4623,-0.1843,-5.4968,-13.2625,-4.8474,-5.8134,-0.1922
2.1720,dirt,0.786,0.400,-0.3947,2.1264,-0.1446,-0.0388,1.4789,-0.4716,-5.5645,-13.2180,-4.9520,-5.8684,-0.1924
2.1840,dirt,0.786,0.400,-0.3962,2.1131,-0.1030,-0.0395,1.5302,-0.7165,-5.5868,-13.2460,-4.9463,-6.0654,-0.1932
2.1960,dirt,0.786,0.400,-0.3974,2.1773,-0.0229,-0.0393,1.6286,-0.6867,-5.5978,-13.3203,-4.9560,-6.1805,-0.1944
2.2080,dirt,0.786,0.400,-0.3985,2.1886,0.0318,-0.0415,1.0672,-0.0483,-5.6116,-13.4160,-5.0774,-6.1294,-0.1954
2.2200,dirt,0.786,0.400,-0.3992,2.1606,-0.0667,-0.0434,1.1213,-0.6079,-5.6784,-13.3521,-5.0449,-6.2341,-0.1958
2.2320,dirt,0.786,0.400,-0.3997,2.2256,-0.0933,-0.0441,1.5010,-0.5816,-5.7028,-13.4011,-5.0540,-6.2494,-0.1959
2.2440,dirt,0.786,0.400,-0.4000,2.1974,-0.1253,-0.0435,1.2148,-0.2422,-5.8155,-13.3994,-5.1787,-6.2270,-0.1959
2.2560,dirt,0.786,0.400,-0.4000,2.2135,-0.0395,-0.0452,1.7934,0.0021,-5.8701,-13.2433,-5.2581,-6.2171,-0.1960
2.2680,dirt,0.786,0.400,-0.3997,2.2515,-0.1330,-0.0451,1.2937,-0.3991,-5.9133,-13.2581,-5.2425,-6.2391,-0.1965
2.2800,dirt,0.786,0.400,-0.3992,2.3009,-0.2047,-0.0453,1.4913,-0.3221,-6.0115,-13.2710,-5.3667,-6.1098,-0.1967
2.2920,dirt,0.786,0.400,-0.3985,2.3133,-0.1280,-0.0495,1.7892,-0.3551,-6.0316,-13.2217,-5.4465,-6.1018,-0.1961
2.3040,dirt,0.786,0.400,-0.3974,2.3038,-0.0587,-0.0477,1.0702,-0.5685,-6.0263,-13.2914,-5.4139,-6.1204,-0.1953
2.3160,dirt,0.786,0.400,-0.3962,2.2736,-0.0908,-0.0486,1.5140,-0.0098,-6.1086,-13.1787,-5.5500,-6.0141,-0.1952
2.3280,dirt,0.786,0.400,-0.3947,2.3636,-0.1024,-0.0514,1.2692,-0.6844,-6.1488,-13.1737,-5.5921,-6.0573,-0.1950
2.3400,dirt,0.786,0.400,-0.3929,2.3418,-0.0661,-0.0539,1.6478,-0.3491,-6.2014,-13.2015,-5.5049,-6.0899,-0.1938
2.3520,dirt,0.786,0.400,-0.3909,2.3491,-0.2087,-0.0536,1.3469,-0.4269,-6.2361,-13.1145,-5.6420,-6.0174,-0.1922
2.3640,dirt,0.786,0.400,-0.3887,2.3812,-0.1241,-0.0540,1.2425,-0.3558,-6.2354,-13.0577,-5.6279,-6.1281,-0.1913
2.3760,dirt,0.786,0.400,-0.3862,2.4114,-0.1762,-0.0556,1.2955,-0.6667,-6.2959,-13.0757,-5.5815,-6.1819,-0.1907
2.3880,dirt,0.786,0.400,-0.3834,2.3972,-0.0760,-0.0551,1.2695,-0.0696,-6.4053,-12.8882,-5.6904,-6.1612,-0.1892
2.4000,dirt,0.786,0.400,-0.3804,2.4404,-0.1577,-0.0585,1.0002,-0.4905,-6.4282,-12.9109,-5.5996,-6.2784,-0.1873
2.4120,dirt,0.786,0.400,-0.3772,2.4189,-0.2168,-0.0587,1.2925,-0.2108,-6.4014,-12.9148,-5.7228,-6.2149,-0.1857
2.4240,dirt,0.786,0.400,-0.3737,2.4612,-0.0623,-0.0573,1.4263,0.1016,-6.5429,-12.6935,-5.9017,-6.1861,-0.1847
2.4360,dirt,0.786,0.400,-0.3700,2.5350,-0.1308,-0.0594,1.4506,-0.7388,-6.6257,-12.6697,-5.7566,-6.3411,-0.1831
2.4480,dirt,0.786,0.400,-0.3661,2.4194,-0.0772,-0.0626,1.4371,0.0692,-6.6434,-12.6367,-5.8862,-6.2553,-0.1813
2.4600,dirt,0.786,0.400,-0.3619,2.3872,-0.1272,-0.0635,1.3995,-0.6715,-6.6963,-12.4956,-5.9364,-6.3308,-0.1790
2.4720,dirt,0.786,0.400,-0.3575,2.4598,-0.0788,-0.0607,1.1115,-0.4931,-6.8178,-12.4700,-5.8889,-6.4551,-0.1765
2.4840,dirt,0.786,0.400,-0.3529,2.4691,-0.0617,-0.0651,1.2229,-0.1139,-6.8266,-12.2319,-6.0954,-6.3523,-0.1750
2.4960,dirt,0.786,0.400,-0.3481,2.5873,-0.1079,-0.0652,0.7187,-0.3910,-6.8752,-12.1426,-6.0872,-6.5239,-0.1729
2.5080,dirt,0.786,0.400,-0.3430,2.5241,-0.1982,-0.0663,1.4600,0.1627,-7.0389,-11.9426,-6.1201,-6.5130,-0.1699
2.5200,dirt,0.786,0.400,-0.3377,2.5824,-0.2127,-0.0647,1.5271,0.1073,-7.1418,-11.6385,-6.2870,-6.4851,-0.1671
2.5320,dirt,0.786,0.400,-0.3322,2.5611,-0.1260,-0.0657,1.3807,-0.5865,-7.2584,-11.6180,-6.1914,-6.6894,-0.1651
2.5440,dirt,0.786,0.400,-0.3265,2.6084,-0.2004,-0.0688,1.3851,-0.2649,-7.2808,-11.5018,-6.3749,-6.5845,-0.1630
2.5560,dirt,0.786,0.400,-0.3206,2.6207,-0.2164,-0.0717,1.6133,-0.0551,-7.4141,-11.3418,-6.4358,-6.6602,-0.1598
2.5680,dirt,0.786,0.400,-0.3145,2.6056,-0.1401,-0.0705,1.6312,-0.2478,-7.5669,-11.2900,-6.4171,-6.7207,-0.1572
2.5800,dirt,0.786,0.400,-0.3082,2.5913,-0.1215,-0.0702,1.4423,0.0093,-7.6697,-11.0304,-6.5928,-6.6598,-0.1541
2.5920,dirt,0.786,0.400,-0.3017,2.7260,-0.2443,-0.0705,1.3336,-0.5462,-7.8378,-10.9676,-6.5559,-6.7963,-0.1508
2.6040,dirt,0.786,0.400,-0.2950,2.7240,-0.1387,-0.0709,1.2845,-0.2179,-7.8751,-10.8239,-6.6420,-6.7301,-0.1478
2.6160,dirt,0.786,0.400,-0.2881,2.7408,-0.1255,-0.0712,1.5184,0.1801,-8.0301,-10.6348,-6.7615,-6.7590,-0.1445
2.6280,dirt,0.786,0.400,-0.2811,2.6655,-0.1936,-0.0718,1.5460,-0.1145,-8.1667,-10.6038,-6.6891,-6.9440,-0.1414
2.6400,dirt,0.786,0.400,-0.2738,2.8066,-0.1718,-0.0763,1.4384,-0.2355,-8.2143,-10.4363,-6.8422,-6.8697,-0.1390
2.6520,dirt,0.786,0.400,-0.2664,2.8287,-0.2025,-0.0774,1.2478,-0.4353,-8.2145,-10.4211,-6.7604,-7.0146,-0.1349
2.6640,dirt,0.786,0.400,-0.2588,2.7641,-0.1307,-0.0764,1.5463,-0.3698,-8.2123,-10.3343,-6.8651,-6.9733,-0.1304
2.6760,dirt,0.786,0.400,-0.2511,2.6660,-0.2513,-0.0785,1.5465,0.3181,-8.2464,-10.1586,-6.9048,-7.0456,-0.1265
2.6880,dirt,0.786,0.400,-0.2432,2.7546,-0.2300,-0.0791,1.5925,0.0822,-8.2508,-10.0705,-6.9421,-7.1785,-0.1231
2.7000,dirt,0.786,0.400,-0.2351,2.9216,-0.0976,-0.0804,1.8372,-0.1479,-8.3190,-9.7662,-7.0870,-7.1524,-0.1198
2.7120,dirt,0.786,0.400,-0.2269,2.9332,-0.2381,-0.0782,1.4674,-0.2573,-8.3982,-9.6253,-7.0220,-7.3403,-0.1157
2.7240,dirt,0.786,0.400,-0.2186,2.8704,-0.1922,-0.0810,1.2889,-0.0195,-8.3005,-9.5522,-7.1865,-7.3964,-0.1107
2.7360,dirt,0.786,0.400,-0.2101,2.9395,-0.1444,-0.0826,1.7307,-0.2916,-8.4334,-9.4059,-7.3358,-7.3680,-0.1065
2.7480,dirt,0.786,0.400,-0.2014,2.8607,-0.0536,-0.0824,1.5744,0.2365,-8.3171,-9.3442,-7.5558,-7.4685,-0.1030
2.7600,dirt,0.786,0.400,-0.1927,2.8403,-0.1696,-0.0828,1.7963,-0.0981,-8.2638,-9.2811,-7.8234,-7.5854,-0.0992
2.7720,dirt,0.786,0.400,-0.1838,2.9985,-0.1568,-0.0846,1.4645,-0.0927,-8.0858,-9.3257,-8.0874,-7.7246,-0.0951
2.7840,dirt,0.786,0.400,-0.1748,2.9226,-0.1263,-0.0843,1.4172,-0.1925,-7.9487,-9.2828,-8.1666,-7.9604,-0.0901
2.7960,dirt,0.786,0.400,-0.1658,2.9428,-0.1555,-0.0854,0.9395,0.3392,-7.8209,-9.3165,-8.2886,-8.2108,-0.0857
2.8080,dirt,0.786,0.400,-0.1565,3.0487,-0.1579,-0.0872,1.4318,-0.0135,-7.6703,-9.2250,-8.4443,-8.2902,-0.0809
2.8200,dirt,0.786,0.400,-0.1472,3.0251,-0.0889,-0.0888,1.2281,-0.0004,-7.6806,-9.1296,-8.7449,-8.3054,-0.0756
2.8320,dirt,0.786,0.400,-0.1379,3.1038,-0.1006,-0.0914,1.4337,0.0788,-7.5589,-9.0017,-9.1229,-8.4499,-0.0710
2.8440,dirt,0.786,0.400,-0.1284,2.9890,-0.1542,-0.0900,0.8943,0.2310,-7.5489,-8.8580,-9.5092,-8.5496,-0.0668
2.8560,dirt,0.786,0.400,-0.1188,2.9179,-0.1068,-0.0880,0.6825,-0.4180,-7.3838,-8.6821,-9.9553,-8.6078,-0.0621
2.8680,dirt,0.786,0.400,-0.1092,3.0459,-0.0732,-0.0866,0.5459,0.2906,-7.3394,-8.4694,-10.5195,-8.5091,-0.0572
2.8800,dirt,0.786,0.400,-0.0995,3.0120,-0.0669,-0.0847,0.5058,0.2108,-7.1110,-8.2844,-11.0758,-8.5164,-0.0519
2.8920,dirt,0.786,0.400,-0.0897,2.9912,-0.1087,-0.0827,0.4437,0.3219,-7.0463,-8.0703,-11.4098,-8.6354,-0.0461
2.9040,dirt,0.786,0.400,-0.0799,3.0446,-0.1577,-0.0785,1.3972,-2.0283,-7.0815,-8.1156,-7.7334,-10.0472,-0.0411
2.9160,dirt,0.786,0.400,-0.0700,3.1176,-0.1279,-0.0554,2.1894,-3.9924,-7.6026,-8.5963,-7.0935,-8.4115,-0.0363
2.9280,dirt,0.786,0.400,-0.0601,3.0304,-0.0895,-0.0592,1.1299,0.5417,-8.2349,-9.3021,-7.1519,-6.9906,-0.0311
2.9400,dirt,0.786,0.400,-0.0501,3.1079,-0.0962,-0.0597,0.8555,0.2753,-8.6926,-9.7504,-7.2218,-6.8298,-0.0258
2.9520,dirt,0.786,0.400,-0.0401,3.0629,-0.1659,-0.0595,0.4273,-0.3522,-8.9531,-10.2191,-6.9762,-6.6799,-0.0206
2.9640,dirt,0.786,0.400,-0.0301,3.2563,-0.2286,-0.0522,0.9362,-0.8465,-9.0386,-10.3780,-6.9872,-6.7565,-0.0160
2.9760,dirt,0.786,0.400,-0.0201,3.0817,-0.0970,-0.0526,1.5019,0.3323,-9.2047,-10.5812,-6.8727,-6.6891,-0.0107
2.9880,dirt,0.786,0.400,-0.0101,3.1686,-0.1005,-0.0526,0.9261,-0.0608,-9.2388,-10.6319,-7.0713,-6.5012,-0.0051
3.0000,dirt,0.786,0.400,0.0000,3.1937,-0.0849,-0.0529,0.7702,-0.1036,-9.3733,-10.7455,-6.8668,-6.7174,-0.0005
3.0120,dirt,0.786,0.400,0.0101,3.1911,-0.1361,-0.0514,0.8047,0.1689,-9.3992,-10.6711,-6.9581,-6.7462,0.0040
3.0240,dirt,0.786,0.400,0.0201,3.1870,-0.1676,-0.0498,0.9838,-0.0122,-9.3908,-10.7071,-7.0141,-6.7456,0.0084
3.0360,dirt,0.786,0.400,0.0301,3.1807,0.0255,-0.0494,1.2642,-0.1628,-9.2577,-10.5552,-7.0332,-6.7898,0.0131
3.0480,dirt,0.786,0.400,0.0401,3.2998,-0.1133,-0.0462,1.1182,-0.1700,-9.2019,-10.5439,-7.0851,-6.9157,0.0178
3.0600,dirt,0.786,0.400,0.0501,3.2364,-0.0374,-0.0464,1.5378,0.3581,-8.9815,-10.3524,-7.1826,-7.0409,0.0223
3.0720,dirt,0.786,0.400,0.0601,3.2315,-0.0754,-0.0420,1.6096,0.2979,-8.8469,-10.2370,-7.2502,-7.1992,0.0273
3.0840,dirt,0.786,0.400,0.0700,3.2348,-0.0703,-0.0425,1.5956,0.1809,-8.6968,-9.9476,-7.2429,-7.2254,0.0324
3.0960,dirt,0.786,0.400,0.0799,3.2448,-0.1970,-0.0384,1.3691,0.3462,-8.6857,-9.8119,-7.4643,-7.4395,0.0370
3.1080,dirt,0.786,0.400,0.0897,3.2573,-0.0672,-0.0331,1.6145,0.7154,-8.5676,-9.5114,-7.4392,-7.6113,0.0421
3.1200,dirt,0.786,0.400,0.0995,3.2800,-0.0723,-0.0317,1.5395,0.4439,-8.6201,-9.3357,-7.6208,-7.6958,0.0465
3.1320,dirt,0.786,0.400,0.1092,3.3811,-0.0122,-0.0300,1.4405,0.5300,-8.5200,-9.1353,-7.6640,-8.0094,0.0508
3.1440,dirt,0.786,0.400,0.1188,3.2697,-0.0669,-0.0242,1.2961,0.4201,-8.5649,-9.0168,-7.8845,-8.0838,0.0558
3.1560,dirt,0.786,0.400,0.1284,3.3973,-0.0027,-0.0253,0.8514,0.4990,-8.4094,-8.9815,-7.9648,-8.3121,0.0611
3.1680,dirt,0.786,0.400,0.1379,3.3522,0.0422,-0.0203,0.9207,0.5670,-8.4087,-8.9714,-8.1589,-8.4014,0.0657
3.1800,dirt,0.786,0.400,0.1472,3.3502,0.0048,-0.0182,0.9790,-0.0181,-8.3463,-9.0260,-8.2556,-8.4867,0.0702
3.1920,dirt,0.786,0.400,0.1565,3.3851,-0.0075,-0.0133,0.8721,0.4667,-8.4001,-9.0990,-8.2659,-8.5872,0.0754
3.2040,dirt,0.786,0.400,0.1658,3.3542,0.0271,-0.0131,1.0318,0.3570,-8.3267,-9.1916,-8.4519,-8.6411,0.0798
3.2160,dirt,0.786,0.400,0.1748,3.3670,-0.0483,-0.0109,0.6089,0.2653,-8.3397,-9.2522,-8.4873,-8.6666,0.0839
3.2280,dirt,0.786,0.400,0.1838,3.3666,-0.0397,-0.0047,0.8065,0.1600,-8.3105,-9.3542,-8.5012,-8.6918,0.0891
3.2400,dirt,0.786,0.400,0.1927,3.4202,0.0444,-0.0018,1.0276,0.3911,-8.3799,-9.4664,-8.4412,-8.6571,0.0938
3.2520,dirt,0.786,0.400,0.2014,3.5120,0.0439,0.0016,1.0776,-0.1579,-8.3826,-9.5887,-8.4020,-8.6743,0.0982
3.2640,dirt,0.786,0.400,0.2101,3.4950,-0.0526,0.0027,1.0727,0.2251,-8.4578,-9.7330,-8.4193,-8.5545,0.1029
3.2760,dirt,0.786,0.400,0.2186,3.4884,0.0035,0.0056,0.9590,0.6122,-8.4550,-9.8765,-8.2876,-8.6006,0.1073
3.2880,dirt,0.786,0.400,0.2269,3.4732,0.0156,0.0117,1.1502,0.4841,-8.5642,-9.9510,-8.3300,-8.4300,0.1115
3.3000,dirt,0.786,0.400,0.2351,3.4603,-0.0015,0.0170,1.2136,0.0070,-8.5864,-10.1216,-8.2302,-8.4028,0.1153
3.3120,dirt,0.786,0.400,0.2432,3.5487,-0.0083,0.0184,1.2206,0.6075,-8.6853,-10.2059,-8.2214,-8.2164,0.1197
3.3240,dirt,0.786,0.400,0.2511,3.4869,0.0273,0.0232,1.1072,0.1919,-8.7188,-10.3269,-8.1775,-8.1828,0.1242
3.3360,dirt,0.786,0.400,0.2588,3.4827,0.0231,0.0239,1.2440,0.3454,-8.8127,-10.4238,-8.1443,-8.0798,0.1281
3.3480,dirt,0.786,0.400,0.2664,3.4829,0.0680,0.0305,1.3404,0.2622,-8.8582,-10.4831,-8.1361,-7.9898,0.1315
3.3600,dirt,0.786,0.400,0.2738,3.4989,0.0163,0.0342,1.2553,0.6292,-8.9680,-10.5172,-8.0916,-7.9546,0.1347
3.3720,dirt,0.786,0.400,0.2811,3.5749,0.0223,0.0374,1.2968,0.0300,-8.8953,-10.5736,-8.0136,-7.9892,0.1391
3.3840,dirt,0.786,0.400,0.2881,3.6234,0.1252,0.0389,1.1680,0.4347,-8.9879,-10.6356,-7.9860,-7.9895,0.1428
3.3960,dirt,0.786,0.400,0.2950,3.5858,-0.1071,0.0422,0.8699,0.3916,-8.9832,-10.6411,-7.9025,-8.0418,0.1456
3.4080,dirt,0.786,0.400,0.3017,3.6268,0.0469,0.0466,1.1432,0.5999,-9.0828,-10.6303,-7.9911,-7.9921,0.1492
3.4200,dirt,0.786,0.400,0.3082,3.6429,0.0608,0.0505,1.2404,0.3145,-9.0563,-10.6385,-7.9884,-8.0356,0.1526
3.4320,dirt,0.786,0.400,0.3145,3.5300,0.0865,0.0562,1.1454,0.5954,-9.1252,-10.5937,-7.9477,-8.1277,0.1552
3.4440,dirt,0.786,0.400,0.3206,3.6839,0.1101,0.0583,1.1181,0.1385,-9.1087,-10.5994,-7.9430,-8.1267,0.1580
3.4560,dirt,0.786,0.400,0.3265,3.7326,0.0373,0.0582,1.0907,1.0562,-9.1541,-10.5357,-7.9142,-8.2188,0.1611
3.4680,dirt,0.786,0.400,0.3322,3.6612,0.0798,0.0673,0.9842,0.8453,-9.1329,-10.5692,-8.0082,-8.2017,0.1638
3.4800,dirt,0.786,0.400,0.3377,3.7405,0.0278,0.0676,1.0843,0.3464,-9.0310,-10.5380,-8.0031,-8.2581,0.1667
3.4920,dirt,0.786,0.400,0.3430,3.6907,0.1067,0.0708,1.0948,0.6026,-9.0312,-10.4723,-8.0580,-8.2349,0.1693
3.5040,dirt,0.786,0.400,0.3481,3.7379,0.0578,0.0757,0.8654,0.5797,-8.9737,-10.4548,-8.0622,-8.3120,0.1718
3.5160,dirt,0.786,0.400,0.3529,3.7602,0.0307,0.0778,1.1675,0.6174,-9.0836,-10.3101,-8.1129,-8.2918,0.1743
3.5280,dirt,0.786,0.400,0.3575,3.7891,0.1280,0.0839,1.3768,0.5504,-8.9434,-10.2924,-8.1970,-8.3343,0.1767
3.5400,dirt,0.786,0.400,0.3619,3.7782,0.1113,0.0889,0.6268,0.9150,-9.0961,-10.1361,-8.1421,-8.3905,0.1788
3.5520,dirt,0.786,0.400,0.3661,3.7880,0.1142,0.0888,0.9462,0.5398,-9.0949,-10.0821,-8.2418,-8.4022,0.1806
3.5640,dirt,0.786,0.400,0.3700,3.7014,0.0867,0.0931,0.5343,0.6655,-9.1717,-9.9661,-8.1609,-8.5031,0.1826
3.5760,dirt,0.786,0.400,0.3737,3.7488,0.0328,0.0941,1.0565,0.3067,-9.1926,-9.8692,-8.2740,-8.4162,0.1842
3.5880,dirt,0.786,0.400,0.3772,3.8236,0.1474,0.0989,1.1890,0.6205,-9.2634,-9.8140,-8.2283,-8.4918,0.1858
3.6000,dirt,0.786,0.400,0.3804,3.7478,0.1406,0.1006,0.5902,0.8065,-9.3704,-9.7328,-8.2961,-8.5071,0.1874
3.6120,dirt,0.786,0.400,0.3834,3.7953,0.0641,0.1034,1.0411,0.7118,-9.4443,-9.6358,-8.2749,-8.5772,0.1889
3.6240,dirt,0.786,0.400,0.3862,3.8743,0.1338,0.1046,0.8005,0.6853,-9.5352,-9.5326,-8.3171,-8.6066,0.1901
3.6360,dirt,0.786,0.400,0.3887,3.8634,0.1226,0.1061,0.7653,0.2978,-9.5463,-9.4634,-8.3384,-8.6257,0.1913
3.6480,dirt,0.786,0.400,0.3909,3.8012,0.1245,0.1114,0.9289,0.6357,-9.5904,-9.4782,-8.3712,-8.6944,0.1924
3.6600,dirt,0.786,0.400,0.3929,3.8566,0.1405,0.1125,0.8316,0.7647,-9.5656,-9.4427,-8.4218,-8.7410,0.1934
3.6720,dirt,0.786,0.400,0.3947,3.9125,0.2323,0.1144,0.5871,0.5872,-9.5537,-9.4825,-8.4103,-8.7196,0.1941
3.6840,dirt,0.786,0.400,0.3962,3.8040,0.1467,0.1135,0.6479,0.8655,-9.5032,-9.5100,-8.4821,-8.8104,0.1947
3.6960,dirt,0.786,0.400,0.3974,3.9694,0.1005,0.1141,1.1183,0.8127,-9.3899,-9.5549,-8.4527,-8.7807,0.1955
3.7080,dirt,0.786,0.400,0.3985,3.8724,0.1880,0.1159,1.0985,0.8605,-9.3603,-9.6336,-8.5386,-8.7229,0.1963
3.7200,dirt,0.786,0.400,0.3992,3.9391,0.0898,0.1163,0.9194,0.6103,-9.2223,-9.7689,-8.4999,-8.8492,0.1969
3.7320,dirt,0.786,0.400,0.3997,3.9457,0.0499,0.1178,0.6204,0.9415,-9.2179,-9.8350,-8.5184,-8.8072,0.1972
3.7440,dirt,0.786,0.400,0.4000,3.8554,0.1067,0.1172,0.8697,0.7592,-9.1855,-9.9162,-8.4836,-8.9122,0.1977
3.7560,dirt,0.786,0.400,0.4000,3.8725,0.1953,0.1193,0.7476,0.6446,-9.2429,-9.9610,-8.4896,-8.8178,0.1982
3.7680,dirt,0.786,0.400,0.3997,3.9596,0.1356,0.1253,0.6293,0.4369,-9.1951,-10.0296,-8.4879,-8.9453,0.1982
3.7800,dirt,0.786,0.400,0.3992,4.0711,0.0597,0.1259,0.5803,0.6713,-9.2409,-10.0356,-8.4574,-8.9641,0.1979
3.7920,dirt,0.786,0.400,0.3985,3.9570,0.1771,0.1292,1.0284,1.1016,-9.2986,-10.0101,-8.5427,-9.0014,0.1976
3.8040,dirt,0.786,0.400,0.3974,4.0462,0.1310,0.1304,0.6889,0.2196,-9.3070,-9.9950,-8.6536,-9.0016,0.1973
3.8160,dirt,0.786,0.400,0.3962,3.9354,0.1493,0.1306,0.9161,0.4356,-9.4081,-9.9405,-8.6602,-8.9705,0.1968
3.8280,dirt,0.786,0.400,0.3947,3.9945,0.0763,0.1337,1.0587,0.3598,-9.3930,-9.9075,-8.7264,-9.0046,0.1959
3.8400,dirt,0.786,0.400,0.3929,4.0542,0.1706,0.1376,0.5401,0.5701,-9.4312,-9.8392,-8.7349,-9.0648,0.1951
3.8520,dirt,0.786,0.400,0.3909,4.0775,0.1709,0.1410,0.7168,0.1202,-9.4295,-9.8147,-8.7324,-9.0495,0.1942
3.8640,dirt,0.786,0.400,0.3887,4.0655,0.1801,0.1412,0.6070,0.6661,-9.4856,-9.8174,-8.7429,-9.0228,0.1931
3.8760,dirt,0.786,0.400,0.3862,4.1025,0.1646,0.1383,0.5560,0.8669,-9.4778,-9.8383,-8.6562,-9.0707,0.1918
3.8880,dirt,0.786,0.400,0.3834,4.0336,0.1051,0.1399,1.0274,0.9207,-9.3767,-9.8902,-8.6901,-9.0574,0.1905
3.9000,dirt,0.786,0.400,0.3804,4.0375,0.1864,0.1382,0.5777,0.3942,-9.3170,-9.9683,-8.5894,-9.1720,0.1891
3.9120,dirt,0.786,0.400,0.3772,4.0337,0.1479,0.1398,0.5327,0.6770,-9.3021,-9.9721,-8.5978,-9.2445,0.1881
3.9240,dirt,0.786,0.400,0.3737,4.0536,0.2405,0.1388,0.5427,0.5116,-9.3114,-9.9993,-8.6322,-9.1172,0.1871
3.9360,dirt,0.786,0.400,0.3700,4.1203,0.1792,0.1422,0.7247,1.1192,-9.3533,-9.9969,-8.6344,-9.1999,0.1850
3.9480,dirt,0.786,0.400,0.3661,4.1375,0.1992,0.1414,0.1557,0.8978,-9.3437,-9.9735,-8.5565,-9.3129,0.1827
3.9600,dirt,0.786,0.400,0.3619,4.0878,0.2099,0.1444,0.4105,0.9127,-9.4632,-9.8954,-8.6579,-9.1772,0.1807
3.9720,dirt,0.786,0.400,0.3575,4.0582,0.2592,0.1461,0.7530,0.9829,-9.5578,-9.7914,-8.6316,-9.2379,0.1787
3.9840,dirt,0.786,0.400,0.3529,4.1243,0.2114,0.1448,0.4881,0.9027,-9.5888,-9.7620,-8.6748,-9.2643,0.1764
3.9960,dirt,0.786,0.400,0.3481,4.0777,0.1668,0.1483,0.8072,0.6907,-9.6253,-9.7443,-8.6550,-9.3323,0.1735
4.0080,dirt,0.786,0.400,0.3430,4.2065,0.2676,0.1394,0.2467,0.7023,-9.5831,-9.7725,-8.7681,-9.2740,0.1709
4.0200,dirt,0.786,0.400,0.3377,4.1699,0.1724,0.1381,0.5188,0.1200,-9.6161,-9.8072,-8.8185,-9.1878,0.1687
4.0320,dirt,0.786,0.400,0.3322,4.2374,0.1978,0.1373,0.5062,0.4021,-9.5251,-9.8016,-8.7920,-9.3591,0.1661
4.0440,dirt,0.786,0.400,0.3265,4.1216,0.1951,0.1390,0.2372,0.5662,-9.5157,-9.7635,-8.7542,-9.3921,0.1638
4.0560,dirt,0.786,0.400,0.3206,4.1451,0.1846,0.1424,0.5990,0.5126,-9.5351,-9.7665,-8.8898,-9.2175,0.1607
4.0680,dirt,0.786,0.400,0.3145,4.2395,0.1954,0.1392,0.4494,0.6277,-9.5079,-9.7411,-8.8484,-9.4117,0.1575
4.0800,dirt,0.786,0.400,0.3082,4.1646,0.2219,0.1363,0.2173,1.1485,-9.6025,-9.6208,-8.8655,-9.3514,0.1549
4.0920,dirt,0.786,0.400,0.3017,4.1732,0.2412,0.1366,0.3065,0.4597,-9.6713,-9.5783,-8.8871,-9.3048,0.1521
4.1040,dirt,0.786,0.400,0.2950,4.2658,0.2151,0.1357,0.3113,0.9956,-9.6816,-9.5894,-8.8520,-9.3496,0.1483
4.1160,dirt,0.786,0.400,0.2881,4.1660,0.1150,0.1332,0.5077,1.1533,-9.6536,-9.6239,-8.9348,-9.3104,0.1446
4.1280,dirt,0.786,0.400,0.2811,4.1213,0.1788,0.1278,0.1518,0.7526,-9.5585,-9.6893,-8.9239,-9.3811,0.1408
4.1400,dirt,0.786,0.400,0.2738,4.2053,0.1848,0.1310,0.3225,0.4249,-9.5003,-9.7299,-8.9394,-9.3249,0.1378
4.1520,dirt,0.786,0.400,0.2664,4.0925,0.1821,0.1255,0.3015,0.6055,-9.3899,-9.8373,-9.0238,-9.2961,0.1349
4.1640,dirt,0.786,0.400,0.2588,4.2096,0.1799,0.1288,0.3689,0.0489,-9.2591,-9.8954,-8.9427,-9.3780,0.1320
4.1760,dirt,0.786,0.400,0.2511,4.1276,0.2070,0.1298,0.6232,0.6457,-9.2381,-9.9310,-8.9895,-9.4869,0.1284
4.1880,dirt,0.786,0.400,0.2432,4.2621,0.1630,0.1335,0.5246,0.5767,-9.2228,-9.9540,-8.9802,-9.4750,0.1248
4.2000,dirt,0.786,0.400,0.2351,4.0948,0.1394,0.1356,0.4216,0.3574,-9.2692,-9.9014,-8.9708,-9.5112,0.1211
4.2120,dirt,0.786,0.400,0.2269,4.1651,0.1940,0.1391,0.5324,0.8248,-9.3415,-9.8786,-8.9998,-9.4772,0.1167
4.2240,dirt,0.786,0.400,0.2186,4.2637,0.2082,0.1404,0.5179,0.2121,-9.3159,-9.8968,-8.9829,-9.4769,0.1118
4.2360,dirt,0.786,0.400,0.2101,4.1926,0.1590,0.1372,0.7488,0.1181,-9.3339,-9.9211,-8.9264,-9.5066,0.1078
4.2480,dirt,0.786,0.400,0.2014,4.2275,0.1437,0.1387,0.5623,0.4965,-9.3269,-10.0046,-8.8933,-9.5233,0.1044
4.2600,dirt,0.786,0.400,0.1927,4.2222,0.0578,0.1400,0.0192,0.0400,-9.2638,-10.0709,-8.8615,-9.5310,0.1003
4.2720,dirt,0.786,0.400,0.1838,4.2286,0.1678,0.1374,0.2825,0.2545,-9.2753,-10.1227,-8.8626,-9.5845,0.0955
4.2840,dirt,0.786,0.400,0.1748,4.2293,0.1386,0.1402,0.1062,0.0236,-9.2538,-10.1745,-8.9545,-9.5324,0.0911
4.2960,dirt,0.786,0.400,0.1658,4.3246,0.2453,0.1414,0.5471,0.1539,-9.3112,-10.1495,-8.8741,-9.5855,0.0858
4.3080,dirt,0.786,0.400,0.1565,4.2887,0.2397,0.1386,0.3062,0.7212,-9.4245,-10.0921,-8.9910,-9.5351,0.0812
4.3200,dirt,0.786,0.400,0.1472,4.2436,0.0707,0.1367,0.5350,0.0867,-9.4267,-10.0164,-9.0016,-9.5625,0.0775
4.3320,dirt,0.786,0.400,0.1379,4.3475,0.1375,0.1353,0.1727,0.2672,-9.5127,-9.9820,-9.0828,-9.4997,0.0725
4.3440,dirt,0.786,0.400,0.1284,4.2545,0.1212,0.1300,0.3650,0.0794,-9.5021,-10.0028,-9.1150,-9.4432,0.0678
4.3560,dirt,0.786,0.400,0.1188,4.2435,0.0596,0.1280,0.1330,0.4874,-9.4997,-10.0541,-9.0750,-9.5383,0.0622
4.3680,dirt,0.786,0.400,0.1092,4.3086,0.1302,0.1149,0.1782,0.7793,-9.5239,-10.0126,-9.1771,-9.4588,0.0579
4.3800,dirt,0.786,0.400,0.0995,4.2493,0.1402,0.1117,0.5350,0.4989,-9.4688,-10.0608,-9.1594,-9.4825,0.0533
4.3920,dirt,0.786,0.400,0.0897,4.2530,0.0735,0.1098,0.2115,0.4256,-9.5688,-10.0364,-9.1185,-9.5259,0.0484
4.4040,dirt,0.786,0.400,0.0799,4.3218,0.0837,0.1089,0.4231,-0.0290,-9.6495,-9.9640,-9.1466,-9.4949,0.0437
4.4160,dirt,0.786,0.400,0.0700,4.1947,0.2218,0.1069,0.3136,0.6242,-9.6395,-9.9164,-9.1282,-9.5177,0.0389
4.4280,dirt,0.786,0.400,0.0601,4.3247,0.1653,0.1046,0.2938,-0.0103,-9.7162,-9.8520,-9.1236,-9.5566,0.0338
4.4400,dirt,0.786,0.400,0.0501,4.3970,0.0730,0.1005,-0.4076,0.2659,-9.6850,-9.8798,-9.1469,-9.5643,0.0266
4.4520,dirt,0.786,0.400,0.0401,4.2396,0.1090,0.0971,0.0386,-0.4769,-9.6717,-9.8824,-9.0853,-9.6004,0.0219
4.4640,dirt,0.786,0.400,0.0301,4.3210,0.0160,0.0939,0.1876,0.2870,-9.7121,-9.8754,-9.0628,-9.5775,0.0184
4.4760,dirt,0.786,0.400,0.0201,4.2941,0.1013,0.0943,0.3665,-0.3238,-9.5731,-9.9204,-9.1249,-9.5335,0.0142
4.4880,dirt,0.786,0.400,0.0101,4.3390,0.1155,0.0871,0.2481,-0.4227,-9.5062,-9.9809,-9.0865,-9.5890,0.0091
4.5000,dirt,0.786,0.400,-0.0000,4.3484,0.1869,0.0828,0.1835,0.4526,-9.5779,-9.9305,-9.1556,-9.5628,0.0038
4.5120,dirt,0.786,0.400,-0.0101,4.3676,0.0807,0.0831,0.2196,0.0972,-9.5933,-9.9523,-9.1823,-9.4978,-0.0012
4.5240,dirt,0.786,0.400,-0.0201,4.3345,0.1948,0.0774,-0.0658,0.8322,-9.6835,-9.8490,-9.2491,-9.4685,-0.0061
4.5360,dirt,0.786,0.400,-0.0301,4.3136,0.1045,0.0739,0.0681,0.3904,-9.7171,-9.7746,-9.2787,-9.4975,-0.0110
4.5480,dirt,0.786,0.400,-0.0401,4.3407,0.0459,0.0648,0.1737,-0.0783,-9.6726,-9.8052,-9.3279,-9.3947,-0.0161
4.5600,dirt,0.786,0.400,-0.0501,4.2793,0.0360,0.0632,0.1954,0.0546,-9.6731,-9.8085,-9.3649,-9.5224,-0.0208
4.5720,dirt,0.786,0.400,-0.0601,4.3552,0.0448,0.0587,0.2539,-0.0015,-9.6272,-9.8362,-9.4032,-9.4712,-0.0256
4.5840,dirt,0.786,0.400,-0.0700,4.3427,0.1342,0.0568,0.2956,-0.2531,-9.5296,-9.8780,-9.3580,-9.5485,-0.0312
4.5960,dirt,0.786,0.400,-0.0799,4.3398,0.1007,0.0543,0.2244,0.4725,-9.4770,-9.8446,-9.3554,-9.5912,-0.0367
4.6080,dirt,0.786,0.400,-0.0897,4.3839,0.1218,0.0484,0.2201,0.0518,-9.3655,-9.8851,-9.2996,-9.5958,-0.0411
4.6200,dirt,0.786,0.400,-0.0995,4.4138,0.0591,0.0465,0.1081,-0.3855,-9.4256,-9.9299,-9.2038,-9.6692,-0.0443
4.6320,dirt,0.786,0.400,-0.1092,4.3809,0.0672,0.0481,0.3375,0.5111,-9.5763,-9.8700,-9.2616,-9.5880,-0.0493
4.6440,dirt,0.786,0.400,-0.1188,4.3788,0.0424,0.0451,0.1022,-0.5271,-9.5538,-9.9155,-9.2622,-9.5861,-0.0546
4.6560,dirt,0.786,0.400,-0.1284,4.3801,0.0694,0.0437,0.1664,0.0242,-9.6119,-9.7727,-9.2314,-9.6246,-0.0600
4.6680,dirt,0.786,0.400,-0.1379,4.3728,0.0227,0.0402,0.3787,0.2594,-9.6875,-9.7132,-9.3758,-9.5191,-0.0648
4.6800,dirt,0.786,0.400,-0.1472,4.2331,0.0332,0.0372,0.1250,-0.5105,-9.5960,-9.8325,-9.3397,-9.4654,-0.0695
4.6920,dirt,0.786,0.400,-0.1565,4.3643,0.0958,0.0274,0.1360,-0.2100,-9.5658,-9.9064,-9.4197,-9.4665,-0.0736
4.7040,dirt,0.786,0.400,-0.1658,4.3881,0.0462,0.0245,0.2048,0.0715,-9.5942,-9.9217,-9.4932,-9.4761,-0.0788
4.7160,dirt,0.786,0.400,-0.1748,4.4426,-0.0700,0.0198,0.4832,-0.2447,-9.4905,-9.9707,-9.4781,-9.4628,-0.0838
4.7280,dirt,0.786,0.400,-0.1838,4.2619,0.0123,0.0115,0.2061,-0.9002,-9.3634,-9.9614,-9.4862,-9.6084,-0.0879
4.7400,dirt,0.786,0.400,-0.1927,4.3290,0.0232,0.0071,0.2003,-0.0691,-9.3305,-9.9491,-9.5089,-9.5857,-0.0917
4.7520,dirt,0.786,0.400,-0.2014,4.3745,0.0197,0.0069,0.1526,-0.8248,-9.3516,-9.9735,-9.3980,-9.6785,-0.0955
4.7640,dirt,0.786,0.400,-0.2101,4.5032,0.0357,0.0065,0.5260,0.4476,-9.5146,-9.8753,-9.3487,-9.6756,-0.0999
4.7760,dirt,0.786,0.400,-0.2186,4.3954,-0.1237,0.0050,0.3613,-1.1772,-9.5720,-9.8729,-9.4353,-9.6147,-0.1043
4.7880,dirt,0.786,0.400,-0.2269,4.4040,0.0641,0.0060,-0.0408,-0.6589,-9.5865,-9.8050,-9.3495,-9.6614,-0.1084
4.8000,dirt,0.786,0.400,-0.2351,4.3237,-0.0997,0.0027,0.1486,-0.3883,-9.6676,-9.6537,-9.4313,-9.6384,-0.1126
4.8120,dirt,0.786,0.400,-0.2432,4.2482,0.0122,0.0001,0.1886,-0.1751,-9.6676,-9.6810,-9.5422,-9.5061,-0.1168
4.8240,dirt,0.786,0.400,-0.2511,4.4368,0.0559,-0.0037,0.2862,-0.6567,-9.5951,-9.7914,-9.5014,-9.5559,-0.1216
4.8360,dirt,0.786,0.400,-0.2588,4.3844,-0.1121,-0.0082,0.1781,-0.7310,-9.6061,-9.8307,-9.5733,-9.4564,-0.1261
4.8480,dirt,0.786,0.400,-0.2664,4.4293,-0.0813,-0.0231,0.0289,0.3419,-9.5799,-9.9371,-9.5830,-9.4650,-0.1300
4.8600,dirt,0.786,0.400,-0.2738,4.4414,-0.0622,-0.0264,0.1787,-0.7897,-9.5423,-9.9023,-9.5598,-9.5621,-0.1329
4.8720,dirt,0.786,0.400,-0.2811,4.3938,0.0111,-0.0291,0.2219,-0.3190,-9.6025,-9.8473,-9.5903,-9.5518,-0.1359
4.8840,dirt,0.786,0.400,-0.2881,4.3639,-0.0167,-0.0333,-0.2118,-0.6622,-9.4592,-9.8881,-9.6088,-9.5577,-0.1406
4.8960,dirt,0.786,0.400,-0.2950,4.4589,-0.0773,-0.0352,0.2797,-0.3764,-9.4167,-9.8560,-9.4788,-9.6425,-0.1436
4.9080,dirt,0.786,0.400,-0.3017,4.4041,-0.1385,-0.0393,0.0496,-0.2941,-9.5484,-9.8293,-9.5484,-9.5825,-0.1455
4.9200,dirt,0.786,0.400,-0.3082,4.4088,-0.0792,-0.0347,-0.0231,-0.8210,-9.6123,-9.8359,-9.5585,-9.5800,-0.1485
4.9320,dirt,0.786,0.400,-0.3145,4.3576,-0.0181,-0.0367,0.1768,-0.8645,-9.6567,-9.7852,-9.5137,-9.6026,-0.1522
4.9440,dirt,0.786,0.400,-0.3206,4.2621,0.0214,-0.0404,-0.1933,-0.5847,-9.7343,-9.7956,-9.6253,-9.4528,-0.1554
4.9560,dirt,0.786,0.400,-0.3265,4.4608,0.0790,-0.0431,0.2660,-0.4208,-9.7280,-9.7854,-9.6280,-9.4487,-0.1583
4.9680,dirt,0.786,0.400,-0.3322,4.4382,-0.0547,-0.0508,0.0217,-0.7602,-9.7248,-9.6246,-9.6729,-9.5015,-0.1617
4.9800,dirt,0.786,0.400,-0.3377,4.4154,-0.0913,-0.0554,-0.1901,-0.2058,-9.7595,-9.5803,-9.7236,-9.4823,-0.1649
4.9920,dirt,0.786,0.400,-0.3430,4.4644,-0.0548,-0.0566,0.0694,-0.6331,-9.7356,-9.5466,-9.7042,-9.4948,-0.1678
5.0040,dirt,0.786,0.400,-0.3481,4.3722,-0.0373,-0.0625,0.1875,-0.8479,-9.6390,-9.6570,-9.7882,-9.5377,-0.1704
5.0160,dirt,0.786,0.400,-0.3529,4.4415,-0.1045,-0.0670,0.1997,-0.8984,-9.5833,-9.7853,-9.7816,-9.5621,-0.1728
5.0280,dirt,0.786,0.400,-0.3575,4.4375,-0.1174,-0.0725,0.0796,-0.5988,-9.5531,-9.7847,-9.7674,-9.5967,-0.1749
5.0400,dirt,0.786,0.400,-0.3619,4.4826,-0.0719,-0.0770,0.0942,-0.5077,-9.4989,-9.8094,-9.7004,-9.6211,-0.1770
5.0520,dirt,0.786,0.400,-0.3661,4.4449,-0.1204,-0.0788,0.1732,-0.6153,-9.5014,-9.8657,-9.6867,-9.7133,-0.1790
5.0640,dirt,0.786,0.400,-0.3700,4.3621,-0.1342,-0.0789,-0.0771,-1.1644,-9.5505,-9.7937,-9.6182,-9.8264,-0.1810
5.0760,dirt,0.786,0.400,-0.3737,4.4283,0.0132,-0.0832,0.1249,-0.6641,-9.5155,-9.7946,-9.6377,-9.8338,-0.1827
5.0880,dirt,0.786,0.400,-0.3772,4.4638,-0.0869,-0.0831,0.2137,-0.7030,-9.4952,-9.8224,-9.7953,-9.6682,-0.1842
5.1000,dirt,0.786,0.400,-0.3804,4.4059,0.0094,-0.0845,-0.0067,-0.6760,-9.4957,-9.7895,-9.8153,-9.6051,-0.1860
5.1120,dirt,0.786,0.400,-0.3834,4.4806,-0.1143,-0.0915,0.1036,-0.5362,-9.4450,-9.8227,-9.8316,-9.5091,-0.1874
5.1240,dirt,0.786,0.400,-0.3862,4.4977,-0.0623,-0.0949,0.1451,-0.4153,-9.4455,-9.8514,-9.9503,-9.4856,-0.1884
5.1360,dirt,0.786,0.400,-0.3887,4.4110,-0.1274,-0.0999,-0.0376,-0.3278,-9.4599,-9.7842,-9.9024,-9.5109,-0.1891
5.1480,dirt,0.786,0.400,-0.3909,4.3555,-0.0806,-0.1001,0.1315,-0.5979,-9.4753,-9.7722,-9.8984,-9.5563,-0.1904
5.1600,dirt,0.786,0.400,-0.3929,4.4050,-0.2047,-0.1032,0.1809,-0.5637,-9.5533,-9.7423,-9.8695,-9.6851,-0.1920
5.1720,dirt,0.786,0.400,-0.3947,4.5250,-0.1143,-0.1072,0.2483,-1.0797,-9.5933,-9.6800,-9.8325,-9.7872,-0.1931
5.1840,dirt,0.786,0.400,-0.3962,4.4213,-0.0891,-0.1075,-0.0105,-0.9534,-9.6153,-9.6822,-9.7333,-9.8194,-0.1938
5.1960,dirt,0.786,0.400,-0.3974,4.4786,-0.1579,-0.1080,0.1294,-0.7725,-9.6462,-9.6724,-9.7872,-9.8230,-0.1945
5.2080,dirt,0.786,0.400,-0.3985,4.3725,-0.1272,-0.1082,0.3403,-0.6190,-9.7195,-9.6424,-9.8129,-9.8064,-0.1951
5.2200,dirt,0.786,0.400,-0.3992,4.3967,-0.1841,-0.1107,0.0746,-1.1507,-9.7082,-9.6883,-9.7892,-9.7630,-0.1959
5.2320,dirt,0.786,0.400,-0.3997,4.4123,-0.0854,-0.1076,0.1980,-0.5233,-9.7146,-9.6851,-9.9182,-9.6906,-0.1964
5.2440,dirt,0.786,0.400,-0.4000,4.4810,-0.2033,-0.1132,0.2060,-0.6738,-9.7857,-9.6492,-9.9489,-9.5375,-0.1966
5.2560,dirt,0.786,0.400,-0.4000,4.4249,-0.1312,-0.1142,0.4563,-0.8391,-9.7527,-9.7172,-9.9498,-9.5134,-0.1966
5.2680,dirt,0.786,0.400,-0.3997,4.3983,-0.1900,-0.1270,0.3022,-0.6274,-9.7597,-9.6869,-10.0119,-9.4727,-0.1965
5.2800,dirt,0.786,0.400,-0.3992,4.4682,-0.0696,-0.1276,0.1455,-0.1546,-9.8459,-9.6435,-9.9711,-9.4750,-0.1965
5.2920,dirt,0.786,0.400,-0.3985,4.4451,-0.1290,-0.1294,0.1297,-0.5539,-9.7727,-9.6998,-9.8898,-9.6106,-0.1964
5.3040,dirt,0.786,0.400,-0.3974,4.4490,-0.1742,-0.1300,0.1560,-0.5238,-9.7188,-9.6494,-9.8954,-9.7169,-0.1961
5.3160,dirt,0.786,0.400,-0.3962,4.4930,-0.2195,-0.1344,0.1194,-0.6780,-9.6880,-9.6637,-9.9597,-9.6856,-0.1957
5.3280,dirt,0.786,0.400,-0.3947,4.5037,-0.1311,-0.1389,-0.0084,-0.8157,-9.6692,-9.6985,-9.9221,-9.6799,-0.1950
5.3400,dirt,0.786,0.400,-0.3929,4.4178,-0.2341,-0.1368,-0.1023,-1.2097,-9.6225,-9.6664,-9.8309,-9.7657,-0.1941
5.3520,dirt,0.786,0.400,-0.3909,4.4323,-0.0447,-0.1364,-0.0121,-0.4335,-9.6161,-9.6880,-9.9070,-9.7259,-0.1931
5.3640,dirt,0.786,0.400,-0.3887,4.4363,-0.0821,-0.1346,-0.0494,-0.9139,-9.6201,-9.7252,-9.8774,-9.7191,-0.1920
5.3760,dirt,0.786,0.400,-0.3862,4.4321,-0.1543,-0.1322,0.0414,-0.8367,-9.5821,-9.7395,-9.8921,-9.7103,-0.1907
5.3880,dirt,0.786,0.400,-0.3834,4.4399,-0.0975,-0.1337,0.1595,-0.7020,-9.5755,-9.7947,-9.9644,-9.6058,-0.1895
5.4000,dirt,0.786,0.400,-0.3804,4.4092,-0.1893,-0.1316,-0.0071,-0.8884,-9.6065,-9.8220,-9.9259,-9.5967,-0.1881
5.4120,dirt,0.786,0.400,-0.3772,4.5103,-0.1923,-0.1354,0.3481,-0.0939,-9.5803,-9.8630,-9.9791,-9.5004,-0.1864
5.4240,dirt,0.786,0.400,-0.3737,4.4218,-0.1466,-0.1379,-0.3027,-0.5666,-9.5477,-9.9154,-10.0481,-9.4412,-0.1846
5.4360,dirt,0.786,0.400,-0.3700,4.4444,-0.1289,-0.1409,0.1459,-0.4754,-9.5698,-9.9160,-10.0279,-9.4469,-0.1829
5.4480,dirt,0.786,0.400,-0.3661,4.4751,-0.0986,-0.1458,0.1153,-0.7385,-9.5942,-9.8867,-9.9502,-9.4636,-0.1810
5.4600,dirt,0.786,0.400,-0.3619,4.5396,-0.1812,-0.1474,0.1688,-0.3448,-9.5686,-9.9377,-9.9303,-9.4496,-0.1789
5.4720,dirt,0.786,0.400,-0.3575,4.4152,-0.0537,-0.1467,-0.2863,-1.0631,-9.6012,-9.9326,-9.9719,-9.5364,-0.1769
5.4840,dirt,0.786,0.400,-0.3529,4.5360,-0.1834,-0.1419,-0.1911,-1.1322,-9.6151,-9.8917,-9.8815,-9.6390,-0.1749
5.4960,dirt,0.786,0.400,-0.3481,4.4408,-0.2184,-0.1413,0.0622,-1.0519,-9.5503,-9.9143,-9.9106,-9.7915,-0.1724
5.5080,dirt,0.786,0.400,-0.3430,4.3941,-0.1255,-0.1366,-0.2015,-0.9731,-9.5339,-9.9093,-9.9280,-9.8303,-0.1696
5.5200,dirt,0.786,0.400,-0.3377,4.4271,-0.2159,-0.1386,0.0886,-0.7225,-9.5451,-9.8645,-9.8916,-9.7545,-0.1669
5.5320,dirt,0.786,0.400,-0.3322,4.5228,-0.2037,-0.1373,0.4887,-1.1147,-9.5270,-9.9180,-9.9258,-9.7150,-0.1643
5.5440,dirt,0.786,0.400,-0.3265,4.4180,-0.2991,-0.1357,0.2006,-0.6110,-9.5545,-9.8932,-9.9524,-9.6318,-0.1618
5.5560,dirt,0.786,0.400,-0.3206,4.3900,-0.2163,-0.1350,-0.0167,-0.6831,-9.6246,-9.8672,-9.9142,-9.5368,-0.1595
5.5680,dirt,0.786,0.400,-0.3145,4.4388,-0.1719,-0.1312,-0.2388,-0.9090,-9.6045,-9.9189,-9.9375,-9.4879,-0.1565
5.5800,dirt,0.786,0.400,-0.3082,4.5021,-0.2208,-0.1274,-0.0349,-0.6847,-9.6421,-9.8962,-9.9945,-9.5112,-0.1532
5.5920,dirt,0.786,0.400,-0.3017,4.5281,-0.1404,-0.1295,-0.1045,-0.6973,-9.6971,-9.8609,-9.9709,-9.5098,-0.1499
5.6040,dirt,0.786,0.400,-0.2950,4.4481,-0.1459,-0.1267,0.1445,-0.7376,-9.6657,-9.9027,-9.8872,-9.5732,-0.1471
5.6160,dirt,0.786,0.400,-0.2881,4.4790,-0.1907,-0.1263,-0.1151,-0.5506,-9.6962,-9.8585,-9.9784,-9.5566,-0.1439
5.6280,dirt,0.786,0.400,-0.2811,4.4281,-0.1530,-0.1303,-0.0791,-0.4763,-9.6665,-9.8242,-9.9312,-9.5707,-0.1403
5.6400,dirt,0.786,0.400,-0.2738,4.5244,-0.1587,-0.1325,0.1617,-0.6132,-9.6506,-9.8133,-9.9201,-9.5978,-0.1366
5.6520,dirt,0.786,0.400,-0.2664,4.4622,-0.1960,-0.1309,0.1234,-0.5285,-9.6698,-9.7747,-9.9440,-9.5323,-0.1337
5.6640,dirt,0.786,0.400,-0.2588,4.4735,-0.1846,-0.1332,-0.0035,-0.2838,-9.7128,-9.7155,-9.9444,-9.5270,-0.1302
5.6760,dirt,0.786,0.400,-0.2511,4.4450,-0.1796,-0.1317,-0.0764,-0.5354,-9.6710,-9.7546,-9.9263,-9.5531,-0.1260
5.6880,dirt,0.786,0.400,-0.2432,4.4929,-0.0532,-0.1326,0.1594,-0.9013,-9.6640,-9.7610,-9.9819,-9.5054,-0.1216
5.7000,dirt,0.786,0.400,-0.2351,4.4762,-0.2043,-0.1310,0.0078,-0.1044,-9.7079,-9.7013,-9.9662,-9.4925,-0.1177
5.7120,dirt,0.786,0.400,-0.2269,4.5413,-0.2244,-0.1350,0.1922,-0.9232,-9.6950,-9.7709,-9.9407,-9.4908,-0.1144
5.7240,dirt,0.786,0.400,-0.2186,4.4627,-0.1502,-0.1315,0.1448,-0.3928,-9.7050,-9.7518,-9.9862,-9.5122,-0.1104
5.7360,dirt,0.786,0.400,-0.2101,4.4922,-0.1353,-0.1344,-0.0708,-0.4508,-9.7672,-9.7394,-10.0101,-9.4105,-0.1060
5.7480,dirt,0.786,0.400,-0.2014,4.3628,-0.1150,-0.1351,0.0862,-0.3587,-9.6956,-9.8459,-9.9410,-9.4238,-0.1003
5.7600,dirt,0.786,0.400,-0.1927,4.4636,-0.2219,-0.1338,0.1004,-0.6947,-9.7784,-9.8129,-9.9743,-9.4588,-0.0958
5.7720,dirt,0.786,0.400,-0.1838,4.4633,-0.1816,-0.1289,-0.0768,-0.2379,-9.8345,-9.7876,-9.9874,-9.5343,-0.0925
5.7840,dirt,0.786,0.400,-0.1748,4.4631,-0.1968,-0.1304,-0.1358,-0.5988,-9.8258,-9.8491,-9.9356,-9.5655,-0.0890
5.7960,dirt,0.786,0.400,-0.1658,4.5413,-0.0444,-0.1245,0.0008,0.3806,-9.8560,-9.8098,-9.8670,-9.5786,-0.0840
5.8080,dirt,0.786,0.400,-0.1565,4.4700,-0.1722,-0.1167,-0.0039,-0.0244,-9.9102,-9.8155,-10.0082,-9.5510,-0.0792
5.8200,dirt,0.786,0.400,-0.1472,4.4534,-0.1310,-0.1159,0.2074,-0.4746,-9.9174,-9.8848,-9.9116,-9.5366,-0.0767
5.8320,dirt,0.786,0.400,-0.1379,4.4527,-0.1256,-0.1135,0.0235,-0.4806,-9.9102,-9.8631,-9.8638,-9.5637,-0.0716
5.8440,dirt,0.786,0.400,-0.1284,4.5106,-0.2447,-0.1136,0.4079,-0.3707,-9.9015,-9.8906,-9.9070,-9.5533,-0.0643
5.8560,dirt,0.786,0.400,-0.1188,4.4610,-0.0488,-0.1109,0.1647,-0.2848,-9.8532,-9.9836,-9.8646,-9.5499,-0.0604
5.8680,dirt,0.786,0.400,-0.1092,4.4730,-0.1916,-0.1055,0.1200,-0.6053,-9.8555,-9.8818,-9.7760,-9.5995,-0.0572
5.8800,dirt,0.786,0.400,-0.0995,4.5567,-0.1650,-0.0981,0.2187,0.3236,-9.8308,-9.8159,-9.8958,-9.5689,-0.0518
5.8920,dirt,0.786,0.400,-0.0897,4.4549,-0.2264,-0.0996,-0.1671,-0.5054,-9.8024,-9.8464,-9.8540,-9.5875,-0.0467
5.9040,dirt,0.786,0.400,-0.0799,4.4942,-0.0123,-0.0948,0.2555,-0.0240,-9.7756,-9.7963,-9.8013,-9.6065,-0.0424
5.9160,dirt,0.786,0.400,-0.0700,4.4945,-0.0756,-0.0937,-0.1274,-0.3621,-9.7436,-9.8319,-9.8163,-9.6226,-0.0379
5.9280,dirt,0.786,0.400,-0.0601,4.5026,-0.0410,-0.0868,0.1091,-0.3841,-9.7457,-9.8766,-9.8327,-9.5991,-0.0333
5.9400,dirt,0.786,0.400,-0.0501,4.4747,-0.1383,-0.0837,0.0471,0.0904,-9.7009,-9.9037,-9.8010,-9.6334,-0.0283
5.9520,dirt,0.786,0.400,-0.0401,4.5401,-0.0997,-0.0819,0.2690,-0.1113,-9.6610,-10.0066,-9.8485,-9.6020,-0.0230
5.9640,dirt,0.786,0.400,-0.0301,4.5730,-0.1581,-0.0806,0.2583,-0.4378,-9.6741,-10.0950,-9.8546,-9.5942,-0.0170
5.9760,dirt,0.786,0.400,-0.0201,4.5089,-0.0622,-0.0748,-0.1464,0.0789,-9.6425,-10.1019,-9.7748,-9.6201,-0.0119
5.9880,dirt,0.786,0.400,-0.0101,4.4971,-0.1483,-0.0627,0.2995,-0.0957,-9.6471,-10.0828,-9.7714,-9.6546,-0.0074
6.0000,dirt,0.786,0.400,0.0000,4.4208,-0.1300,-0.0618,-0.1519,-0.5085,-9.6820,-10.0793,-9.8235,-9.6632,-0.0024
6.0120,dirt,0.786,0.400,0.0101,4.5064,-0.0702,-0.0583,0.0984,0.1870,-9.6597,-10.0495,-9.7751,-9.6644,0.0021
6.0240,dirt,0.786,0.400,0.0201,4.4942,-0.0372,-0.0555,-0.0213,0.2405,-9.6377,-9.9967,-9.7921,-9.7138,0.0075
6.0360,dirt,0.786,0.400,0.0301,4.4692,-0.1017,-0.0515,0.0689,0.1788,-9.6958,-9.9551,-9.8305,-9.6892,0.0125
6.0480,dirt,0.786,0.400,0.0401,4.4985,0.0414,-0.0474,0.1814,-0.0169,-9.6630,-9.9601,-9.7578,-9.7134,0.0174
6.0600,dirt,0.786,0.400,0.0501,4.4887,0.0785,-0.0412,0.0625,0.2413,-9.6456,-9.8950,-9.8166,-9.7116,0.0226
6.0720,dirt,0.786,0.400,0.0601,4.5863,-0.0735,-0.0418,-0.2101,0.4346,-9.6950,-9.8653,-9.8227,-9.7020,0.0278
6.0840,dirt,0.786,0.400,0.0700,4.5127,-0.0231,-0.0381,0.0105,0.4632,-9.6728,-9.8918,-9.7701,-9.7245,0.0318
6.0960,dirt,0.786,0.400,0.0799,4.3928,0.0222,-0.0330,-0.1136,0.0858,-9.6978,-9.8123,-9.8094,-9.7000,0.0358
6.1080,dirt,0.786,0.400,0.0897,4.5244,0.0211,-0.0309,0.0284,0.0923,-9.7291,-9.8147,-9.8001,-9.7256,0.0406
6.1200,dirt,0.786,0.400,0.0995,4.4596,0.0145,-0.0290,-0.3063,0.1546,-9.6748,-9.8779,-9.7512,-9.7425,0.0472
6.1320,dirt,0.786,0.400,0.1092,4.5440,0.0346,-0.0239,0.0460,0.7105,-9.6758,-9.8558,-9.7902,-9.6761,0.0522
6.1440,dirt,0.786,0.400,0.1188,4.4487,0.0487,-0.0227,0.5559,0.1781,-9.7289,-9.8095,-9.8243,-9.7048,0.0565
6.1560,dirt,0.786,0.400,0.1284,4.4756,-0.0042,-0.0203,-0.1565,0.7422,-9.7059,-9.8143,-9.7383,-9.7597,0.0607
6.1680,dirt,0.786,0.400,0.1379,4.5051,-0.0579,-0.0147,-0.0891,0.5149,-9.6801,-9.8062,-9.7951,-9.7250,0.0655
6.1800,dirt,0.786,0.400,0.1472,4.4991,0.0628,-0.0115,0.0894,0.7389,-9.7063,-9.7759,-9.8092,-9.7616,0.0707
6.1920,dirt,0.786,0.400,0.1565,4.4862,0.0112,-0.0091,0.1393,-0.0066,-9.6547,-9.8255,-9.7471,-9.7637,0.0752
6.2040,dirt,0.786,0.400,0.1658,4.5474,0.0464,-0.0042,-0.1226,0.3743,-9.6263,-9.8318,-9.7610,-9.7657,0.0792
6.2160,dirt,0.786,0.400,0.1748,4.4518,0.0235,-0.0048,-0.0286,0.2469,-9.6516,-9.8026,-9.7594,-9.8003,0.0834
6.2280,dirt,0.786,0.400,0.1838,4.5060,0.0070,0.0038,0.0535,0.6058,-9.6330,-9.8467,-9.7240,-9.8139,0.0882
6.2400,dirt,0.786,0.400,0.1927,4.4837,-0.0252,0.0036,-0.2030,0.8395,-9.5674,-9.8948,-9.7348,-9.7868,0.0931
6.2520,dirt,0.786,0.400,0.2014,4.5742,-0.0584,0.0090,0.1593,0.4172,-9.5999,-9.8587,-9.7428,-9.8084,0.0980
6.2640,dirt,0.786,0.400,0.2101,4.4571,0.0197,0.0118,0.0717,0.1218,-9.6100,-9.8738,-9.7027,-9.8381,0.1021
6.2760,dirt,0.786,0.400,0.2186,4.6417,0.0135,0.0147,-0.0784,0.7591,-9.5837,-9.8389,-9.7009,-9.8262,0.1061
6.2880,dirt,0.786,0.400,0.2269,4.5349,0.0094,0.0249,-0.0630,0.7230,-9.6208,-9.8124,-9.7008,-9.8268,0.1108
6.3000,dirt,0.786,0.400,0.2351,4.4764,-0.0446,0.0282,0.0405,0.4345,-9.5874,-9.8294,-9.6918,-9.8452,0.1147
6.3120,dirt,0.786,0.400,0.2432,4.4500,0.0276,0.0317,-0.1512,0.2509,-9.5742,-9.8239,-9.6766,-9.8278,0.1179
6.3240,dirt,0.786,0.400,0.2511,4.5270,0.0154,0.0348,-0.0140,0.1664,-9.5951,-9.7847,-9.7081,-9.8741,0.1213
6.3360,dirt,0.786,0.400,0.2588,4.4777,0.0824,0.0350,-0.0126,0.5295,-9.5824,-9.8078,-9.6784,-9.8527,0.1253
6.3480,dirt,0.786,0.400,0.2664,4.5233,0.1065,0.0424,-0.0956,0.3362,-9.5589,-9.8367,-9.6960,-9.9076,0.1298
6.3600,dirt,0.786,0.400,0.2738,4.4913,0.1256,0.0460,-0.0776,0.8950,-9.6159,-9.7807,-9.7084,-9.8996,0.1338
6.3720,dirt,0.786,0.400,0.2811,4.5181,0.0759,0.0505,-0.1086,0.0274,-9.5754,-9.8612,-9.6672,-9.9089,0.1371
6.3840,dirt,0.786,0.400,0.2881,4.4443,0.1180,0.0535,0.0036,0.8223,-9.6032,-9.8399,-9.7374,-9.8805,0.1401
6.3960,dirt,0.786,0.400,0.2950,4.4813,0.1205,0.0529,0.0815,0.3724,-9.6285,-9.8659,-9.6978,-9.9210,0.1436
6.4080,dirt,0.786,0.400,0.3017,4.5247,0.0437,0.0604,0.1475,0.5061,-9.5828,-9.9045,-9.7442,-9.8773,0.1472
6.4200,dirt,0.786,0.400,0.3082,4.5114,0.1615,0.0598,-0.1118,0.2767,-9.6119,-9.9314,-9.7426,-9.8969,0.1507
6.4320,dirt,0.786,0.400,0.3145,4.4524,0.0973,0.0628,0.2125,0.9028,-9.6321,-9.9365,-9.8212,-9.8914,0.1538
6.4440,dirt,0.786,0.400,0.3206,4.5906,0.0660,0.0658,0.2492,0.4208,-9.5796,-9.9673,-9.7152,-9.9343,0.1567
6.4560,dirt,0.786,0.400,0.3265,4.4728,0.0314,0.0701,0.1780,1.0251,-9.5925,-9.9819,-9.7268,-9.9454,0.1593
6.4680,dirt,0.786,0.400,0.3322,4.4119,0.1088,0.0713,-0.0933,0.8625,-9.5825,-9.9982,-9.8353,-9.8524,0.1625
6.4800,dirt,0.786,0.400,0.3377,4.5716,0.0196,0.0751,0.0889,0.3840,-9.5502,-10.0035,-9.7169,-9.8978,0.1661
6.4920,dirt,0.786,0.400,0.3430,4.5337,0.0660,0.0765,-0.0115,0.3640,-9.5820,-10.0058,-9.6758,-9.9496,0.1688
6.5040,dirt,0.786,0.400,0.3481,4.4931,0.0873,0.0799,0.1013,0.2989,-9.5935,-9.9886,-9.7880,-9.8423,0.1711
6.5160,dirt,0.786,0.400,0.3529,4.4848,0.1174,0.0829,0.0472,0.4849,-9.6333,-9.9691,-9.6942,-9.9435,0.1734
6.5280,dirt,0.786,0.400,0.3575,4.4971,0.1275,0.0885,-0.0106,0.0314,-9.6852,-9.9380,-9.7743,-9.9495,0.1756
6.5400,dirt,0.786,0.400,0.3619,4.4975,0.0709,0.0925,-0.0378,1.0118,-9.6964,-9.9036,-9.8672,-9.9047,0.1778
6.5520,dirt,0.786,0.400,0.3661,4.5275,0.1551,0.0934,0.1158,-0.2237,-9.6909,-9.8549,-9.8674,-10.0083,0.1798
6.5640,dirt,0.786,0.400,0.3700,4.5814,0.0907,0.0952,0.1273,0.9203,-9.6959,-9.7930,-9.9783,-9.9914,0.1820
6.5760,dirt,0.786,0.400,0.3737,4.4673,0.1109,0.1017,0.1595,0.7215,-9.7046,-9.7091,-10.0395,-10.0297,0.1838
6.5880,dirt,0.786,0.400,0.3772,4.5714,0.0497,0.1078,-0.0560,0.8773,-9.6677,-9.6474,-10.0536,-10.0479,0.1852
6.6000,dirt,0.786,0.400,0.3804,4.5169,0.0799,0.1082,0.1174,1.0219,-9.6733,-9.6463,-10.0879,-10.0557,0.1865
6.6120,dirt,0.786,0.400,0.3834,4.4283,0.1604,0.1104,-0.0365,0.9504,-9.6271,-9.6631,-10.1195,-10.1043,0.1879
6.6240,dirt,0.786,0.400,0.3862,4.4647,0.1508,0.1108,0.0361,0.5792,-9.5627,-9.7012,-10.0189,-10.1212,0.1894
6.6360,dirt,0.786,0.400,0.3887,4.4968,0.1081,0.1115,-0.0501,1.1929,-9.5334,-9.7333,-10.0178,-10.0713,0.1908
6.6480,dirt,0.786,0.400,0.3909,4.5527,0.0968,0.1138,0.0784,1.1344,-9.5104,-9.7723,-10.0476,-10.0950,0.1922
6.6600,dirt,0.786,0.400,0.3929,4.4457,0.1884,0.1140,0.0498,0.1539,-9.4333,-9.8396,-9.9530,-10.1235,0.1935
6.6720,dirt,0.786,0.400,0.3947,4.4681,0.1482,0.1198,0.0588,1.0353,-9.4345,-9.8911,-9.8867,-10.1157,0.1946
6.6840,dirt,0.786,0.400,0.3962,4.5777,0.0705,0.1202,0.0131,0.6714,-9.4351,-9.9225,-9.9241,-10.1320,0.1957
6.6960,dirt,0.786,0.400,0.3974,4.5312,0.1241,0.1223,0.0613,1.2121,-9.4249,-9.9663,-9.8271,-10.1647,0.1965
6.7080,dirt,0.786,0.400,0.3985,4.5491,0.1227,0.1257,0.0737,0.5829,-9.4508,-9.9464,-9.8354,-10.1243,0.1971
6.7200,dirt,0.786,0.400,0.3992,4.5163,0.1425,0.1267,0.1934,1.0219,-9.4743,-9.9567,-9.8437,-10.1356,0.1975
6.7320,dirt,0.786,0.400,0.3997,4.5385,0.1265,0.1288,0.1009,0.3960,-9.4800,-9.9520,-9.7663,-10.1514,0.1978
6.7440,dirt,0.786,0.400,0.4000,4.4551,0.2082,0.1318,0.1238,1.1214,-9.5326,-9.9183,-9.7460,-10.1494,0.1979
6.7560,dirt,0.786,0.400,0.4000,4.4828,0.2117,0.1354,-0.0993,0.3112,-9.5882,-9.8592,-9.7696,-10.1247,0.1980
6.7680,dirt,0.786,0.400,0.3997,4.4037,0.1553,0.1357,-0.0562,1.0429,-9.5615,-9.8840,-9.7186,-10.1289,0.1978
6.7800,dirt,0.786,0.400,0.3992,4.4887,0.1517,0.1362,-0.1170,1.0981,-9.6232,-9.8931,-9.7014,-10.0697,0.1975
6.7920,dirt,0.786,0.400,0.3985,4.5615,0.1689,0.1360,0.0288,0.9775,-9.5812,-9.9221,-9.6939,-10.0669,0.1972
6.8040,dirt,0.786,0.400,0.3974,4.5709,0.1157,0.1336,-0.0646,1.0220,-9.5329,-9.9620,-9.6817,-10.1046,0.1966
6.8160,dirt,0.786,0.400,0.3962,4.5646,0.2754,0.1361,0.0659,0.2944,-9.4667,-10.0346,-9.6638,-10.0475,0.1960
6.8280,dirt,0.786,0.400,0.3947,4.5712,0.2004,0.1366,0.0997,0.8173,-9.4780,-10.0391,-9.7409,-9.9956,0.1957
6.8400,dirt,0.786,0.400,0.3929,4.4851,0.1500,0.1371,0.1898,0.6751,-9.4981,-10.0215,-9.6873,-10.0778,0.1952
6.8520,dirt,0.786,0.400,0.3909,4.6022,0.1041,0.1407,0.0429,1.0972,-9.5352,-9.9936,-9.6598,-10.0364,0.1944
6.8640,dirt,0.786,0.400,0.3887,4.4460,0.1596,0.1427,0.1105,0.7851,-9.5335,-9.9840,-9.7021,-10.0206,0.1932
6.8760,dirt,0.786,0.400,0.3862,4.5917,0.2092,0.1455,-0.1357,0.7758,-9.5728,-9.9149,-9.6556,-10.0997,0.1919
6.8880,dirt,0.786,0.400,0.3834,4.5082,0.2205,0.1529,-0.1925,0.2887,-9.6104,-9.9012,-9.5940,-10.1671,0.1905
6.9000,dirt,0.786,0.400,0.3804,4.5715,0.1965,0.1526,0.0524,0.8280,-9.5811,-9.9015,-9.7136,-10.0713,0.1891
6.9120,dirt,0.786,0.400,0.3772,4.6531,0.2349,0.1580,0.2005,0.8736,-9.5997,-9.9137,-9.6248,-10.0739,0.1877
6.9240,dirt,0.786,0.400,0.3737,4.5162,0.2125,0.1569,0.0116,0.9621,-9.6126,-9.9217,-9.6045,-10.1614,0.1859
6.9360,dirt,0.786,0.400,0.3700,4.5026,0.1651,0.1575,0.0411,0.5690,-9.5455,-9.9864,-9.7008,-10.0559,0.1841
6.9480,dirt,0.786,0.400,0.3661,4.5222,0.1838,0.1573,0.1138,0.3255,-9.5278,-10.0069,-9.6341,-10.1055,0.1826
6.9600,dirt,0.786,0.400,0.3619,4.5581,0.2401,0.1576,-0.0535,0.6851,-9.4899,-10.0572,-9.5192,-10.1894,0.1808
6.9720,dirt,0.786,0.400,0.3575,4.6187,0.2332,0.1567,-0.0453,1.0723,-9.5284,-10.0585,-9.5573,-10.1280,0.1788
6.9840,dirt,0.786,0.400,0.3529,4.5663,0.1828,0.1597,0.0911,0.8013,-9.6045,-10.0183,-9.4867,-10.1394,0.1762
6.9960,dirt,0.786,0.400,0.3481,4.5040,0.1053,0.1632,-0.5009,0.6787,-9.6873,-9.9858,-9.4851,-10.1703,0.1736
7.0080,dirt,0.786,0.400,0.3430,4.5946,0.1518,0.1630,-0.1696,0.4911,-9.6737,-9.9885,-9.4511,-10.2331,0.1712
7.0200,dirt,0.786,0.400,0.3377,4.5252,0.2142,0.1679,-0.0412,0.2930,-9.6927,-10.0260,-9.4804,-10.1546,0.1687
7.0320,dirt,0.786,0.400,0.3322,4.4638,0.1644,0.1621,-0.0096,1.1223,-9.6587,-10.0290,-9.5269,-10.1539,0.1658
7.0440,dirt,0.786,0.400,0.3265,4.5140,0.1982,0.1643,0.0265,0.3979,-9.6299,-10.0539,-9.5467,-10.1764,0.1633
7.0560,dirt,0.786,0.400,0.3206,4.5708,0.2169,0.1614,-0.0737,1.0096,-9.6499,-10.0288,-9.5567,-10.1688,0.1608
7.0680,dirt,0.786,0.400,0.3145,4.5350,0.1412,0.1641,-0.0584,1.1037,-9.6922,-9.9924,-9.5853,-10.1157,0.1576
7.0800,dirt,0.786,0.400,0.3082,4.5671,0.1798,0.1599,0.0261,0.2989,-9.6935,-9.9960,-9.5857,-10.1240,0.1539
7.0920,dirt,0.786,0.400,0.3017,4.5234,0.2465,0.1570,-0.2744,1.1136,-9.7567,-9.9124,-9.5900,-10.1037,0.1513
7.1040,dirt,0.786,0.400,0.2950,4.5762,0.2864,0.1591,0.0641,1.0945,-9.7635,-9.9103,-9.6153,-10.0658,0.1481
7.1160,dirt,0.786,0.400,0.2881,4.4710,0.0765,0.1500,-0.0565,0.7667,-9.7327,-9.9179,-9.5831,-10.1223,0.1448
7.1280,dirt,0.786,0.400,0.2811,4.4761,0.1932,0.1490,-0.1413,0.6992,-9.7358,-9.9430,-9.5563,-10.1216,0.1412
7.1400,dirt,0.786,0.400,0.2738,4.4976,0.1606,0.1505,0.0870,0.5365,-9.6820,-9.9871,-9.5952,-10.0622,0.1379
7.1520,dirt,0.786,0.400,0.2664,4.6059,0.1819,0.1496,0.2331,0.5022,-9.6453,-10.0117,-9.5794,-10.1191,0.1347
7.1640,dirt,0.786,0.400,0.2588,4.5420,0.1452,0.1531,-0.0679,0.8725,-9.6764,-9.9845,-9.5121,-10.1633,0.1311
7.1760,dirt,0.786,0.400,0.2511,4.4926,0.1989,0.1522,0.3003,0.1477,-9.7093,-9.9025,-9.5620,-10.0990,0.1268
7.1880,dirt,0.786,0.400,0.2432,4.4895,0.2565,0.1502,0.0238,0.5633,-9.6713,-9.9469,-9.5435,-10.1313,0.1231
7.2000,dirt,0.786,0.400,0.2351,4.4564,0.2230,0.1511,0.0050,0.4142,-9.6852,-9.9635,-9.4823,-10.1665,0.1195
7.2120,dirt,0.786,0.400,0.2269,4.5164,0.1004,0.1541,0.0443,0.5698,-9.6573,-10.0087,-9.5030,-10.1210,0.1153
7.2240,dirt,0.786,0.400,0.2186,4.5552,0.1676,0.1517,0.0612,0.3277,-9.6103,-10.0342,-9.5230,-10.1130,0.1112
7.2360,dirt,0.786,0.400,0.2101,4.4612,0.1407,0.1518,0.0375,0.7688,-9.6390,-10.0098,-9.4848,-10.1801,0.1073
7.2480,dirt,0.786,0.400,0.2014,4.4472,0.1231,0.1467,-0.1937,0.7309,-9.6307,-10.0243,-9.5961,-10.1248,0.1034
7.2600,dirt,0.786,0.400,0.1927,4.5815,0.0863,0.1465,-0.0636,0.5003,-9.6701,-9.9351,-9.5561,-10.1014,0.0992
7.2720,dirt,0.786,0.400,0.1838,4.4760,0.2432,0.1440,-0.0618,0.6551,-9.7612,-9.9158,-9.5721,-10.1252,0.0941
7.2840,dirt,0.786,0.400,0.1748,4.5103,0.1688,0.1406,0.0769,0.7104,-9.7464,-9.9309,-9.6216,-10.0717,0.0892
7.2960,dirt,0.786,0.400,0.1658,4.4926,0.1872,0.1343,0.0258,0.4970,-9.7306,-9.9497,-9.6096,-10.0668,0.0853
7.3080,dirt,0.786,0.400,0.1565,4.5003,0.2025,0.1255,0.0975,0.4129,-9.7628,-9.9602,-9.6222,-10.0716,0.0809
7.3200,dirt,0.786,0.400,0.1472,4.5301,0.0870,0.1225,-0.0179,0.4551,-9.6837,-9.9695,-9.6374,-10.0930,0.0760
7.3320,dirt,0.786,0.400,0.1379,4.3707,0.1331,0.1224,0.0823,-0.1968,-9.6799,-9.9463,-9.6164,-10.0563,0.0715
7.3440,dirt,0.786,0.400,0.1284,4.5792,0.1372,0.1239,0.1347,0.3142,-9.7627,-9.8716,-9.6361,-10.0722,0.0669
7.3560,dirt,0.786,0.400,0.1188,4.5847,0.1109,0.1229,0.0390,-0.1459,-9.7726,-9.8231,-9.6003,-10.1108,0.0621
7.3680,dirt,0.786,0.400,0.1092,4.5526,0.1381,0.1179,0.0084,-0.0059,-9.7524,-9.8829,-9.5213,-10.0710,0.0575
7.3800,dirt,0.786,0.400,0.0995,4.5222,0.1797,0.1162,0.0446,0.0876,-9.7799,-9.9185,-9.4642,-10.0753,0.0525
7.3920,dirt,0.786,0.400,0.0897,4.4377,0.1666,0.1162,-0.1246,0.0399,-9.7539,-9.9457,-9.5439,-10.0494,0.0471
7.4040,dirt,0.786,0.400,0.0799,4.4346,0.1588,0.1145,0.0366,0.4668,-9.7204,-9.9471,-9.5132,-10.0038,0.0428
7.4160,dirt,0.786,0.400,0.0700,4.4952,0.0755,0.1095,-0.1732,-0.3432,-9.6479,-10.0175,-9.6075,-9.9493,0.0392
7.4280,dirt,0.786,0.400,0.0601,4.5724,0.1526,0.0940,-0.2465,0.0597,-9.6242,-10.0286,-9.6695,-9.9901,0.0347
7.4400,dirt,0.786,0.400,0.0501,4.5209,-0.0166,0.0905,-0.1751,0.4903,-9.7227,-9.9443,-9.6636,-9.9566,0.0291
7.4520,dirt,0.786,0.400,0.0401,4.5176,0.1169,0.0896,0.1520,0.1586,-9.8413,-9.8622,-9.7192,-9.9052,0.0234
7.4640,dirt,0.786,0.400,0.0301,4.5440,0.1925,0.0857,-0.0697,0.0780,-9.7894,-9.8790,-9.6977,-9.9586,0.0187
7.4760,dirt,0.786,0.400,0.0201,4.5048,0.1123,0.0843,0.2698,-0.5467,-9.7838,-9.8872,-9.6656,-10.0032,0.0144
7.4880,dirt,0.786,0.400,0.0101,4.5434,0.0534,0.0788,-0.1290,0.1264,-9.7856,-9.8866,-9.6305,-9.9849,0.0094
7.5000,dirt,0.786,0.400,-0.0000,4.5539,0.0629,0.0798,0.0215,-0.5939,-9.6838,-9.9355,-9.5944,-9.9987,0.0038
7.5120,dirt,0.786,0.400,-0.0101,4.4612,0.1319,0.0746,-0.1781,-0.2703,-9.6572,-9.9553,-9.5409,-10.0358,-0.0012
7.5240,dirt,0.786,0.400,-0.0201,4.4898,0.1211,0.0724,0.1463,-0.1128,-9.7191,-9.9528,-9.5565,-9.9949,-0.0058
7.5360,dirt,0.786,0.400,-0.0301,4.6398,0.1220,0.0697,0.0137,-0.2549,-9.7413,-9.9028,-9.6244,-9.9652,-0.0107
7.5480,dirt,0.786,0.400,-0.0401,4.5354,0.0739,0.0663,-0.1943,-0.1796,-9.7779,-9.8915,-9.5632,-9.9393,-0.0158
7.5600,dirt,0.786,0.400,-0.0501,4.5260,0.0687,0.0594,-0.0534,0.0985,-9.8481,-9.9233,-9.6799,-9.8564,-0.0209
7.5720,dirt,0.786,0.400,-0.0601,4.5260,0.1132,0.0533,-0.1191,0.0039,-9.7804,-9.9516,-9.7445,-9.8702,-0.0261
7.5840,dirt,0.786,0.400,-0.0700,4.5469,0.0806,0.0536,0.1964,0.1340,-9.7522,-9.9434,-9.7282,-9.8686,-0.0304
7.5960,dirt,0.786,0.400,-0.0799,4.4848,-0.0207,0.0459,-0.0794,-0.5233,-9.7024,-9.9527,-9.7407,-9.9310,-0.0346
7.6080,dirt,0.786,0.400,-0.0897,4.4819,0.0825,0.0444,-0.0973,-0.2454,-9.5577,-9.9752,-9.7380,-10.0294,-0.0412
7.6200,dirt,0.786,0.400,-0.0995,4.5936,0.1134,0.0395,-0.0694,-0.4666,-9.5982,-9.9181,-9.6511,-10.0049,-0.0458
7.6320,dirt,0.786,0.400,-0.1092,4.5484,-0.0029,0.0404,-0.1549,0.0864,-9.6915,-9.9304,-9.6159,-9.9822,-0.0487
7.6440,dirt,0.786,0.400,-0.1188,4.5245,0.0055,0.0430,0.0569,-0.5373,-9.7482,-9.8240,-9.6632,-9.9344,-0.0543
7.6560,dirt,0.786,0.400,-0.1284,4.4885,0.0205,0.0391,0.2013,-0.0914,-9.7807,-9.8205,-9.6353,-9.8815,-0.0599
7.6680,dirt,0.786,0.400,-0.1379,4.5748,0.0572,0.0322,-0.0107,0.3104,-9.8241,-9.8795,-9.7154,-9.7948,-0.0650
7.6800,dirt,0.786,0.400,-0.1472,4.4540,0.0729,0.0254,-0.0139,-0.2852,-9.7794,-9.9151,-9.7921,-9.7863,-0.0699
7.6920,dirt,0.786,0.400,-0.1565,4.5282,0.0305,0.0173,-0.2085,-0.3799,-9.7240,-9.9730,-9.7686,-9.8093,-0.0743
7.7040,dirt,0.786,0.400,-0.1658,4.4631,0.0720,0.0146,0.0816,-0.4257,-9.6540,-10.0102,-9.7547,-9.8398,-0.0787
7.7160,dirt,0.786,0.400,-0.1748,4.5089,-0.0705,0.0125,0.1569,-0.3673,-9.5315,-10.0034,-9.7791,-9.9495,-0.0830
7.7280,dirt,0.786,0.400,-0.1838,4.5810,0.0358,0.0083,-0.0778,-0.0549,-9.5579,-9.9487,-9.7767,-9.9516,-0.0871
7.7400,dirt,0.786,0.400,-0.1927,4.6334,-0.0021,0.0080,-0.0606,0.0411,-9.6885,-9.9254,-9.7408,-9.9092,-0.0908
7.7520,dirt,0.786,0.400,-0.2014,4.4623,0.0096,0.0049,0.0150,-0.7311,-9.7667,-9.8174,-9.7224,-9.9558,-0.0961
7.7640,dirt,0.786,0.400,-0.2101,4.5274,0.0052,0.0062,-0.2740,-0.1710,-9.7953,-9.7265,-9.6685,-9.9090,-0.1009
7.7760,dirt,0.786,0.400,-0.2186,4.4281,-0.0288,0.0057,-0.1822,-0.3661,-9.7877,-9.8215,-9.7415,-9.7860,-0.1053
7.7880,dirt,0.786,0.400,-0.2269,4.5077,-0.1085,-0.0059,-0.1354,-0.1706,-9.7755,-9.8572,-9.8359,-9.7644,-0.1093
7.8000,dirt,0.786,0.400,-0.2351,4.5114,-0.0800,-0.0115,0.1355,-0.7383,-9.7403,-9.9057,-9.8073,-9.8180,-0.1132
7.8120,dirt,0.786,0.400,-0.2432,4.5220,0.0153,-0.0149,0.1196,-0.1341,-9.7414,-9.9432,-9.8509,-9.8028,-0.1171
7.8240,dirt,0.786,0.400,-0.2511,4.5160,-0.0472,-0.0167,0.0789,-0.8438,-9.6941,-9.9189,-9.8671,-9.8611,-0.1214
7.8360,dirt,0.786,0.400,-0.2588,4.5340,-0.0100,-0.0218,0.0283,-0.6451,-9.5391,-9.8986,-9.8604,-9.8753,-0.1253
7.8480,dirt,0.786,0.400,-0.2664,4.5254,0.0097,-0.0280,0.0082,-0.5406,-9.5285,-9.9341,-9.7751,-9.9115,-0.1280
7.8600,dirt,0.786,0.400,-0.2738,4.6173,-0.0601,-0.0279,-0.3214,-0.2421,-9.6840,-9.8552,-9.7892,-9.8945,-0.1316
7.8720,dirt,0.786,0.400,-0.2811,4.5341,-0.0780,-0.0257,-0.1123,-0.6522,-9.7407,-9.7741,-9.7671,-9.9110,-0.1352
7.8840,dirt,0.786,0.400,-0.2881,4.5378,0.0032,-0.0275,-0.1272,-0.0427,-9.7818,-9.7159,-9.8109,-9.8527,-0.1396
7.8960,dirt,0.786,0.400,-0.2950,4.4451,-0.0755,-0.0287,0.0931,-0.6861,-9.8850,-9.6019,-9.9059,-9.7762,-0.1439
7.9080,dirt,0.786,0.400,-0.3017,4.5303,-0.0782,-0.0403,-0.1293,-0.4371,-9.8244,-9.6923,-9.8782,-9.7917,-0.1470
7.9200,dirt,0.786,0.400,-0.3082,4.5583,-0.0243,-0.0461,-0.0761,-0.5587,-9.7681,-9.8035,-9.9091,-9.7616,-0.1495
7.9320,dirt,0.786,0.400,-0.3145,4.5962,-0.1127,-0.0476,-0.1868,-0.2353,-9.8186,-9.7755,-9.9376,-9.8094,-0.1534
7.9440,dirt,0.786,0.400,-0.3206,4.6252,-0.0914,-0.0525,0.1180,-0.8123,-9.7593,-9.7958,-9.8983,-9.8130,-0.1569
7.9560,dirt,0.786,0.400,-0.3265,4.5050,-0.0161,-0.0539,0.2317,-0.4051,-9.7016,-9.8435,-9.9309,-9.7931,-0.1593
7.9680,dirt,0.786,0.400,-0.3322,4.4609,-0.1384,-0.0614,0.0140,-1.1451,-9.7435,-9.8056,-9.8734,-9.8498,-0.1614
7.9800,dirt,0.786,0.400,-0.3377,4.5613,-0.0469,-0.0650,-0.1826,-0.6611,-9.6058,-9.8256,-9.8989,-9.8856,-0.1642
7.9920,dirt,0.786,0.400,-0.3430,4.5834,-0.0323,-0.0669,-0.1619,-1.1304,-9.5199,-9.8956,-9.8397,-9.9051,-0.1669
8.0040,dirt,0.786,0.400,-0.3481,4.5557,-0.1184,-0.0672,-0.1036,0.2507,-9.6374,-9.8307,-9.9537,-9.8191,-0.1689
8.0160,dirt,0.786,0.400,-0.3529,4.4915,-0.1750,-0.0701,0.0723,-0.8069,-9.7600,-9.7917,-9.9679,-9.7626,-0.1710
8.0280,dirt,0.786,0.400,-0.3575,4.5102,-0.0300,-0.0775,-0.0801,-0.5575,-9.7582,-9.8388,-10.0330,-9.6718,-0.1738
8.0400,dirt,0.786,0.400,-0.3619,4.4959,-0.0865,-0.0765,-0.0707,-0.8436,-9.8140,-9.7085,-10.0600,-9.7191,-0.1769
8.0520,dirt,0.786,0.400,-0.3661,4.6084,-0.1160,-0.0826,0.0643,-0.2964,-9.8675,-9.6014,-10.0873,-9.7544,-0.1790
8.0640,dirt,0.786,0.400,-0.3700,4.5263,-0.0878,-0.0836,0.0192,-1.1924,-9.7843,-9.6178,-10.0499,-9.8773,-0.1810
8.0760,dirt,0.786,0.400,-0.3737,4.5064,-0.1110,-0.0864,0.2302,-0.6486,-9.7602,-9.5595,-9.9817,-9.9182,-0.1837
8.0880,dirt,0.786,0.400,-0.3772,4.5429,-0.1651,-0.0939,-0.1361,-0.6645,-9.7524,-9.6582,-9.9489,-9.9636,-0.1855
8.1000,dirt,0.786,0.400,-0.3804,4.5673,-0.1572,-0.0961,-0.1825,-0.5549,-9.6724,-9.7852,-9.9045,-9.9358,-0.1866
8.1120,dirt,0.786,0.400,-0.3834,4.4831,-0.1746,-0.0944,-0.1042,-1.0317,-9.5939,-9.8439,-9.9545,-9.9849,-0.1878
8.1240,dirt,0.786,0.400,-0.3862,4.4991,-0.1705,-0.0944,0.0757,-0.3588,-9.5856,-9.8761,-10.0941,-9.8280,-0.1893
8.1360,dirt,0.786,0.400,-0.3887,4.5422,-0.0801,-0.0996,0.1513,-0.7599,-9.6418,-9.8997,-10.0717,-9.6975,-0.1908
8.1480,dirt,0.786,0.400,-0.3909,4.5271,-0.1386,-0.1049,-0.1837,-0.5085,-9.6543,-9.8528,-10.0675,-9.7531,-0.1919
8.1600,dirt,0.786,0.400,-0.3929,4.4871,-0.1617,-0.1078,0.1089,-0.2957,-9.6662,-9.8288,-10.0731,-9.9110,-0.1928
8.1720,dirt,0.786,0.400,-0.3947,4.5830,-0.2332,-0.1144,-0.0254,-0.6979,-9.6452,-9.8145,-10.0932,-9.9353,-0.1935
8.1840,dirt,0.786,0.400,-0.3962,4.6000,-0.1192,-0.1177,0.0316,-1.2942,-9.5800,-9.7571,-10.0132,-10.0526,-0.1941
8.1960,dirt,0.786,0.400,-0.3974,4.5925,-0.1407,-0.1198,-0.1773,-0.1757,-9.5005,-9.7554,-10.0386,-10.0813,-0.1945
8.2080,dirt,0.786,0.400,-0.3985,4.5057,-0.1771,-0.1232,0.0850,-0.6458,-9.4763,-9.7841,-10.1482,-9.9718,-0.1949
8.2200,dirt,0.786,0.400,-0.3992,4.6067,-0.1220,-0.1253,-0.1086,-0.9998,-9.5091,-9.7168,-10.0588,-10.0273,-0.1952
8.2320,dirt,0.786,0.400,-0.3997,4.4607,-0.1115,-0.1230,-0.0815,-0.6926,-9.5858,-9.6929,-10.0347,-10.0303,-0.1953
8.2440,dirt,0.786,0.400,-0.4000,4.5010,-0.0053,-0.1202,-0.2534,-1.0904,-9.6781,-9.7243,-10.1897,-9.8323,-0.1958
8.2560,dirt,0.786,0.400,-0.4000,4.4898,-0.1690,-0.1216,0.1740,-0.1390,-9.7622,-9.6505,-10.1939,-9.6991,-0.1961
8.2680,dirt,0.786,0.400,-0.3997,4.5349,-0.0170,-0.1305,0.1779,-0.8027,-9.8204,-9.6548,-10.1634,-9.7017,-0.1964
8.2800,dirt,0.786,0.400,-0.3992,4.4930,-0.0893,-0.1314,0.0983,-0.3560,-9.8662,-9.6974,-10.1453,-9.7437,-0.1964
8.2920,dirt,0.786,0.400,-0.3985,4.5460,-0.1369,-0.1332,0.0066,-0.9165,-9.8875,-9.6564,-10.1125,-9.8511,-0.1961
8.3040,dirt,0.786,0.400,-0.3974,4.4670,-0.1139,-0.1355,0.3264,-0.8442,-9.8334,-9.6542,-10.0672,-9.8662,-0.1957
8.3160,dirt,0.786,0.400,-0.3962,4.4889,-0.1167,-0.1368,0.0022,-0.4021,-9.8327,-9.6804,-10.0624,-9.8830,-0.1952
8.3280,dirt,0.786,0.400,-0.3947,4.6005,-0.0996,-0.1383,-0.0810,-0.6760,-9.8553,-9.6277,-10.1103,-9.8811,-0.1947
8.3400,dirt,0.786,0.400,-0.3929,4.5460,-0.0059,-0.1381,-0.1600,-0.5605,-9.8186,-9.6380,-10.0201,-9.8646,-0.1940
8.3520,dirt,0.786,0.400,-0.3909,4.4855,-0.0762,-0.1361,-0.2168,-0.8679,-9.8092,-9.6588,-10.1174,-9.8133,-0.1933
8.3640,dirt,0.786,0.400,-0.3887,4.5657,-0.1628,-0.1358,-0.0803,-1.1981,-9.8280,-9.6292,-10.1389,-9.8284,-0.1925
8.3760,dirt,0.786,0.400,-0.3862,4.5578,-0.1607,-0.1366,0.1132,-0.5456,-9.8096,-9.6587,-10.1353,-9.7089,-0.1914
8.3880,dirt,0.786,0.400,-0.3834,4.5582,-0.0811,-0.1461,0.0154,-0.4186,-9.7604,-9.7201,-10.1503,-9.5990,-0.1899
8.4000,dirt,0.786,0.400,-0.3804,4.6240,-0.1818,-0.1477,-0.1768,-0.5320,-9.7719,-9.7406,-10.1973,-9.5840,-0.1884
8.4120,dirt,0.786,0.400,-0.3772,4.5540,-0.1102,-0.1536,-0.2087,-0.9567,-9.8008,-9.7672,-10.1447,-9.5789,-0.1869
8.4240,dirt,0.786,0.400,-0.3737,4.4459,-0.0791,-0.1535,0.0743,-0.8607,-9.7514,-9.7899,-10.0965,-9.6784,-0.1853
8.4360,dirt,0.786,0.400,-0.3700,4.5147,-0.0910,-0.1515,-0.1533,-0.4079,-9.7314,-9.7945,-10.0897,-9.7904,-0.1838
8.4480,dirt,0.786,0.400,-0.3661,4.6158,-0.1986,-0.1456,-0.0586,-0.4317,-9.7289,-9.8203,-10.0896,-9.8822,-0.1819
8.4600,dirt,0.786,0.400,-0.3619,4.5398,-0.1192,-0.1440,-0.1111,-0.8479,-9.6794,-9.8169,-10.0359,-9.9651,-0.1794
8.4720,dirt,0.786,0.400,-0.3575,4.5595,-0.1572,-0.1465,-0.0284,-0.2458,-9.6285,-9.8657,-10.0439,-9.9182,-0.1768
8.4840,dirt,0.786,0.400,-0.3529,4.4930,-0.1516,-0.1461,-0.0196,-0.7009,-9.6385,-9.9153,-10.1057,-9.8255,-0.1747
8.4960,dirt,0.786,0.400,-0.3481,4.5115,-0.1551,-0.1447,0.1776,-0.9235,-9.6688,-9.9098,-10.0588,-9.7122,-0.1729
8.5080,dirt,0.786,0.400,-0.3430,4.5256,-0.1695,-0.1404,-0.0973,-1.0711,-9.6695,-9.9490,-10.0949,-9.6551,-0.1706
8.5200,dirt,0.786,0.400,-0.3377,4.5499,-0.1665,-0.1398,0.1599,-0.5939,-9.7161,-9.9956,-10.1652,-9.6019,-0.1682
8.5320,dirt,0.786,0.400,-0.3322,4.5347,-0.1140,-0.1409,0.0107,-0.9208,-9.7546,-9.9542,-10.0704,-9.6568,-0.1656
8.5440,dirt,0.786,0.400,-0.3265,4.5215,-0.1819,-0.1395,0.1308,-0.4552,-9.7165,-9.9801,-10.0969,-9.6438,-0.1626
8.5560,dirt,0.786,0.400,-0.3206,4.5421,-0.1597,-0.1413,-0.1959,-0.6727,-9.7167,-10.0001,-10.1099,-9.6660,-0.1600
8.5680,dirt,0.786,0.400,-0.3145,4.6236,-0.1336,-0.1401,-0.0097,-0.6138,-9.7466,-9.9617,-10.0656,-9.6939,-0.1570
8.5800,dirt,0.786,0.400,-0.3082,4.4552,-0.1351,-0.1391,0.1166,-0.2108,-9.7179,-9.9466,-10.0026,-9.7476,-0.1538
8.5920,dirt,0.786,0.400,-0.3017,4.5274,-0.1808,-0.1373,-0.2615,-0.7990,-9.7070,-9.9826,-10.0897,-9.7452,-0.1507
8.6040,dirt,0.786,0.400,-0.2950,4.5547,-0.2007,-0.1385,0.0915,-0.7825,-9.7405,-9.9579,-10.0574,-9.7655,-0.1474
8.6160,dirt,0.786,0.400,-0.2881,4.4934,-0.0904,-0.1342,-0.0402,-0.4150,-9.7189,-9.9567,-9.9877,-9.8181,-0.1441
8.6280,dirt,0.786,0.400,-0.2811,4.5435,-0.1956,-0.1345,0.0178,-0.5723,-9.7080,-9.9835,-10.0406,-9.7091,-0.1405
8.6400,dirt,0.786,0.400,-0.2738,4.5223,-0.1696,-0.1306,0.0909,-0.7484,-9.7436,-9.9746,-10.1105,-9.6349,-0.1371
8.6520,dirt,0.786,0.400,-0.2664,4.5892,-0.2318,-0.1320,-0.0432,-0.6214,-9.7811,-9.9608,-10.0313,-9.6340,-0.1340
8.6640,dirt,0.786,0.400,-0.2588,4.5382,-0.0803,-0.1297,-0.1361,-0.7348,-9.7440,-9.9988,-10.0390,-9.6182,-0.1303
8.6760,dirt,0.786,0.400,-0.2511,4.6244,-0.1646,-0.1281,-0.0903,-0.4272,-9.7911,-9.9850,-10.0861,-9.6299,-0.1261
8.6880,dirt,0.786,0.400,-0.2432,4.5843,-0.2216,-0.1257,-0.1305,-0.8020,-9.7980,-9.9926,-10.0189,-9.6557,-0.1221
8.7000,dirt,0.786,0.400,-0.2351,4.5353,-0.1817,-0.1226,-0.0718,-0.9238,-9.7348,-10.0594,-9.9545,-9.6961,-0.1188
8.7120,dirt,0.786,0.400,-0.2269,4.4806,-0.1888,-0.1160,-0.2177,-0.9540,-9.7248,-10.1034,-10.0241,-9.6742,-0.1138
8.7240,dirt,0.786,0.400,-0.2186,4.4822,-0.1601,-0.1151,0.2747,-0.5773,-9.7441,-10.1173,-9.9853,-9.6970,-0.1098
8.7360,dirt,0.786,0.400,-0.2101,4.4779,-0.1497,-0.1147,-0.2788,-0.6746,-9.7191,-10.1493,-9.9824,-9.6830,-0.1064
8.7480,dirt,0.786,0.400,-0.2014,4.6035,-0.0792,-0.1163,0.0692,-0.5680,-9.7237,-10.1840,-10.0310,-9.6649,-0.1022
8.7600,dirt,0.786,0.400,-0.1927,4.5084,-0.2195,-0.1144,0.0984,-0.3647,-9.7754,-10.1125,-10.0204,-9.6386,-0.0973
8.7720,dirt,0.786,0.400,-0.1838,4.4981,-0.0682,-0.1187,0.0377,0.0849,-9.7520,-10.0730,-10.0541,-9.6135,-0.0928
8.7840,dirt,0.786,0.400,-0.1748,4.6045,-0.0919,-0.1197,0.0698,-0.5288,-9.7397,-10.0772,-10.0626,-9.6217,-0.0884
8.7960,dirt,0.786,0.400,-0.1658,4.5272,-0.0918,-0.1186,0.1677,0.1654,-9.8193,-9.9766,-10.0624,-9.6411,-0.0844
8.8080,dirt,0.786,0.400,-0.1565,4.5091,-0.0557,-0.1190,-0.1639,0.1290,-9.8193,-9.9392,-10.0291,-9.5657,-0.0793
8.8200,dirt,0.786,0.400,-0.1472,4.4638,-0.1624,-0.1203,-0.0035,-0.6435,-9.8055,-9.9436,-10.0561,-9.5535,-0.0747
8.8320,dirt,0.786,0.400,-0.1379,4.4835,-0.1715,-0.1173,-0.2669,-0.2770,-9.8653,-9.9067,-10.0976,-9.5763,-0.0701
8.8440,dirt,0.786,0.400,-0.1284,4.5364,0.0003,-0.1184,0.2614,-0.0320,-9.8563,-9.8631,-10.0016,-9.5528,-0.0652
8.8560,dirt,0.786,0.400,-0.1188,4.4674,-0.1776,-0.1154,-0.0853,-0.0888,-9.8104,-9.8963,-10.0503,-9.5862,-0.0609
8.8680,dirt,0.786,0.400,-0.1092,4.5312,-0.1979,-0.1141,0.2568,-0.3919,-9.8221,-9.8800,-10.0180,-9.6121,-0.0569
8.8800,dirt,0.786,0.400,-0.0995,4.5163,-0.1221,-0.1069,-0.0800,-0.2310,-9.8552,-9.8382,-9.9692,-9.7287,-0.0515
8.8920,dirt,0.786,0.400,-0.0897,4.5270,-0.1258,-0.1036,-0.2661,-0.7447,-9.7363,-9.8949,-10.0122,-9.7861,-0.0460
8.9040,dirt,0.786,0.400,-0.0799,4.5240,-0.1061,-0.0995,-0.0406,0.0028,-9.7483,-9.8744,-9.9891,-9.8016,-0.0414
8.9160,dirt,0.786,0.400,-0.0700,4.4886,-0.1095,-0.0974,-0.1557,-0.2029,-9.8308,-9.8132,-9.9665,-9.7803,-0.0367
8.9280,dirt,0.786,0.400,-0.0601,4.5387,-0.1029,-0.0891,-0.1716,-0.2950,-9.7468,-9.8939,-9.9154,-9.7501,-0.0317
8.9400,dirt,0.786,0.400,-0.0501,4.5876,-0.1421,-0.0827,0.0338,-0.3980,-9.7230,-9.9176,-9.9387,-9.7421,-0.0262
8.9520,dirt,0.786,0.400,-0.0401,4.5344,-0.1150,-0.0810,-0.2276,0.2413,-9.7630,-9.8800,-9.9807,-9.6935,-0.0211
8.9640,dirt,0.786,0.400,-0.0301,4.4568,-0.1831,-0.0752,0.1493,-0.3690,-9.7654,-9.9095,-9.8585,-9.7299,-0.0172
8.9760,dirt,0.786,0.400,-0.0201,4.4520,-0.0771,-0.0699,-0.0975,0.1239,-9.7269,-9.9440,-9.8782,-9.7318,-0.0127
8.9880,dirt,0.786,0.400,-0.0101,4.5308,-0.1211,-0.0638,-0.1076,0.0520,-9.7773,-9.8921,-9.8973,-9.7219,-0.0076
9.0000,dirt,0.786,0.400,0.0000,4.5222,-0.0931,-0.0641,-0.1175,0.0898,-9.7545,-9.9180,-9.8350,-9.7101,-0.0023
9.0120,dirt,0.786,0.400,0.0101,4.4942,-0.1761,-0.0561,-0.1365,-0.3616,-9.6999,-9.9899,-9.8957,-9.7246,0.0031
9.0240,dirt,0.786,0.400,0.0201,4.6225,-0.0223,-0.0500,-0.0962,-0.1933,-9.7705,-9.9366,-9.9245,-9.7225,0.0081
9.0360,dirt,0.786,0.400,0.0301,4.5420,-0.1211,-0.0452,0.2080,0.1613,-9.7602,-9.9262,-9.8064,-9.7599,0.0129
9.0480,dirt,0.786,0.400,0.0401,4.5223,-0.0496,-0.0394,-0.0717,-0.1473,-9.7093,-9.9666,-9.8077,-9.7933,0.0179
9.0600,dirt,0.786,0.400,0.0501,4.5503,-0.0609,-0.0326,-0.0043,0.7224,-9.7755,-9.9113,-9.8740,-9.7359,0.0224
9.0720,dirt,0.786,0.400,0.0601,4.5686,-0.0458,-0.0329,0.1003,0.1745,-9.7598,-9.8897,-9.8135,-9.7775,0.0267
9.0840,dirt,0.786,0.400,0.0700,4.5597,-0.0620,-0.0325,-0.0498,0.2300,-9.6976,-9.9331,-9.8589,-9.7736,0.0319
9.0960,dirt,0.786,0.400,0.0799,4.5508,-0.0653,-0.0287,-0.0274,0.4665,-9.7321,-9.8838,-9.9101,-9.7419,0.0365
9.1080,dirt,0.786,0.400,0.0897,4.5958,-0.0824,-0.0286,0.2760,0.4097,-9.7437,-9.8206,-9.9167,-9.7518,0.0410
9.1200,dirt,0.786,0.400,0.0995,4.4861,-0.0161,-0.0275,-0.0088,0.1667,-9.6830,-9.8382,-9.9249,-9.7897,0.0462
9.1320,dirt,0.786,0.400,0.1092,4.4953,0.0036,-0.0220,0.0450,0.5187,-9.6959,-9.8552,-9.9355,-9.7899,0.0517
9.1440,dirt,0.786,0.400,0.1188,4.5667,-0.1386,-0.0239,0.3509,0.4687,-9.6998,-9.7834,-9.9864,-9.7167,0.0571
9.1560,dirt,0.786,0.400,0.1284,4.6075,-0.0030,-0.0192,0.0502,1.1268,-9.6630,-9.7767,-9.9541,-9.8077,0.0613
9.1680,dirt,0.786,0.400,0.1379,4.4267,0.0406,-0.0151,0.0026,0.3040,-9.6890,-9.7935,-9.9302,-9.7615,0.0652
9.1800,dirt,0.786,0.400,0.1472,4.4816,-0.0415,-0.0115,0.2641,0.7171,-9.6816,-9.7672,-9.9182,-9.7547,0.0702
9.1920,dirt,0.786,0.400,0.1565,4.6540,0.0454,-0.0124,0.1149,0.3881,-9.6278,-9.8049,-9.8929,-9.7912,0.0753
9.2040,dirt,0.786,0.400,0.1658,4.5390,-0.0499,-0.0068,-0.1928,0.6110,-9.6619,-9.7991,-9.8648,-9.8031,0.0797
9.2160,dirt,0.786,0.400,0.1748,4.5488,0.0578,-0.0069,0.1058,0.5916,-9.6658,-9.7700,-9.8587,-9.7484,0.0845
9.2280,dirt,0.786,0.400,0.1838,4.5564,0.0390,-0.0003,-0.1039,0.5659,-9.5988,-9.8129,-9.8379,-9.8366,0.0893
9.2400,dirt,0.786,0.400,0.1927,4.5857,0.1387,0.0012,0.0358,0.7400,-9.5890,-9.8301,-9.8512,-9.8114,0.0933
9.2520,dirt,0.786,0.400,0.2014,4.4454,0.0003,0.0043,0.0739,0.6802,-9.6167,-9.8095,-9.8394,-9.7868,0.0972
9.2640,dirt,0.786,0.400,0.2101,4.5195,0.1213,0.0054,0.0506,0.7369,-9.5559,-9.8603,-9.8029,-9.8255,0.1016
9.2760,dirt,0.786,0.400,0.2186,4.5326,0.0625,0.0090,-0.0489,0.6929,-9.5486,-9.9137,-9.7811,-9.8600,0.1065
9.2880,dirt,0.786,0.400,0.2269,4.6177,0.0110,0.0145,0.0807,0.7343,-9.5765,-9.8922,-9.8100,-9.8234,0.1107
9.3000,dirt,0.786,0.400,0.2351,4.4230,0.0161,0.0187,-0.1127,0.0250,-9.5227,-9.9562,-9.7406,-9.8395,0.1145
9.3120,dirt,0.786,0.400,0.2432,4.4806,0.0299,0.0207,0.0386,1.0303,-9.5439,-9.9826,-9.7372,-9.8714,0.1187
9.3240,dirt,0.786,0.400,0.2511,4.4653,0.0979,0.0246,-0.0752,0.2162,-9.5548,-10.0277,-9.7280,-9.8356,0.1233
9.3360,dirt,0.786,0.400,0.2588,4.5955,0.0169,0.0254,0.1268,1.1721,-9.5249,-10.0737,-9.7201,-9.8650,0.1270
9.3480,dirt,0.786,0.400,0.2664,4.5504,0.1527,0.0331,-0.0111,0.2930,-9.5417,-10.1215,-9.6987,-9.9092,0.1303
9.3600,dirt,0.786,0.400,0.2738,4.4798,0.0252,0.0355,0.1682,0.2996,-9.5425,-10.1648,-9.7060,-9.8510,0.1339
9.3720,dirt,0.786,0.400,0.2811,4.5375,0.0868,0.0386,0.0430,0.3348,-9.4290,-10.2289,-9.6874,-9.9007,0.1384
9.3840,dirt,0.786,0.400,0.2881,4.5544,0.0839,0.0402,-0.1474,0.4173,-9.4216,-10.2615,-9.6887,-9.9229,0.1425
9.3960,dirt,0.786,0.400,0.2950,4.4937,0.1784,0.0481,0.0003,0.4048,-9.4051,-10.2848,-9.7142,-9.8880,0.1458
9.4080,dirt,0.786,0.400,0.3017,4.5347,0.0819,0.0562,0.0226,0.4778,-9.3625,-10.2574,-9.6646,-9.9495,0.1495
9.4200,dirt,0.786,0.400,0.3082,4.5691,0.0291,0.0544,0.0483,1.0043,-9.4293,-10.2527,-9.6825,-9.9655,0.1525
9.4320,dirt,0.786,0.400,0.3145,4.5223,0.0439,0.0612,-0.3194,0.6240,-9.4700,-10.2031,-9.7138,-9.9874,0.1551
9.4440,dirt,0.786,0.400,0.3206,4.5469,0.1140,0.0669,0.1248,0.1296,-9.4479,-10.1486,-9.6448,-10.1480,0.1584
9.4560,dirt,0.786,0.400,0.3265,4.5310,0.0773,0.0715,0.0950,0.3374,-9.4880,-10.0825,-9.6273,-10.3001,0.1617
9.4680,dirt,0.786,0.400,0.3322,4.4169,0.1134,0.0812,0.0169,0.8999,-9.4902,-10.0237,-9.6571,-10.3559,0.1647
9.4800,dirt,0.786,0.400,0.3377,4.5881,0.0796,0.0868,0.0396,0.2157,-9.5021,-9.9477,-9.6209,-10.3708,0.1670
9.4920,dirt,0.786,0.400,0.3430,4.4854,0.0541,0.0906,0.1823,1.0370,-9.6047,-9.8610,-9.6322,-10.3912,0.1689
9.5040,dirt,0.786,0.400,0.3481,4.4972,0.1277,0.0921,0.1781,0.1177,-9.5966,-9.8548,-9.6822,-10.2923,0.1711
9.5160,dirt,0.786,0.400,0.3529,4.4915,0.1968,0.0961,0.1841,0.6755,-9.6225,-9.8447,-9.6611,-10.2447,0.1735
9.5280,dirt,0.786,0.400,0.3575,4.5714,0.0717,0.1022,0.1092,0.8509,-9.6722,-9.8594,-9.6479,-10.2426,0.1754
9.5400,dirt,0.786,0.400,0.3619,4.4510,0.1060,0.1055,0.1855,0.2237,-9.6392,-9.8856,-9.6491,-10.2388,0.1775
9.5520,dirt,0.786,0.400,0.3661,4.5585,0.1067,0.1081,0.0802,0.2342,-9.6273,-9.9096,-9.6534,-10.2245,0.1798
9.5640,dirt,0.786,0.400,0.3700,4.4342,0.0820,0.1096,0.0710,0.8095,-9.5961,-9.9580,-9.6452,-10.2392,0.1815
9.5760,dirt,0.786,0.400,0.3737,4.5542,0.1401,0.1129,-0.0019,0.3291,-9.5650,-9.9507,-9.6667,-10.1880,0.1834
9.5880,dirt,0.786,0.400,0.3772,4.5277,0.1249,0.1173,-0.1229,0.6802,-9.5874,-9.9685,-9.6614,-10.2078,0.1853
9.6000,dirt,0.786,0.400,0.3804,4.6075,0.1509,0.1211,-0.0413,0.4875,-9.6095,-9.9280,-9.6646,-10.1717,0.1868
9.6120,dirt,0.786,0.400,0.3834,4.5254,0.1053,0.1214,0.0892,0.8300,-9.6113,-9.9248,-9.6926,-10.1255,0.1882
9.6240,dirt,0.786,0.400,0.3862,4.5806,0.1058,0.1254,-0.1118,0.7416,-9.6495,-9.8870,-9.6010,-10.2039,0.1896
9.6360,dirt,0.786,0.400,0.3887,4.6035,0.0758,0.1282,0.0842,1.1494,-9.7064,-9.8629,-9.5811,-10.1655,0.1907
9.6480,dirt,0.786,0.400,0.3909,4.5448,0.1571,0.1327,-0.0446,1.5163,-9.7247,-9.8459,-9.6355,-10.1110,0.1919
9.6600,dirt,0.786,0.400,0.3929,4.5122,0.1070,0.1325,0.0695,0.9726,-9.7261,-9.8418,-9.6251,-10.1598,0.1930
9.6720,dirt,0.786,0.400,0.3947,4.5775,0.0677,0.1328,-0.0622,0.8773,-9.7149,-9.8580,-9.7407,-10.1085,0.1936
9.6840,dirt,0.786,0.400,0.3962,4.5880,0.0103,0.1350,0.1501,0.2631,-9.6646,-9.8726,-9.7154,-10.1251,0.1941
9.6960,dirt,0.786,0.400,0.3974,4.5049,0.1697,0.1364,0.0161,1.0326,-9.6558,-9.8569,-9.8056,-10.0916,0.1950
9.7080,dirt,0.786,0.400,0.3985,4.5099,0.2071,0.1338,0.0283,0.7835,-9.5991,-9.8683,-9.8729,-10.1343,0.1958
9.7200,dirt,0.786,0.400,0.3992,4.6143,0.1145,0.1371,0.0802,0.9908,-9.5157,-9.8832,-9.8503,-10.1198,0.1964
9.7320,dirt,0.786,0.400,0.3997,4.4554,0.1944,0.1376,0.1049,0.5172,-9.5535,-9.8271,-9.8960,-10.1689,0.1968
9.7440,dirt,0.786,0.400,0.4000,4.4992,0.1260,0.1399,-0.0854,0.8382,-9.5853,-9.7864,-10.0012,-10.1616,0.1970
9.7560,dirt,0.786,0.400,0.4000,4.5233,0.1134,0.1430,0.1458,0.5113,-9.5806,-9.7761,-9.9510,-10.1478,0.1970
9.7680,dirt,0.786,0.400,0.3997,4.4604,0.1635,0.1471,-0.1220,0.7278,-9.6074,-9.7629,-9.9769,-10.1310,0.1969
9.7800,dirt,0.786,0.400,0.3992,4.5872,0.1779,0.1444,-0.2128,1.0925,-9.6157,-9.7124,-10.0611,-10.1321,0.1968
9.7920,dirt,0.786,0.400,0.3985,4.5795,0.0862,0.1431,-0.0884,0.6141,-9.5848,-9.7518,-9.9894,-10.0761,0.1964
9.8040,dirt,0.786,0.400,0.3974,4.5430,0.1458,0.1437,0.0002,0.7608,-9.5732,-9.7866,-9.8792,-10.1039,0.1961
9.8160,dirt,0.786,0.400,0.3962,4.5216,0.1176,0.1404,-0.0149,1.3692,-9.5377,-9.8305,-9.8771,-10.1359,0.1958
9.8280,dirt,0.786,0.400,0.3947,4.4805,0.1743,0.1411,0.0206,1.1047,-9.4733,-9.9080,-9.8443,-10.1072,0.1954
9.8400,dirt,0.786,0.400,0.3929,4.5557,0.0749,0.1450,0.0495,0.7579,-9.5060,-9.9061,-9.7646,-10.1375,0.1948
9.8520,dirt,0.786,0.400,0.3909,4.5785,0.1597,0.1440,-0.0954,1.5767,-9.5283,-9.9439,-9.8188,-10.1484,0.1940
9.8640,dirt,0.786,0.400,0.3887,4.4943,0.1249,0.1466,0.1080,0.7551,-9.5103,-9.9532,-9.7740,-10.1477,0.1929
9.8760,dirt,0.786,0.400,0.3862,4.5265,0.2184,0.1460,0.2484,1.0785,-9.5753,-9.9061,-9.7600,-10.1088,0.1918
9.8880,dirt,0.786,0.400,0.3834,4.6489,0.0943,0.1492,0.0727,0.8805,-9.5894,-9.9191,-9.8030,-10.1031,0.1905
9.9000,dirt,0.786,0.400,0.3804,4.5574,0.2425,0.1519,-0.0853,0.9137,-9.5598,-9.9535,-9.7041,-10.1793,0.1891
9.9120,dirt,0.786,0.400,0.3772,4.5049,0.1375,0.1531,-0.0027,0.6925,-9.5627,-9.9968,-9.6742,-10.1482,0.1877
9.9240,dirt,0.786,0.400,0.3737,4.4540,0.1476,0.1511,0.0017,1.1484,-9.5108,-10.0426,-9.6456,-10.1854,0.1862
9.9360,dirt,0.786,0.400,0.3700,4.5137,0.1549,0.1532,0.0100,0.6127,-9.5031,-10.0526,-9.6008,-10.1848,0.1845
9.9480,dirt,0.786,0.400,0.3661,4.5608,0.1958,0.1542,-0.3542,0.5789,-9.5168,-10.0770,-9.4859,-10.2262,0.1825
9.9600,dirt,0.786,0.400,0.3619,4.5536,0.1962,0.1553,-0.0976,1.1786,-9.5635,-10.1063,-9.5255,-10.1781,0.1807
9.9720,dirt,0.786,0.400,0.3575,4.5203,0.2516,0.1576,-0.0529,0.5259,-9.6052,-10.0682,-9.5325,-10.1541,0.1788
9.9840,dirt,0.786,0.400,0.3529,4.5345,0.1907,0.1579,0.2440,0.7060,-9.6685,-10.0435,-9.4678,-10.2765,0.1764
9.9960,dirt,0.786,0.400,0.3481,4.5787,0.2042,0.1611,0.1018,0.6291,-9.6772,-10.0389,-9.5585,-10.1395,0.1739
10.0080,dirt,0.786,0.400,0.3430,4.6097,0.1477,0.1596,-0.0133,0.8335,-9.6789,-10.0558,-9.5584,-10.1218,0.1713
10.0200,dirt,0.786,0.400,0.3377,4.5532,0.1206,0.1552,-0.0921,0.6660,-9.6487,-10.0786,-9.5523,-10.1668,0.1690
10.0320,dirt,0.786,0.400,0.3322,4.6632,0.0794,0.1530,-0.0595,0.6889,-9.6297,-10.0737,-9.5782,-10.1066,0.1665
10.0440,dirt,0.786,0.400,0.3265,4.4839,0.2686,0.1526,-0.0549,0.7144,-9.6066,-10.0499,-9.6264,-10.0762,0.1640
10.0560,dirt,0.786,0.400,0.3206,4.4710,0.1403,0.1519,-0.0764,1.2041,-9.6928,-9.9980,-9.6145,-10.1382,0.1611
10.0680,dirt,0.786,0.400,0.3145,4.6083,0.2061,0.1557,-0.2525,0.9911,-9.7148,-9.9970,-9.5937,-10.0951,0.1578
10.0800,dirt,0.786,0.400,0.3082,4.5741,0.1189,0.1591,-0.1032,0.3573,-9.6993,-9.9878,-9.5772,-10.0949,0.1554
10.0920,dirt,0.786,0.400,0.3017,4.4745,0.1055,0.1585,-0.1249,0.4655,-9.6986,-10.0004,-9.5900,-10.1333,0.1515
10.1040,dirt,0.786,0.400,0.2950,4.6071,0.1495,0.1610,0.1116,0.4688,-9.6187,-10.0094,-9.6046,-10.1381,0.1476
10.1160,dirt,0.786,0.400,0.2881,4.6643,0.1118,0.1598,-0.0751,0.7525,-9.6342,-9.9953,-9.5532,-10.1517,0.1448
10.1280,dirt,0.786,0.400,0.2811,4.5076,0.2316,0.1599,0.0577,0.9035,-9.6548,-9.9793,-9.5506,-10.1466,0.1420
10.1400,dirt,0.786,0.400,0.2738,4.5525,0.1622,0.1611,-0.1609,0.9786,-9.6522,-9.9498,-9.5516,-10.2041,0.1385
10.1520,dirt,0.786,0.400,0.2664,4.4316,0.1975,0.1622,-0.2097,0.4211,-9.7090,-9.9639,-9.4976,-10.1601,0.1346
10.1640,dirt,0.786,0.400,0.2588,4.5455,0.1277,0.1597,-0.1357,1.0723,-9.6904,-9.9598,-9.5526,-10.1038,0.1306
10.1760,dirt,0.786,0.400,0.2511,4.6462,0.1600,0.1590,0.0524,0.5393,-9.6563,-10.0119,-9.5739,-10.1096,0.1269
10.1880,dirt,0.786,0.400,0.2432,4.5098,0.2308,0.1497,-0.0867,0.4869,-9.6322,-10.0189,-9.5629,-10.0962,0.1232
10.2000,dirt,0.786,0.400,0.2351,4.4957,0.2361,0.1495,-0.0531,0.8384,-9.6063,-10.0377,-9.6297,-10.1131,0.1199
10.2120,dirt,0.786,0.400,0.2269,4.5700,0.1809,0.1446,0.0787,0.7801,-9.6130,-10.0221,-9.6240,-10.1557,0.1163
10.2240,dirt,0.786,0.400,0.2186,4.5328,0.1722,0.1457,0.0537,0.7743,-9.7505,-9.9429,-9.6124,-10.1213,0.1117
10.2360,dirt,0.786,0.400,0.2101,4.5619,0.1050,0.1466,-0.0060,0.2182,-9.7485,-9.9265,-9.6533,-10.1281,0.1068
10.2480,dirt,0.786,0.400,0.2014,4.4523,0.1269,0.1465,0.1647,0.0836,-9.6972,-9.9710,-9.6261,-10.1433,0.1026
10.2600,dirt,0.786,0.400,0.1927,4.5376,0.1369,0.1434,-0.0959,0.1213,-9.7123,-9.9950,-9.5877,-10.1591,0.0989
10.2720,dirt,0.786,0.400,0.1838,4.6038,0.1100,0.1443,0.1110,0.3971,-9.6816,-9.9819,-9.5604,-10.1268,0.0945
10.2840,dirt,0.786,0.400,0.1748,4.5135,0.2296,0.1446,-0.0667,0.4675,-9.7127,-9.9716,-9.5226,-10.1411,0.0898
10.2960,dirt,0.786,0.400,0.1658,4.6133,0.1613,0.1444,-0.0258,0.5760,-9.8047,-9.8900,-9.4426,-10.1539,0.0852
10.3080,dirt,0.786,0.400,0.1565,4.5679,0.2008,0.1368,-0.1237,0.8621,-9.7993,-9.9078,-9.5507,-10.0385,0.0805
10.3200,dirt,0.786,0.400,0.1472,4.5354,0.2023,0.1338,-0.0334,0.1393,-9.7852,-9.9654,-9.6112,-10.0877,0.0760
10.3320,dirt,0.786,0.400,0.1379,4.5574,0.1968,0.1264,-0.1823,0.6768,-9.7987,-9.9607,-9.6137,-10.0701,0.0718
10.3440,dirt,0.786,0.400,0.1284,4.6352,0.2290,0.1223,0.0642,0.2282,-9.7223,-9.9902,-9.6868,-10.0361,0.0672
10.3560,dirt,0.786,0.400,0.1188,4.5123,0.1997,0.1207,0.0176,-0.0307,-9.6938,-9.9992,-9.6850,-10.0515,0.0622
10.3680,dirt,0.786,0.400,0.1092,4.5103,0.1860,0.1200,0.0729,0.0271,-9.7472,-9.9386,-9.6233,-10.1390,0.0571
10.3800,dirt,0.786,0.400,0.0995,4.4985,0.1054,0.1140,-0.0761,0.2357,-9.7439,-9.9201,-9.6591,-10.1068,0.0526
10.3920,dirt,0.786,0.400,0.0897,4.5304,0.1409,0.1138,0.0082,-0.2764,-9.7407,-9.9342,-9.6916,-10.0499,0.0488
10.4040,dirt,0.786,0.400,0.0799,4.6056,0.0878,0.1122,-0.2230,0.3399,-9.7411,-9.9455,-9.5620,-10.1308,0.0441
10.4160,dirt,0.786,0.400,0.0700,4.5545,0.1320,0.1142,-0.1542,-0.3842,-9.7318,-9.9436,-9.5195,-10.1239,0.0378
10.4280,dirt,0.786,0.400,0.0601,4.5964,0.1953,0.1057,-0.2436,0.1623,-9.6370,-10.0321,-9.5842,-9.9530,0.0323
10.4400,dirt,0.786,0.400,0.0501,4.5194,0.0983,0.0992,-0.1456,0.4564,-9.6714,-10.0038,-9.5847,-10.0436,0.0282
10.4520,dirt,0.786,0.400,0.0401,4.5392,0.0450,0.0947,-0.0805,0.6323,-9.7181,-9.9473,-9.6458,-9.9995,0.0245
10.4640,dirt,0.786,0.400,0.0301,4.4860,0.0448,0.0912,-0.0001,0.0539,-9.7650,-9.9005,-9.7205,-9.9699,0.0197
10.4760,dirt,0.786,0.400,0.0201,4.5261,0.1978,0.0884,-0.0594,0.2135,-9.8179,-9.8969,-9.7030,-10.0178,0.0137
10.4880,dirt,0.786,0.400,0.0101,4.5175,0.0629,0.0805,0.2173,-0.0285,-9.7663,-9.9176,-9.7344,-10.0261,0.0078
10.5000,dirt,0.786,0.400,-0.0000,4.5682,0.0705,0.0808,0.0365,-0.2506,-9.7335,-9.9481,-9.7187,-10.0062,0.0028
10.5120,dirt,0.786,0.400,-0.0101,4.5607,0.1012,0.0738,0.1956,0.0799,-9.6781,-9.9528,-9.6472,-10.0141,-0.0006
10.5240,dirt,0.786,0.400,-0.0201,4.6040,0.0411,0.0740,-0.0581,-0.1482,-9.6232,-9.9796,-9.5955,-10.0736,-0.0052
10.5360,dirt,0.786,0.400,-0.0301,4.5511,0.0295,0.0729,0.1698,-0.0605,-9.7099,-9.9244,-9.6124,-9.9742,-0.0110
10.5480,dirt,0.786,0.400,-0.0401,4.4972,0.0421,0.0698,-0.1455,0.0884,-9.8238,-9.8851,-9.6213,-9.9438,-0.0165
10.5600,dirt,0.786,0.400,-0.0501,4.4993,0.0285,0.0601,0.0342,0.3618,-9.7782,-9.9265,-9.6917,-9.9607,-0.0210
10.5720,dirt,0.786,0.400,-0.0601,4.5421,0.0210,0.0572,0.1112,-0.2343,-9.7380,-9.9748,-9.7858,-9.8307,-0.0245
10.5840,dirt,0.786,0.400,-0.0700,4.5005,-0.0229,0.0531,0.1414,0.2338,-9.7959,-9.9288,-9.7658,-9.9324,-0.0323
10.5960,dirt,0.786,0.400,-0.0799,4.5984,-0.0498,0.0487,0.2335,-0.2329,-9.6664,-9.9450,-9.7830,-9.9577,-0.0373
10.6080,dirt,0.786,0.400,-0.0897,4.3990,0.0425,0.0398,-0.0255,-0.4923,-9.5924,-9.9826,-9.7726,-9.9640,-0.0406
10.6200,dirt,0.786,0.400,-0.0995,4.5366,-0.0207,0.0412,0.0750,0.0956,-9.7049,-9.8608,-9.7092,-9.9799,-0.0445
10.6320,dirt,0.786,0.400,-0.1092,4.4964,0.0552,0.0388,-0.2725,-0.4309,-9.7390,-9.8422,-9.6688,-9.9425,-0.0497
10.6440,dirt,0.786,0.400,-0.1188,4.4567,0.0856,0.0381,-0.1161,-0.0400,-9.8010,-9.8450,-9.6575,-9.8567,-0.0553
10.6560,dirt,0.786,0.400,-0.1284,4.6465,0.0055,0.0340,-0.2410,0.1957,-9.8306,-9.8699,-9.7098,-9.8208,-0.0603
10.6680,dirt,0.786,0.400,-0.1379,4.5242,0.1160,0.0204,-0.1826,-0.3613,-9.8108,-9.8841,-9.7511,-9.8688,-0.0640
10.6800,dirt,0.786,0.400,-0.1472,4.5115,0.0161,0.0191,0.2779,-0.1148,-9.7297,-9.9367,-9.8040,-9.8329,-0.0679
10.6920,dirt,0.786,0.400,-0.1565,4.6219,0.0049,0.0172,0.0725,-0.0452,-9.7297,-9.8852,-9.7621,-9.9743,-0.0745
10.7040,dirt,0.786,0.400,-0.1658,4.4750,-0.0307,0.0126,-0.2441,-0.6502,-9.6001,-9.9038,-9.8167,-9.9560,-0.0791
10.7160,dirt,0.786,0.400,-0.1748,4.5390,-0.0010,0.0108,0.1117,-0.2185,-9.6473,-9.8694,-9.7453,-9.9308,-0.0824
10.7280,dirt,0.786,0.400,-0.1838,4.5712,0.0446,0.0091,-0.0077,-0.3167,-9.8030,-9.7405,-9.6662,-9.9960,-0.0861
10.7400,dirt,0.786,0.400,-0.1927,4.5481,0.0447,0.0072,0.1762,-0.1733,-9.8157,-9.7792,-9.7759,-9.8579,-0.0920
10.7520,dirt,0.786,0.400,-0.2014,4.5064,-0.0058,-0.0000,-0.0935,-0.6278,-9.7772,-9.8703,-9.8187,-9.7837,-0.0967
10.7640,dirt,0.786,0.400,-0.2101,4.5494,-0.1197,-0.0027,-0.1619,0.1951,-9.7964,-9.8789,-9.7968,-9.8257,-0.1002
10.7760,dirt,0.786,0.400,-0.2186,4.4974,-0.0119,-0.0082,-0.2633,-0.3257,-9.7648,-9.9157,-9.8389,-9.8718,-0.1036
10.7880,dirt,0.786,0.400,-0.2269,4.5532,-0.0207,-0.0132,-0.1021,-0.3291,-9.6763,-9.9503,-9.8456,-9.8549,-0.1084
10.8000,dirt,0.786,0.400,-0.2351,4.5472,-0.0169,-0.0156,-0.1869,-1.0223,-9.5892,-9.9109,-9.8616,-9.9059,-0.1139
10.8120,dirt,0.786,0.400,-0.2432,4.4929,-0.0071,-0.0197,0.0366,-0.4524,-9.5796,-9.9191,-9.8076,-9.9403,-0.1177
10.8240,dirt,0.786,0.400,-0.2511,4.4845,-0.0575,-0.0177,-0.0884,-0.3242,-9.6476,-9.8836,-9.8013,-9.9262,-0.1201
10.8360,dirt,0.786,0.400,-0.2588,4.4846,-0.0475,-0.0208,-0.0055,-0.0201,-9.7946,-9.7217,-9.7630,-9.8840,-0.1237
10.8480,dirt,0.786,0.400,-0.2664,4.5311,-0.0772,-0.0235,-0.1953,-0.2397,-9.8472,-9.7351,-9.8627,-9.7935,-0.1289
10.8600,dirt,0.786,0.400,-0.2738,4.5307,-0.0599,-0.0275,-0.3220,-0.6508,-9.7996,-9.8153,-9.8829,-9.7904,-0.1336
10.8720,dirt,0.786,0.400,-0.2811,4.5434,-0.0349,-0.0318,0.0709,-0.4823,-9.8104,-9.8211,-9.8496,-9.8197,-0.1370
10.8840,dirt,0.786,0.400,-0.2881,4.5135,0.0015,-0.0373,-0.0073,-0.0155,-9.8037,-9.8564,-9.9176,-9.8289,-0.1398
10.8960,dirt,0.786,0.400,-0.2950,4.5360,-0.1177,-0.0384,0.1634,-0.5200,-9.7103,-9.8813,-9.9187,-9.8347,-0.1429
10.9080,dirt,0.786,0.400,-0.3017,4.5229,0.0045,-0.0467,-0.0869,-0.9324,-9.6100,-9.8538,-9.8687,-9.8930,-0.1466
10.9200,dirt,0.786,0.400,-0.3082,4.4805,-0.0818,-0.0499,0.0691,-0.5909,-9.5720,-9.8545,-9.8251,-9.9500,-0.1500
10.9320,dirt,0.786,0.400,-0.3145,4.5638,-0.0675,-0.0503,-0.0569,-0.3034,-9.5888,-9.8709,-9.9299,-9.8751,-0.1524
10.9440,dirt,0.786,0.400,-0.3206,4.5549,0.0231,-0.0506,-0.0244,-0.3863,-9.6869,-9.7560,-9.8741,-9.8702,-0.1548
10.9560,dirt,0.786,0.400,-0.3265,4.4591,0.0807,-0.0529,-0.0978,-0.5074,-9.8022,-9.6492,-9.9320,-9.8202,-0.1586
10.9680,dirt,0.786,0.400,-0.3322,4.5457,-0.0489,-0.0582,-0.0209,-0.6405,-9.8099,-9.6116,-9.9689,-9.8068,-0.1623
10.9800,dirt,0.786,0.400,-0.3377,4.5315,-0.0074,-0.0612,-0.0070,-0.8516,-9.7497,-9.7039,-9.9733,-9.8516,-0.1648
10.9920,dirt,0.786,0.400,-0.3430,4.5984,-0.0464,-0.0686,0.0211,-0.3096,-9.7169,-9.8015,-10.0113,-9.8429,-0.1673
11.0040,dirt,0.786,0.400,-0.3481,4.6139,-0.0997,-0.0712,0.1180,-0.4647,-9.6983,-9.7837,-10.0828,-9.8723,-0.1701
11.0160,dirt,0.786,0.400,-0.3529,4.5833,-0.1572,-0.0710,-0.0337,-0.6586,-9.6630,-9.7687,-9.8951,-9.9719,-0.1726
11.0280,dirt,0.786,0.400,-0.3575,4.5151,-0.1630,-0.0765,-0.1705,-1.0626,-9.6631,-9.8129,-9.8732,-9.9764,-0.1749
11.0400,dirt,0.786,0.400,-0.3619,4.5680,0.0133,-0.0808,-0.0489,-0.3992,-9.6667,-9.8183,-10.0187,-9.7352,-0.1769
11.0520,dirt,0.786,0.400,-0.3661,4.5741,-0.1404,-0.0846,0.0375,-0.9923,-9.5351,-9.8410,-9.9841,-9.7368,-0.1784
11.0640,dirt,0.786,0.400,-0.3700,4.5049,-0.0919,-0.0870,-0.1604,-0.7806,-9.5353,-9.9115,-10.0098,-9.7298,-0.1804
11.0760,dirt,0.786,0.400,-0.3737,4.5690,0.0183,-0.0852,0.0309,-0.4345,-9.6856,-9.8372,-10.1629,-9.7172,-0.1820
11.0880,dirt,0.786,0.400,-0.3772,4.4499,-0.1482,-0.0930,0.1136,-0.4607,-9.7177,-9.7539,-10.1076,-9.8160,-0.1833
11.1000,dirt,0.786,0.400,-0.3804,4.5142,-0.1295,-0.0938,-0.0159,-0.8558,-9.7574,-9.6840,-10.0369,-9.9280,-0.1853
11.1120,dirt,0.786,0.400,-0.3834,4.5227,-0.1409,-0.0967,-0.0516,-0.1813,-9.7998,-9.5554,-9.9895,-10.0108,-0.1877
11.1240,dirt,0.786,0.400,-0.3862,4.5407,-0.1235,-0.0985,-0.3809,-1.2076,-9.7675,-9.5294,-9.9360,-10.1225,-0.1896
11.1360,dirt,0.786,0.400,-0.3887,4.5278,-0.0589,-0.1015,-0.2678,-0.8760,-9.6884,-9.6597,-10.0007,-10.0080,-0.1910
11.1480,dirt,0.786,0.400,-0.3909,4.5727,-0.1080,-0.1089,0.0783,-0.6249,-9.6943,-9.7121,-10.0860,-9.8113,-0.1920
11.1600,dirt,0.786,0.400,-0.3929,4.6037,-0.1738,-0.1112,0.0532,-0.7551,-9.7097,-9.7710,-10.1307,-9.7598,-0.1929
11.1720,dirt,0.786,0.400,-0.3947,4.6169,-0.1721,-0.1121,0.0621,-1.0009,-9.6492,-9.8927,-10.0640,-9.8553,-0.1936
11.1840,dirt,0.786,0.400,-0.3962,4.6186,-0.0147,-0.1158,0.0501,-0.1571,-9.6387,-9.8261,-10.0889,-9.9055,-0.1944
11.1960,dirt,0.786,0.400,-0.3974,4.6037,-0.1410,-0.1182,0.0708,-0.8753,-9.6831,-9.7752,-10.0869,-9.9717,-0.1951
11.2080,dirt,0.786,0.400,-0.3985,4.5399,-0.1183,-0.1223,-0.0707,-0.4100,-9.6478,-9.8080,-10.1145,-9.9619,-0.1959
11.2200,dirt,0.786,0.400,-0.3992,4.4899,-0.1052,-0.1275,-0.0756,-1.0905,-9.6053,-9.7735,-10.0387,-9.9983,-0.1962
11.2320,dirt,0.786,0.400,-0.3997,4.5157,-0.1953,-0.1260,0.0249,-0.7961,-9.5497,-9.7577,-10.0810,-10.0424,-0.1962
11.2440,dirt,0.786,0.400,-0.4000,4.5330,-0.0999,-0.1253,-0.4546,-1.1637,-9.4711,-9.8044,-10.1369,-9.9713,-0.1960
11.2560,dirt,0.786,0.400,-0.4000,4.5286,-0.1180,-0.1260,-0.0034,-0.1484,-9.5117,-9.7765,-10.1537,-9.8044,-0.1955
11.2680,dirt,0.786,0.400,-0.3997,4.5176,-0.1194,-0.1264,0.2120,-0.4559,-9.6677,-9.7372,-10.1580,-9.8259,-0.1955
11.2800,dirt,0.786,0.400,-0.3992,4.5501,-0.0627,-0.1322,0.0853,-0.8042,-9.7407,-9.7820,-10.1293,-9.8459,-0.1956
11.2920,dirt,0.786,0.400,-0.3985,4.5716,-0.1783,-0.1297,0.0746,-1.0136,-9.7452,-9.7398,-10.0871,-9.8721,-0.1958
11.3040,dirt,0.786,0.400,-0.3974,4.5201,-0.1747,-0.1298,0.0729,-0.4572,-9.7946,-9.6870,-10.0489,-9.9260,-0.1957
11.3160,dirt,0.786,0.400,-0.3962,4.5425,-0.0277,-0.1313,-0.0844,-0.8354,-9.8061,-9.7067,-10.1009,-9.8917,-0.1952
11.3280,dirt,0.786,0.400,-0.3947,4.4311,-0.0913,-0.1308,-0.0899,-0.7219,-9.7770,-9.6414,-10.0350,-9.9573,-0.1946
11.3400,dirt,0.786,0.400,-0.3929,4.5603,-0.1162,-0.1314,0.1115,-0.5983,-9.8100,-9.5858,-10.0891,-9.9290,-0.1939
11.3520,dirt,0.786,0.400,-0.3909,4.4687,-0.0341,-0.1319,-0.0699,-0.9710,-9.8154,-9.6186,-10.1978,-9.7954,-0.1933
11.3640,dirt,0.786,0.400,-0.3887,4.5676,-0.1569,-0.1376,0.0362,-0.8063,-9.8038,-9.6006,-10.1728,-9.6422,-0.1926
11.3760,dirt,0.786,0.400,-0.3862,4.5163,-0.2228,-0.1376,-0.0943,-0.5160,-9.7921,-9.6513,-10.1126,-9.6740,-0.1915
11.3880,dirt,0.786,0.400,-0.3834,4.5180,-0.1774,-0.1442,0.0798,-0.5133,-9.7826,-9.7179,-10.1903,-9.6366,-0.1902
11.4000,dirt,0.786,0.400,-0.3804,4.4693,-0.1997,-0.1429,-0.0158,-0.8859,-9.7715,-9.7528,-10.1330,-9.7191,-0.1887
11.4120,dirt,0.786,0.400,-0.3772,4.5183,-0.1954,-0.1443,0.1198,-0.8454,-9.7100,-9.8236,-10.0477,-9.8047,-0.1871
11.4240,dirt,0.786,0.400,-0.3737,4.4999,-0.2264,-0.1413,-0.1655,-1.0137,-9.6843,-9.9050,-10.0474,-9.8642,-0.1856
11.4360,dirt,0.786,0.400,-0.3700,4.4904,-0.2491,-0.1417,0.0653,-0.8803,-9.6662,-9.8810,-10.1219,-9.8354,-0.1835
11.4480,dirt,0.786,0.400,-0.3661,4.5875,-0.1926,-0.1408,0.0160,-0.6528,-9.6359,-9.9008,-10.0441,-9.8118,-0.1815
11.4600,dirt,0.786,0.400,-0.3619,4.5436,-0.2063,-0.1400,0.0903,-0.3791,-9.6461,-9.9710,-10.0706,-9.6943,-0.1796
11.4720,dirt,0.786,0.400,-0.3575,4.5673,-0.2759,-0.1386,-0.1357,-1.1696,-9.7462,-9.9078,-10.1231,-9.6077,-0.1776
11.4840,dirt,0.786,0.400,-0.3529,4.4777,-0.2128,-0.1399,-0.0196,-0.8790,-9.7580,-9.8925,-10.0799,-9.6106,-0.1753
11.4960,dirt,0.786,0.400,-0.3481,4.4767,-0.1414,-0.1370,-0.1152,-1.0654,-9.7189,-9.9316,-10.0886,-9.6364,-0.1728
11.5080,dirt,0.786,0.400,-0.3430,4.5158,-0.1850,-0.1414,0.0495,-0.3495,-9.7909,-9.8494,-10.1716,-9.6350,-0.1701
11.5200,dirt,0.786,0.400,-0.3377,4.6091,-0.0751,-0.1423,-0.0338,-0.5685,-9.7796,-9.8277,-10.0819,-9.6679,-0.1674
11.5320,dirt,0.786,0.400,-0.3322,4.5819,-0.1638,-0.1422,0.1490,-0.6466,-9.7626,-9.8104,-10.0402,-9.7866,-0.1649
11.5440,dirt,0.786,0.400,-0.3265,4.5514,-0.0776,-0.1426,0.0580,-0.6724,-9.7666,-9.7624,-10.0928,-9.8459,-0.1624
11.5560,dirt,0.786,0.400,-0.3206,4.5689,-0.1469,-0.1438,0.0209,-0.9109,-9.7606,-9.7090,-10.0992,-9.8695,-0.1595
11.5680,dirt,0.786,0.400,-0.3145,4.5213,-0.1530,-0.1433,0.0299,-0.6830,-9.7022,-9.7243,-10.0829,-9.8175,-0.1560
11.5800,dirt,0.786,0.400,-0.3082,4.4745,-0.1347,-0.1411,0.0724,-0.9233,-9.7120,-9.7365,-10.1269,-9.6857,-0.1528
11.5920,dirt,0.786,0.400,-0.3017,4.4785,-0.1829,-0.1423,-0.1739,-0.4457,-9.7118,-9.7267,-10.1328,-9.6551,-0.1498
11.6040,dirt,0.786,0.400,-0.2950,4.5298,-0.1298,-0.1429,-0.0576,-0.8492,-9.6984,-9.7588,-10.0675,-9.6704,-0.1473
11.6160,dirt,0.786,0.400,-0.2881,4.5026,-0.1837,-0.1394,-0.1249,-0.4639,-9.7379,-9.7590,-10.1239,-9.6660,-0.1442
11.6280,dirt,0.786,0.400,-0.2811,4.5608,-0.1678,-0.1315,0.0216,-0.4463,-9.7500,-9.7466,-10.1566,-9.6251,-0.1399
11.6400,dirt,0.786,0.400,-0.2738,4.4886,-0.1493,-0.1331,-0.0299,-0.5867,-9.7353,-9.8199,-10.0956,-9.6477,-0.1356
11.6520,dirt,0.786,0.400,-0.2664,4.4543,-0.1688,-0.1330,0.2199,-0.8524,-9.7665,-9.8133,-10.0779,-9.6457,-0.1322
11.6640,dirt,0.786,0.400,-0.2588,4.5043,-0.1923,-0.1335,0.0490,-0.0455,-9.8394,-9.7658,-10.0808,-9.6245,-0.1298
11.6760,dirt,0.786,0.400,-0.2511,4.4879,-0.1260,-0.1335,-0.0961,-0.5757,-9.8234,-9.8108,-10.0442,-9.5849,-0.1265
11.6880,dirt,0.786,0.400,-0.2432,4.5050,-0.2745,-0.1373,0.1154,-0.9706,-9.8465,-9.8255,-10.0709,-9.6178,-0.1219
11.7000,dirt,0.786,0.400,-0.2351,4.5146,-0.2300,-0.1374,-0.0396,-0.3328,-9.8775,-9.8064,-10.0900,-9.6085,-0.1175
11.7120,dirt,0.786,0.400,-0.2269,4.5263,-0.1815,-0.1365,0.0383,-0.8418,-9.8601,-9.8533,-10.0674,-9.6341,-0.1134
11.7240,dirt,0.786,0.400,-0.2186,4.5161,-0.1727,-0.1329,0.1405,-0.7237,-9.8783,-9.8453,-10.0319,-9.6348,-0.1098
11.7360,dirt,0.786,0.400,-0.2101,4.4247,-0.2282,-0.1320,0.0585,-0.6016,-9.9172,-9.8273,-10.0636,-9.6294,-0.1060
11.7480,dirt,0.786,0.400,-0.2014,4.5391,-0.1057,-0.1281,-0.0352,-0.2995,-9.8917,-9.8923,-10.0687,-9.6133,-0.1013
11.7600,dirt,0.786,0.400,-0.1927,4.5024,-0.1527,-0.1256,0.0710,-0.7853,-9.8900,-9.9028,-10.0269,-9.6189,-0.0966
11.7720,dirt,0.786,0.400,-0.1838,4.5313,-0.1307,-0.1242,-0.0880,0.1635,-9.9392,-9.8709,-9.9868,-9.6448,-0.0925
11.7840,dirt,0.786,0.400,-0.1748,4.5130,-0.1749,-0.1218,-0.0536,-1.0331,-9.9253,-9.9258,-10.0358,-9.6367,-0.0883
11.7960,dirt,0.786,0.400,-0.1658,4.4356,-0.1167,-0.1167,-0.1134,0.0407,-9.8947,-9.9539,-9.9759,-9.6316,-0.0838
11.8080,dirt,0.786,0.400,-0.1565,4.5238,-0.2307,-0.1103,0.1993,-0.3694,-9.9235,-9.9168,-9.9934,-9.6476,-0.0796
11.8200,dirt,0.786,0.400,-0.1472,4.5779,-0.0654,-0.1093,0.0912,-0.2070,-9.9190,-9.9420,-10.0415,-9.6497,-0.0748
11.8320,dirt,0.786,0.400,-0.1379,4.4162,-0.1558,-0.1134,-0.0454,-0.2990,-9.8681,-9.9707,-10.0188,-9.6546,-0.0699
11.8440,dirt,0.786,0.400,-0.1284,4.5446,-0.2155,-0.1143,-0.1431,0.3860,-9.9061,-9.8998,-10.0514,-9.6392,-0.0654
11.8560,dirt,0.786,0.400,-0.1188,4.5787,-0.1580,-0.1157,-0.0375,-0.2052,-9.9414,-9.8890,-10.0962,-9.5603,-0.0608
11.8680,dirt,0.786,0.400,-0.1092,4.4807,-0.0877,-0.1127,-0.1039,-0.1499,-9.9058,-9.9244,-10.0287,-9.5679,-0.0562
11.8800,dirt,0.786,0.400,-0.0995,4.5371,-0.2021,-0.1151,0.2842,-0.0824,-9.9305,-9.8672,-10.0341,-9.5927,-0.0517
11.8920,dirt,0.786,0.400,-0.0897,4.5254,-0.1022,-0.1137,-0.0669,0.1021,-9.9751,-9.8370,-10.0425,-9.5573,-0.0468
11.9040,dirt,0.786,0.400,-0.0799,4.6003,-0.2008,-0.1128,-0.0694,0.1651,-9.9151,-9.8849,-10.0219,-9.6125,-0.0421
11.9160,dirt,0.786,0.400,-0.0700,4.6318,-0.0583,-0.1089,0.0659,0.2444,-9.8551,-9.8767,-9.9701,-9.6717,-0.0348
11.9280,dirt,0.786,0.400,-0.0601,4.5245,-0.2369,-0.0990,-0.3783,-0.3568,-9.8772,-9.8626,-9.9486,-9.7174,-0.0305
11.9400,dirt,0.786,0.400,-0.0501,4.4949,-0.0838,-0.0952,-0.2472,-0.3334,-9.9026,-9.8469,-10.0456,-9.7169,-0.0282
11.9520,dirt,0.786,0.400,-0.0401,4.4648,-0.0966,-0.0916,0.1136,-0.3430,-9.8505,-9.8404,-9.9719,-9.7724,-0.0231
11.9640,dirt,0.786,0.400,-0.0301,4.5160,-0.1310,-0.0882,0.0032,0.2802,-9.7949,-9.8613,-9.9070,-9.7673,-0.0135
11.9760,dirt,0.786,0.400,-0.0201,4.5467,-0.1241,-0.0819,-0.0528,-0.4482,-9.7871,-9.8846,-9.9903,-9.6831,-0.0092
11.9880,dirt,0.786,0.400,-0.0101,4.5080,-0.1406,-0.0705,-0.1789,-0.3787,-9.8664,-9.8524,-9.8755,-9.7568,-0.0075
12.0000,dirt,0.786,0.400,0.0000,4.5884,-0.0979,-0.0683,0.1696,0.1997,-9.9041,-9.8236,-9.8902,-9.7477,-0.0022
12.0120,dirt,0.786,0.400,0.0101,4.4923,-0.2321,-0.0654,0.1134,-0.1456,-9.9310,-9.8463,-9.9310,-9.7069,0.0036
12.0240,dirt,0.786,0.400,0.0201,4.4807,-0.0215,-0.0624,0.0689,0.0241,-9.8941,-9.8670,-9.8380,-9.7427,0.0081
12.0360,dirt,0.786,0.400,0.0301,4.5811,-0.0407,-0.0567,-0.3530,-0.1103,-9.9041,-9.8396,-9.8999,-9.7389,0.0124
12.0480,dirt,0.786,0.400,0.0401,4.5421,-0.0278,-0.0459,0.1464,0.1400,-9.9350,-9.8610,-9.8934,-9.7589,0.0173
12.0600,dirt,0.786,0.400,0.0501,4.5200,-0.0545,-0.0446,0.1061,0.1291,-9.8510,-9.9039,-9.8577,-9.7600,0.0229
12.0720,dirt,0.786,0.400,0.0601,4.5179,-0.0102,-0.0430,0.1448,0.3253,-9.8120,-9.8605,-9.8797,-9.7416,0.0281
12.0840,dirt,0.786,0.400,0.0700,4.4974,-0.1625,-0.0417,-0.0062,0.1831,-9.8524,-9.8454,-9.9153,-9.7594,0.0321
12.0960,dirt,0.786,0.400,0.0799,4.5819,-0.1186,-0.0389,-0.1335,0.3905,-9.8000,-9.8761,-9.9353,-9.7785,0.0363
12.1080,dirt,0.786,0.400,0.0897,4.5141,0.0750,-0.0364,-0.0183,0.6396,-9.7198,-9.8549,-9.9935,-9.7050,0.0423
12.1200,dirt,0.786,0.400,0.0995,4.4153,-0.0151,-0.0336,0.2333,0.5281,-9.7443,-9.8295,-9.9208,-9.7460,0.0479
12.1320,dirt,0.786,0.400,0.1092,4.5695,-0.0263,-0.0364,-0.1439,0.2784,-9.7151,-9.8801,-9.9638,-9.7387,0.0524
12.1440,dirt,0.786,0.400,0.1188,4.5407,-0.0502,-0.0313,0.1594,0.3949,-9.6935,-9.8150,-9.9316,-9.7052,0.0568
12.1560,dirt,0.786,0.400,0.1284,4.5233,-0.0099,-0.0273,0.0328,0.3192,-9.7295,-9.7624,-9.9223,-9.7474,0.0612
12.1680,dirt,0.786,0.400,0.1379,4.4524,-0.0341,-0.0234,-0.2498,0.6153,-9.7105,-9.7405,-9.9100,-9.7523,0.0671
12.1800,dirt,0.786,0.400,0.1472,4.5332,-0.0076,-0.0226,-0.1530,0.0946,-9.6494,-9.7497,-9.9090,-9.7443,0.0711
12.1920,dirt,0.786,0.400,0.1565,4.5069,0.0040,-0.0189,0.1478,0.4799,-9.6257,-9.7086,-9.8736,-9.7499,0.0752
12.2040,dirt,0.786,0.400,0.1658,4.5050,-0.0055,-0.0162,0.0427,0.2914,-9.6338,-9.7436,-9.9073,-9.7806,0.0796
12.2160,dirt,0.786,0.400,0.1748,4.5049,0.0370,-0.0147,-0.0996,0.6828,-9.5818,-9.7577,-9.8398,-9.7570,0.0842
12.2280,dirt,0.786,0.400,0.1838,4.4651,-0.0674,-0.0109,-0.1153,0.6713,-9.5761,-9.8118,-9.8687,-9.7722,0.0888
12.2400,dirt,0.786,0.400,0.1927,4.5398,0.0642,-0.0061,-0.1061,0.4200,-9.5988,-9.8324,-9.8580,-9.8045,0.0938
12.2520,dirt,0.786,0.400,0.2014,4.5442,-0.0217,0.0011,-0.0516,0.0431,-9.5173,-9.9159,-9.7703,-9.9099,0.0985
12.2640,dirt,0.786,0.400,0.2101,4.5004,0.0054,0.0040,0.0547,0.5102,-9.5243,-9.9161,-9.7726,-9.9394,0.1027
12.2760,dirt,0.786,0.400,0.2186,4.5052,0.0296,0.0106,0.0613,0.0882,-9.5181,-9.9768,-9.7962,-9.9832,0.1071
12.2880,dirt,0.786,0.400,0.2269,4.4179,0.0594,0.0207,0.0101,0.1640,-9.4957,-10.0083,-9.7211,-10.0056,0.1112
12.3000,dirt,0.786,0.400,0.2351,4.5061,0.0491,0.0250,0.0057,0.2149,-9.4731,-10.0902,-9.7064,-9.9740,0.1153
12.3120,dirt,0.786,0.400,0.2432,4.6529,0.0953,0.0275,-0.0004,0.4357,-9.4632,-10.1427,-9.7341,-9.9609,0.1194
12.3240,dirt,0.786,0.400,0.2511,4.5371,0.0179,0.0319,0.0097,0.0706,-9.3801,-10.2218,-9.7241,-9.9822,0.1238
12.3360,dirt,0.786,0.400,0.2588,4.5937,0.0135,0.0374,-0.0189,0.6977,-9.4476,-10.2122,-9.6583,-9.9845,0.1273
12.3480,dirt,0.786,0.400,0.2664,4.5603,0.0445,0.0453,0.1027,0.6172,-9.4322,-10.2476,-9.6939,-9.9529,0.1308
12.3600,dirt,0.786,0.400,0.2738,4.5785,0.0792,0.0498,-0.1923,0.3323,-9.4723,-10.2289,-9.6756,-9.9580,0.1346
12.3720,dirt,0.786,0.400,0.2811,4.5669,0.0278,0.0573,-0.0251,-0.0186,-9.5914,-10.1682,-9.6269,-10.0118,0.1387
12.3840,dirt,0.786,0.400,0.2881,4.6128,0.0184,0.0626,-0.1132,0.5719,-9.6332,-10.1134,-9.7173,-9.9665,0.1419
12.3960,dirt,0.786,0.400,0.2950,4.5893,-0.0477,0.0658,0.1132,-0.0157,-9.6766,-10.0852,-9.6437,-9.9768,0.1447
12.4080,dirt,0.786,0.400,0.3017,4.5220,-0.0496,0.0755,0.1905,0.4058,-9.7490,-9.9980,-9.6764,-9.9514,0.1473
12.4200,dirt,0.786,0.400,0.3082,4.5088,0.1429,0.0762,-0.0455,1.0710,-9.7675,-9.9025,-9.7421,-9.9869,0.1515
12.4320,dirt,0.786,0.400,0.3145,4.6638,0.1398,0.0815,0.1897,0.3146,-9.7584,-9.8954,-9.7380,-9.9853,0.1539
12.4440,dirt,0.786,0.400,0.3206,4.5999,0.1037,0.0854,0.0120,0.8308,-9.7643,-9.8930,-9.8206,-9.9310,0.1560
12.4560,dirt,0.786,0.400,0.3265,4.5571,0.0542,0.0842,0.0719,0.5203,-9.7360,-9.8632,-9.8606,-9.9674,0.1591
12.4680,dirt,0.786,0.400,0.3322,4.5121,-0.0003,0.0878,0.2048,0.6373,-9.6823,-9.8836,-9.8543,-9.9698,0.1623
12.4800,dirt,0.786,0.400,0.3377,4.5531,0.0954,0.0865,0.0113,0.5822,-9.6571,-9.8964,-9.9340,-9.9255,0.1649
12.4920,dirt,0.786,0.400,0.3430,4.5591,0.0694,0.0880,0.0063,0.6858,-9.5978,-9.8860,-9.9707,-9.9490,0.1676
12.5040,dirt,0.786,0.400,0.3481,4.6137,0.0070,0.0881,-0.4417,0.5556,-9.5865,-9.8617,-9.9188,-9.9993,0.1699
12.5160,dirt,0.786,0.400,0.3529,4.5246,0.1251,0.0927,-0.0092,0.7774,-9.5852,-9.8516,-9.9296,-9.9952,0.1724
12.5280,dirt,0.786,0.400,0.3575,4.5056,0.2083,0.0939,-0.0772,1.1553,-9.5921,-9.8111,-9.9367,-9.9680,0.1752
12.5400,dirt,0.786,0.400,0.3619,4.4904,0.1318,0.0928,0.1498,0.7966,-9.6141,-9.8060,-9.8405,-10.0306,0.1776
12.5520,dirt,0.786,0.400,0.3661,4.4928,0.0436,0.0985,-0.0324,0.6533,-9.6607,-9.7892,-9.8049,-10.0535,0.1794
12.5640,dirt,0.786,0.400,0.3700,4.5007,0.0947,0.0986,-0.0978,0.4682,-9.6468,-9.7717,-9.9221,-9.9886,0.1812
12.5760,dirt,0.786,0.400,0.3737,4.5076,0.1150,0.0983,-0.2309,1.0325,-9.6373,-9.7740,-9.8629,-10.0643,0.1834
12.5880,dirt,0.786,0.400,0.3772,4.5150,0.1278,0.1057,-0.0236,0.8242,-9.6825,-9.7392,-9.7777,-10.0973,0.1840
12.6000,dirt,0.786,0.400,0.3804,4.4908,0.2139,0.1078,0.1543,0.2272,-9.6202,-9.7857,-9.7692,-10.1495,0.1859
12.6120,dirt,0.786,0.400,0.3834,4.6078,0.1748,0.1086,-0.0508,0.2288,-9.5312,-9.8450,-9.7440,-10.2617,0.1884
12.6240,dirt,0.786,0.400,0.3862,4.6142,0.1807,0.1134,0.0024,0.5896,-9.4712,-9.8821,-9.7148,-10.2472,0.1904
12.6360,dirt,0.786,0.400,0.3887,4.5573,0.1826,0.1180,0.1524,0.7375,-9.4273,-9.9197,-9.6788,-10.2565,0.1918
12.6480,dirt,0.786,0.400,0.3909,4.6777,0.1061,0.1236,0.0232,0.8689,-9.4736,-9.9322,-9.7277,-10.2128,0.1926
12.6600,dirt,0.786,0.400,0.3929,4.4292,0.1359,0.1261,0.1320,0.9029,-9.4566,-9.9690,-9.6976,-10.1988,0.1934
12.6720,dirt,0.786,0.400,0.3947,4.5391,0.2262,0.1281,-0.0203,0.8368,-9.4784,-9.9480,-9.7714,-10.2004,0.1945
12.6840,dirt,0.786,0.400,0.3962,4.5375,0.1434,0.1309,0.1677,0.5061,-9.5006,-9.9522,-9.7554,-10.1796,0.1956
12.6960,dirt,0.786,0.400,0.3974,4.5287,0.1098,0.1326,-0.0470,0.9269,-9.5503,-9.9400,-9.7316,-10.1796,0.1963
12.7080,dirt,0.786,0.400,0.3985,4.5981,0.1421,0.1375,0.3930,0.6599,-9.5648,-9.9396,-9.7214,-10.2037,0.1966
12.7200,dirt,0.786,0.400,0.3992,4.5267,0.1653,0.1436,-0.1081,0.8818,-9.5929,-9.9405,-9.6497,-10.2160,0.1968
12.7320,dirt,0.786,0.400,0.3997,4.5381,0.1162,0.1423,0.0811,0.6459,-9.6149,-9.9462,-9.5679,-10.2244,0.1970
12.7440,dirt,0.786,0.400,0.4000,4.5043,0.1685,0.1441,-0.0153,0.5514,-9.5644,-9.9879,-9.6251,-10.2447,0.1972
12.7560,dirt,0.786,0.400,0.4000,4.6137,0.1515,0.1431,0.0196,0.8065,-9.5658,-9.9947,-9.6148,-10.2644,0.1973
12.7680,dirt,0.786,0.400,0.3997,4.5492,0.2186,0.1488,-0.0131,0.4586,-9.5806,-9.9751,-9.7917,-10.1330,0.1974
12.7800,dirt,0.786,0.400,0.3992,4.5583,0.1853,0.1503,0.0955,1.1372,-9.5689,-9.9156,-9.8331,-10.1490,0.1972
12.7920,dirt,0.786,0.400,0.3985,4.5215,0.1431,0.1528,-0.1158,0.6861,-9.6379,-9.8158,-9.8788,-10.1599,0.1967
12.8040,dirt,0.786,0.400,0.3974,4.5284,0.1581,0.1510,-0.1735,0.9580,-9.6462,-9.8411,-10.0562,-10.0363,0.1960
12.8160,dirt,0.786,0.400,0.3962,4.5874,0.1369,0.1487,-0.0547,0.5062,-9.6345,-9.8360,-9.9754,-10.0798,0.1953
12.8280,dirt,0.786,0.400,0.3947,4.5274,0.2405,0.1465,-0.0537,0.5784,-9.6566,-9.8472,-9.9295,-10.1023,0.1946
12.8400,dirt,0.786,0.400,0.3929,4.6356,0.1680,0.1452,-0.0364,0.9604,-9.6139,-9.8494,-9.9458,-10.1005,0.1941
12.8520,dirt,0.786,0.400,0.3909,4.4866,0.1821,0.1452,0.1569,0.7296,-9.6190,-9.8358,-9.8879,-10.1311,0.1933
12.8640,dirt,0.786,0.400,0.3887,4.5018,0.2374,0.1462,-0.0168,0.8682,-9.6182,-9.8763,-9.8394,-10.1302,0.1923
12.8760,dirt,0.786,0.400,0.3862,4.6143,0.1477,0.1486,-0.1505,0.4479,-9.6152,-9.8849,-9.8611,-10.1218,0.1912
12.8880,dirt,0.786,0.400,0.3834,4.6203,0.0933,0.1486,0.0682,0.5828,-9.6267,-9.8808,-9.7940,-10.1430,0.1901
12.9000,dirt,0.786,0.400,0.3804,4.5563,0.1475,0.1509,-0.0379,0.9705,-9.6500,-9.8464,-9.7370,-10.1728,0.1887
12.9120,dirt,0.786,0.400,0.3772,4.5277,0.1715,0.1498,-0.1405,0.8925,-9.6393,-9.8681,-9.7100,-10.2545,0.1873
12.9240,dirt,0.786,0.400,0.3737,4.6121,0.1331,0.1494,-0.0600,0.8139,-9.6265,-9.9130,-9.6017,-10.2113,0.1854
12.9360,dirt,0.786,0.400,0.3700,4.5617,0.0973,0.1506,0.0294,0.9090,-9.6069,-9.9564,-9.5399,-10.1769,0.1838
12.9480,dirt,0.786,0.400,0.3661,4.5610,0.2192,0.1506,0.0621,1.0070,-9.5368,-10.0528,-9.5607,-10.1940,0.1824
12.9600,dirt,0.786,0.400,0.3619,4.6172,0.1135,0.1531,-0.2936,0.7752,-9.5823,-10.0282,-9.5577,-10.1967,0.1807
12.9720,dirt,0.786,0.400,0.3575,4.5246,0.1710,0.1486,-0.0672,0.9853,-9.6392,-10.0393,-9.5299,-10.1539,0.1785
12.9840,dirt,0.786,0.400,0.3529,4.5067,0.0976,0.1492,-0.1331,0.9327,-9.6575,-10.0249,-9.5921,-10.1154,0.1762
12.9960,dirt,0.786,0.400,0.3481,4.5154,0.2178,0.1518,-0.1279,0.8797,-9.6692,-10.0391,-9.5807,-10.1128,0.1740
13.0080,dirt,0.786,0.400,0.3430,4.5027,0.2126,0.1453,-0.1222,0.5731,-9.6662,-10.0416,-9.5729,-10.1047,0.1717
13.0200,dirt,0.786,0.400,0.3377,4.6286,0.2159,0.1449,0.1298,0.3668,-9.6179,-10.0725,-9.5882,-10.1354,0.1689
13.0320,dirt,0.786,0.400,0.3322,4.5628,0.1709,0.1483,-0.0305,0.8503,-9.6547,-10.0658,-9.5867,-10.0798,0.1663
13.0440,dirt,0.786,0.400,0.3265,4.5336,0.0789,0.1477,0.0838,0.7037,-9.6718,-9.9855,-9.6514,-10.1084,0.1639
13.0560,dirt,0.786,0.400,0.3206,4.5087,0.0447,0.1520,0.1979,0.4061,-9.6635,-9.9524,-9.6538,-10.1439,0.1608
13.0680,dirt,0.786,0.400,0.3145,4.5868,0.2028,0.1550,-0.0692,0.4825,-9.6820,-9.9659,-9.6698,-10.1424,0.1577
13.0800,dirt,0.786,0.400,0.3082,4.5757,0.1666,0.1575,0.0525,0.3576,-9.6815,-9.9766,-9.5477,-10.1631,0.1548
13.0920,dirt,0.786,0.400,0.3017,4.5371,0.2128,0.1571,0.0513,0.6500,-9.6319,-10.0245,-9.5632,-10.1682,0.1518
13.1040,dirt,0.786,0.400,0.2950,4.6346,0.1808,0.1593,-0.0542,0.7135,-9.6421,-10.0256,-9.5036,-10.2427,0.1486
13.1160,dirt,0.786,0.400,0.2881,4.5515,0.1921,0.1630,0.0114,0.3681,-9.6326,-10.0211,-9.4823,-10.2436,0.1453
13.1280,dirt,0.786,0.400,0.2811,4.5257,0.1673,0.1604,-0.2535,0.7037,-9.6117,-10.0339,-9.5660,-10.1547,0.1420
13.1400,dirt,0.786,0.400,0.2738,4.7019,0.1635,0.1581,-0.0775,0.7670,-9.6909,-10.0019,-9.5402,-10.1883,0.1385
13.1520,dirt,0.786,0.400,0.2664,4.5123,0.0580,0.1549,-0.2372,1.2214,-9.6964,-10.0178,-9.6144,-10.1374,0.1346
13.1640,dirt,0.786,0.400,0.2588,4.5388,0.3119,0.1546,0.0395,0.4069,-9.6822,-10.0151,-9.6069,-10.1215,0.1306
13.1760,dirt,0.786,0.400,0.2511,4.4374,0.2385,0.1520,-0.1134,0.9088,-9.6849,-10.0086,-9.5835,-10.1688,0.1265
13.1880,dirt,0.786,0.400,0.2432,4.5576,0.2318,0.1541,0.0852,0.3930,-9.6799,-10.0011,-9.6331,-10.1319,0.1228
13.2000,dirt,0.786,0.400,0.2351,4.6041,0.2695,0.1536,0.0331,0.5733,-9.6733,-10.0078,-9.6521,-10.0891,0.1195
13.2120,dirt,0.786,0.400,0.2269,4.6122,0.1349,0.1558,-0.0795,0.2726,-9.7419,-9.9947,-9.4813,-10.1585,0.1156
13.2240,dirt,0.786,0.400,0.2186,4.5579,0.2567,0.1564,0.0197,0.7143,-9.7330,-10.0177,-9.4588,-10.2179,0.1110
13.2360,dirt,0.786,0.400,0.2101,4.5504,0.1057,0.1558,0.2301,0.2257,-9.7357,-10.0348,-9.5864,-10.0707,0.1071
13.2480,dirt,0.786,0.400,0.2014,4.5316,0.2058,0.1497,-0.1854,0.4185,-9.7213,-10.0367,-9.5195,-10.1295,0.1033
13.2600,dirt,0.786,0.400,0.1927,4.5781,0.1619,0.1440,-0.2047,0.6879,-9.7390,-9.9966,-9.5869,-10.1035,0.0985
13.2720,dirt,0.786,0.400,0.1838,4.5581,0.2999,0.1420,-0.1909,0.6241,-9.7452,-9.9638,-9.6229,-10.1065,0.0942
13.2840,dirt,0.786,0.400,0.1748,4.5786,0.0992,0.1364,-0.0154,0.8599,-9.7891,-9.9340,-9.6212,-10.0949,0.0902
13.2960,dirt,0.786,0.400,0.1658,4.4407,0.1442,0.1320,0.0933,0.4511,-9.7616,-9.9549,-9.6323,-10.1290,0.0853
13.3080,dirt,0.786,0.400,0.1565,4.5340,0.2033,0.1323,0.0435,0.1915,-9.7782,-9.9290,-9.6727,-10.0720,0.0801
13.3200,dirt,0.786,0.400,0.1472,4.5872,0.1904,0.1306,0.1584,0.5575,-9.7108,-9.9435,-9.7143,-10.0484,0.0756
13.3320,dirt,0.786,0.400,0.1379,4.4961,0.1427,0.1268,-0.1067,0.1035,-9.6977,-9.9144,-9.6486,-10.1062,0.0712
13.3440,dirt,0.786,0.400,0.1284,4.5250,0.1752,0.1290,-0.0591,0.4976,-9.7045,-9.9289,-9.5294,-10.1685,0.0674
13.3560,dirt,0.786,0.400,0.1188,4.4854,0.2525,0.1226,-0.0720,0.8769,-9.7608,-9.9218,-9.5159,-10.0163,0.0629
13.3680,dirt,0.786,0.400,0.1092,4.5143,0.1840,0.1179,-0.1766,0.4416,-9.7754,-9.9576,-9.5396,-10.0609,0.0575
13.3800,dirt,0.786,0.400,0.0995,4.5400,0.1143,0.1099,-0.0920,0.3822,-9.7806,-9.9493,-9.6163,-10.0279,0.0523
13.3920,dirt,0.786,0.400,0.0897,4.6025,0.1385,0.1081,0.0918,0.1464,-9.7163,-9.9630,-9.6377,-10.0008,0.0484
13.4040,dirt,0.786,0.400,0.0799,4.5801,0.1247,0.1056,0.0485,0.2838,-9.6894,-9.9371,-9.6844,-10.0713,0.0439
13.4160,dirt,0.786,0.400,0.0700,4.4478,0.1392,0.1052,0.1584,0.2695,-9.7323,-9.8865,-9.6864,-10.0650,0.0385
13.4280,dirt,0.786,0.400,0.0601,4.4936,0.0602,0.1018,-0.1865,0.1598,-9.7741,-9.8544,-9.7040,-10.0300,0.0332
13.4400,dirt,0.786,0.400,0.0501,4.6756,0.0769,0.0995,0.0335,-0.2311,-9.7377,-9.9033,-9.6713,-10.0666,0.0275
13.4520,dirt,0.786,0.400,0.0401,4.6147,0.0565,0.0968,-0.2434,-0.4843,-9.7349,-9.9259,-9.5886,-10.0355,0.0229
13.4640,dirt,0.786,0.400,0.0301,4.5271,0.0697,0.0904,0.0730,0.0851,-9.7025,-9.9731,-9.5514,-9.9473,0.0192
13.4760,dirt,0.786,0.400,0.0201,4.6143,0.1564,0.0888,-0.4823,0.1742,-9.6219,-10.0066,-9.6094,-10.0029,0.0137
13.4880,dirt,0.786,0.400,0.0101,4.4996,0.0614,0.0784,0.1798,0.4118,-9.7205,-9.9629,-9.6816,-9.9893,0.0088
13.5000,dirt,0.786,0.400,-0.0000,4.6344,0.0864,0.0776,0.0150,-0.0890,-9.7536,-9.9471,-9.6928,-9.9612,0.0042
13.5120,dirt,0.786,0.400,-0.0101,4.4978,0.0893,0.0741,0.1230,-0.4093,-9.7095,-9.9558,-9.7540,-10.0093,-0.0004
13.5240,dirt,0.786,0.400,-0.0201,4.5658,0.1181,0.0731,0.8005,-0.0637,-9.7807,-9.9116,-9.6925,-10.0096,-0.0072
13.5360,dirt,0.786,0.400,-0.0301,4.4703,0.0986,0.0693,0.5491,-0.4290,-9.7681,-9.9220,-9.6032,-10.0421,-0.0113
13.5480,dirt,0.786,0.400,-0.0401,4.5534,0.1099,0.0631,-0.0430,-0.3724,-9.6407,-9.9644,-9.6468,-10.0091,-0.0157
13.5600,dirt,0.786,0.400,-0.0501,4.4416,0.1393,0.0615,0.0158,-0.5219,-9.6429,-9.9747,-9.6135,-9.9690,-0.0209
13.5720,dirt,0.786,0.400,-0.0601,4.5312,0.0090,0.0585,0.0120,0.1762,-9.7362,-9.8805,-9.6710,-9.8987,-0.0256
13.5840,dirt,0.786,0.400,-0.0700,4.4685,0.1147,0.0563,-0.3004,-0.0439,-9.7535,-9.8713,-9.7399,-9.8828,-0.0299
13.5960,dirt,0.786,0.400,-0.0799,4.5322,0.0558,0.0537,-0.0437,0.0582,-9.8232,-9.8885,-9.7209,-9.9613,-0.0352
13.6080,dirt,0.786,0.400,-0.0897,4.5214,0.1181,0.0474,-0.1804,-0.2115,-9.7874,-9.9313,-9.7539,-9.9446,-0.0409
13.6200,dirt,0.786,0.400,-0.0995,4.6283,0.0931,0.0424,-0.1177,-0.3568,-9.6907,-9.9625,-9.7931,-9.9487,-0.0451
13.6320,dirt,0.786,0.400,-0.1092,4.5319,0.0332,0.0401,0.1899,-0.2012,-9.6328,-10.0003,-9.6906,-9.9787,-0.0506
13.6440,dirt,0.786,0.400,-0.1188,4.5519,0.0580,0.0382,0.2334,-0.1727,-9.6867,-9.9401,-9.6307,-9.9208,-0.0563
13.6560,dirt,0.786,0.400,-0.1284,4.4638,-0.0015,0.0352,-0.1254,-0.5484,-9.7323,-9.9165,-9.7141,-9.8524,-0.0606
13.6680,dirt,0.786,0.400,-0.1379,4.4981,0.0305,0.0237,-0.0578,-0.5081,-9.7953,-9.9188,-9.7327,-9.8829,-0.0647
13.6800,dirt,0.786,0.400,-0.1472,4.4843,0.0632,0.0222,0.0299,-0.3781,-9.8022,-9.9441,-9.7304,-9.8649,-0.0691
13.6920,dirt,0.786,0.400,-0.1565,4.4815,0.0183,0.0215,0.1336,-0.5479,-9.7598,-9.9240,-9.8189,-9.9510,-0.0736
13.7040,dirt,0.786,0.400,-0.1658,4.5290,-0.0056,0.0176,-0.0322,-0.1081,-9.7341,-9.9195,-9.7946,-9.9577,-0.0790
13.7160,dirt,0.786,0.400,-0.1748,4.5367,0.0575,0.0150,0.2065,-0.3265,-9.6656,-9.9307,-9.8415,-9.9145,-0.0837
13.7280,dirt,0.786,0.400,-0.1838,4.5336,-0.0144,0.0077,-0.1906,-0.4295,-9.6182,-9.8870,-9.7516,-9.9463,-0.0869
13.7400,dirt,0.786,0.400,-0.1927,4.4944,-0.1148,0.0063,0.1962,-0.2272,-9.7701,-9.8274,-9.6949,-9.8820,-0.0914
13.7520,dirt,0.786,0.400,-0.2014,4.4557,-0.0579,0.0075,0.0102,0.1101,-9.8443,-9.7924,-9.7421,-9.8318,-0.0962
13.7640,dirt,0.786,0.400,-0.2101,4.5082,-0.0078,0.0047,-0.1260,-0.7344,-9.8236,-9.8128,-9.8669,-9.7879,-0.1010
13.7760,dirt,0.786,0.400,-0.2186,4.4995,-0.0145,-0.0036,-0.0659,-0.3435,-9.8363,-9.8469,-9.8310,-9.8867,-0.1055
13.7880,dirt,0.786,0.400,-0.2269,4.5273,-0.0500,-0.0094,-0.0306,-0.1121,-9.8252,-9.8467,-9.8618,-9.8555,-0.1095
13.8000,dirt,0.786,0.400,-0.2351,4.5682,-0.0159,-0.0139,-0.3394,-0.2598,-9.7276,-9.8427,-9.8779,-9.8761,-0.1141
13.8120,dirt,0.786,0.400,-0.2432,4.5671,-0.1520,-0.0176,-0.1202,-0.9254,-9.5829,-9.9441,-9.7932,-9.9337,-0.1176
13.8240,dirt,0.786,0.400,-0.2511,4.5154,-0.0402,-0.0211,0.1279,-0.0304,-9.6418,-9.8763,-9.7853,-9.8723,-0.1203
13.8360,dirt,0.786,0.400,-0.2588,4.5158,-0.0807,-0.0232,-0.1239,-0.4684,-9.7372,-9.7743,-9.8985,-9.8189,-0.1238
13.8480,dirt,0.786,0.400,-0.2664,4.5785,-0.0614,-0.0252,-0.0448,-0.8406,-9.8074,-9.7889,-9.8703,-9.8025,-0.1284
13.8600,dirt,0.786,0.400,-0.2738,4.5450,-0.0621,-0.0279,-0.2838,-0.1432,-9.8846,-9.7858,-9.8534,-9.8091,-0.1331
13.8720,dirt,0.786,0.400,-0.2811,4.5020,-0.0151,-0.0340,0.1003,-0.3562,-9.8130,-9.8333,-9.9027,-9.8472,-0.1365
13.8840,dirt,0.786,0.400,-0.2881,4.4850,-0.0232,-0.0363,-0.0236,-0.2620,-9.7593,-9.8615,-9.8933,-9.8763,-0.1396
13.8960,dirt,0.786,0.400,-0.2950,4.4913,-0.0915,-0.0387,0.0556,-0.0970,-9.7935,-9.8309,-9.8655,-9.8681,-0.1431
13.9080,dirt,0.786,0.400,-0.3017,4.6114,-0.1364,-0.0468,0.0028,-0.3909,-9.6646,-9.8251,-9.8877,-9.9200,-0.1470
13.9200,dirt,0.786,0.400,-0.3082,4.5033,-0.0012,-0.0491,-0.1758,-1.0514,-9.5661,-9.8885,-9.8704,-9.8844,-0.1497
13.9320,dirt,0.786,0.400,-0.3145,4.5600,-0.0673,-0.0536,-0.1274,-0.2230,-9.7039,-9.8090,-9.8932,-9.7747,-0.1508
13.9440,dirt,0.786,0.400,-0.3206,4.4640,-0.0920,-0.0517,-0.1376,-0.3812,-9.8012,-9.6806,-9.9568,-9.7868,-0.1536
13.9560,dirt,0.786,0.400,-0.3265,4.4808,-0.1708,-0.0498,-0.1358,-0.7029,-9.7825,-9.7195,-9.9371,-9.8296,-0.1591
13.9680,dirt,0.786,0.400,-0.3322,4.6298,-0.0538,-0.0594,-0.1147,-0.6915,-9.8310,-9.7201,-9.9709,-9.8561,-0.1637
13.9800,dirt,0.786,0.400,-0.3377,4.5799,-0.1139,-0.0653,-0.0699,-0.0978,-9.7821,-9.7486,-9.9748,-9.9121,-0.1660
13.9920,dirt,0.786,0.400,-0.3430,4.5305,-0.1163,-0.0699,0.0326,-0.8321,-9.6902,-9.8063,-9.9205,-9.9903,-0.1671
14.0040,dirt,0.786,0.400,-0.3481,4.5754,-0.0986,-0.0700,0.1176,-0.1289,-9.6975,-9.7931,-9.8638,-9.9481,-0.1693
14.0160,dirt,0.786,0.400,-0.3529,4.4881,-0.1361,-0.0747,0.1054,-0.8646,-9.7568,-9.7659,-9.9678,-9.8201,-0.1721
14.0280,dirt,0.786,0.400,-0.3575,4.5854,-0.0667,-0.0823,0.1270,-1.0114,-9.5731,-9.8878,-10.0281,-9.7651,-0.1746
14.0400,dirt,0.786,0.400,-0.3619,4.5955,-0.0927,-0.0836,-0.0422,-0.5367,-9.5432,-9.8717,-10.0411,-9.8175,-0.1766
14.0520,dirt,0.786,0.400,-0.3661,4.5149,-0.1118,-0.0864,-0.1461,0.4043,-9.6366,-9.7986,-10.1511,-9.8655,-0.1780
14.0640,dirt,0.786,0.400,-0.3700,4.5780,-0.1227,-0.0850,-0.4329,-0.8149,-9.6764,-9.6941,-10.1397,-9.9658,-0.1796
14.0760,dirt,0.786,0.400,-0.3737,4.5659,-0.1070,-0.0889,0.0868,-0.6487,-9.7673,-9.5454,-9.9777,-10.0743,-0.1818
14.0880,dirt,0.786,0.400,-0.3772,4.4708,-0.2460,-0.0927,-0.2023,-0.4579,-9.8109,-9.5767,-9.9275,-9.9834,-0.1850
14.1000,dirt,0.786,0.400,-0.3804,4.5483,-0.0752,-0.0990,0.0453,-0.4270,-9.7797,-9.7056,-10.0255,-9.7769,-0.1874
14.1120,dirt,0.786,0.400,-0.3834,4.5212,-0.1129,-0.1001,0.0721,-0.8065,-9.7559,-9.7673,-10.0907,-9.6802,-0.1884
14.1240,dirt,0.786,0.400,-0.3862,4.5275,-0.0074,-0.1028,0.0753,-0.1605,-9.7681,-9.8050,-10.1004,-9.7179,-0.1890
14.1360,dirt,0.786,0.400,-0.3887,4.6264,-0.0605,-0.1065,0.1762,-0.5006,-9.7481,-9.8233,-10.1290,-9.8152,-0.1902
14.1480,dirt,0.786,0.400,-0.3909,4.6228,-0.1486,-0.1116,-0.0235,-0.7490,-9.6951,-9.7749,-10.0692,-9.9666,-0.1918
14.1600,dirt,0.786,0.400,-0.3929,4.6003,-0.0828,-0.1128,-0.0555,-0.9230,-9.6771,-9.7445,-10.0157,-10.0468,-0.1930
14.1720,dirt,0.786,0.400,-0.3947,4.4641,-0.1837,-0.1211,-0.0997,-0.9553,-9.5612,-9.8045,-10.0278,-10.0697,-0.1938
14.1840,dirt,0.786,0.400,-0.3962,4.6127,-0.1767,-0.1170,-0.2728,-1.0676,-9.4726,-9.7804,-10.0979,-10.0323,-0.1940
14.1960,dirt,0.786,0.400,-0.3974,4.6349,-0.1676,-0.1207,-0.1009,-0.2595,-9.5495,-9.7686,-10.0968,-9.8999,-0.1939
14.2080,dirt,0.786,0.400,-0.3985,4.6715,-0.0841,-0.1191,0.1430,-0.5520,-9.6979,-9.7635,-10.1787,-9.8486,-0.1941
14.2200,dirt,0.786,0.400,-0.3992,4.5534,-0.1011,-0.1185,0.0023,0.0548,-9.7445,-9.6496,-10.1860,-9.8244,-0.1954
14.2320,dirt,0.786,0.400,-0.3997,4.5789,-0.0749,-0.1239,0.0619,-0.9869,-9.8065,-9.5722,-10.0984,-9.9194,-0.1968
14.2440,dirt,0.786,0.400,-0.4000,4.5376,0.0019,-0.1246,0.0200,-0.5510,-9.8254,-9.5439,-10.0604,-9.9765,-0.1975
14.2560,dirt,0.786,0.400,-0.4000,4.5056,-0.1069,-0.1265,-0.3429,-1.2649,-9.7743,-9.5803,-10.1346,-9.9824,-0.1973
14.2680,dirt,0.786,0.400,-0.3997,4.5515,-0.1212,-0.1337,-0.0164,-0.6236,-9.6868,-9.7196,-10.1185,-10.0036,-0.1969
14.2800,dirt,0.786,0.400,-0.3992,4.4862,-0.1507,-0.1298,-0.0130,-1.0650,-9.6971,-9.7556,-10.0523,-10.0077,-0.1965
14.2920,dirt,0.786,0.400,-0.3985,4.6161,-0.1864,-0.1317,-0.0743,-0.3889,-9.6986,-9.7667,-10.1963,-9.8203,-0.1963
14.3040,dirt,0.786,0.400,-0.3974,4.5087,-0.1621,-0.1324,0.1435,-1.0228,-9.6776,-9.8289,-10.1568,-9.7892,-0.1960
14.3160,dirt,0.786,0.400,-0.3962,4.5384,-0.1237,-0.1336,0.3078,-0.4102,-9.6623,-9.8764,-10.1063,-9.7986,-0.1956
14.3280,dirt,0.786,0.400,-0.3947,4.5533,-0.1510,-0.1383,0.1729,-0.5833,-9.7498,-9.8157,-10.1988,-9.7793,-0.1947
14.3400,dirt,0.786,0.400,-0.3929,4.6053,-0.0750,-0.1374,-0.0294,-0.8871,-9.7343,-9.8073,-10.1318,-9.8794,-0.1938
14.3520,dirt,0.786,0.400,-0.3909,4.4390,-0.0799,-0.1403,-0.1329,-1.1987,-9.6653,-9.8243,-10.0615,-9.8983,-0.1929
14.3640,dirt,0.786,0.400,-0.3887,4.5356,-0.0996,-0.1422,-0.0350,-0.5612,-9.6084,-9.7967,-10.0955,-9.8907,-0.1916
14.3760,dirt,0.786,0.400,-0.3862,4.5257,-0.1447,-0.1413,-0.1139,-1.0940,-9.5500,-9.8201,-10.1397,-9.7588,-0.1900
14.3880,dirt,0.786,0.400,-0.3834,4.5290,-0.1372,-0.1377,-0.0369,-1.2018,-9.5660,-9.8732,-10.1471,-9.7006,-0.1884
14.4000,dirt,0.786,0.400,-0.3804,4.6031,-0.1965,-0.1344,0.0422,-0.3166,-9.6905,-9.8192,-10.1954,-9.6488,-0.1868
14.4120,dirt,0.786,0.400,-0.3772,4.5723,-0.1508,-0.1372,0.0490,-1.1006,-9.7768,-9.8084,-10.2233,-9.6622,-0.1853
14.4240,dirt,0.786,0.400,-0.3737,4.5401,-0.1269,-0.1371,0.0301,-0.9409,-9.7952,-9.8047,-10.1040,-9.7712,-0.1841
14.4360,dirt,0.786,0.400,-0.3700,4.5429,-0.0751,-0.1368,0.2112,-0.6157,-9.8373,-9.7499,-10.0423,-9.8901,-0.1828
14.4480,dirt,0.786,0.400,-0.3661,4.5185,-0.1435,-0.1363,-0.2168,-0.2424,-9.8599,-9.7272,-10.0809,-9.9084,-0.1808
14.4600,dirt,0.786,0.400,-0.3619,4.5512,-0.1818,-0.1397,-0.1323,-0.8069,-9.8122,-9.7193,-10.0596,-9.8839,-0.1792
14.4720,dirt,0.786,0.400,-0.3575,4.5897,-0.1441,-0.1390,0.2113,-0.5222,-9.8544,-9.6376,-10.0495,-9.7571,-0.1775
14.4840,dirt,0.786,0.400,-0.3529,4.5004,-0.1191,-0.1402,0.0222,-0.7583,-9.8770,-9.6802,-10.1389,-9.6341,-0.1757
14.4960,dirt,0.786,0.400,-0.3481,4.5523,-0.1689,-0.1424,0.1383,-0.4692,-9.8424,-9.6919,-10.1562,-9.6253,-0.1735
14.5080,dirt,0.786,0.400,-0.3430,4.5051,-0.1037,-0.1382,-0.2087,-1.0751,-9.8137,-9.7284,-10.0910,-9.6341,-0.1712
14.5200,dirt,0.786,0.400,-0.3377,4.5636,-0.2458,-0.1407,0.0412,-0.8401,-9.8126,-9.7830,-10.1512,-9.6446,-0.1685
14.5320,dirt,0.786,0.400,-0.3322,4.6007,-0.1742,-0.1391,0.0459,-0.6179,-9.8217,-9.7841,-10.1391,-9.6669,-0.1659
14.5440,dirt,0.786,0.400,-0.3265,4.5033,-0.2196,-0.1424,0.1657,-0.4753,-9.7669,-9.8516,-10.0355,-9.7555,-0.1630
14.5560,dirt,0.786,0.400,-0.3206,4.5996,-0.1270,-0.1434,0.0779,-0.3163,-9.7058,-9.9647,-10.1214,-9.7076,-0.1600
14.5680,dirt,0.786,0.400,-0.3145,4.6299,-0.2383,-0.1427,-0.1276,-0.5464,-9.7243,-9.9805,-10.1092,-9.6587,-0.1569
14.5800,dirt,0.786,0.400,-0.3082,4.5315,-0.1608,-0.1435,-0.3463,-0.8034,-9.7332,-9.9791,-10.0730,-9.6339,-0.1541
14.5920,dirt,0.786,0.400,-0.3017,4.4985,-0.1343,-0.1425,-0.0615,-0.5922,-9.7361,-10.0159,-10.0353,-9.6492,-0.1510
14.6040,dirt,0.786,0.400,-0.2950,4.5270,-0.2002,-0.1404,-0.1097,-0.6117,-9.7727,-9.9978,-10.1255,-9.6427,-0.1477
14.6160,dirt,0.786,0.400,-0.2881,4.5053,-0.1371,-0.1416,0.1045,-0.1594,-9.7572,-9.9401,-10.0775,-9.6268,-0.1440
14.6280,dirt,0.786,0.400,-0.2811,4.5337,-0.1727,-0.1350,-0.0821,-0.7848,-9.7300,-9.9805,-10.0517,-9.6839,-0.1404
14.6400,dirt,0.786,0.400,-0.2738,4.4707,-0.1664,-0.1336,0.0612,-0.7562,-9.7687,-9.9645,-10.1105,-9.6757,-0.1372
14.6520,dirt,0.786,0.400,-0.2664,4.5780,-0.1549,-0.1350,0.1252,-0.4950,-9.8216,-9.8917,-10.0602,-9.6614,-0.1333
14.6640,dirt,0.786,0.400,-0.2588,4.5186,-0.2214,-0.1342,0.1247,-0.6150,-9.7855,-9.8969,-10.0559,-9.6511,-0.1293
14.6760,dirt,0.786,0.400,-0.2511,4.5386,-0.2158,-0.1385,-0.0618,-0.1887,-9.8284,-9.8980,-10.1616,-9.6017,-0.1259
14.6880,dirt,0.786,0.400,-0.2432,4.6146,-0.2297,-0.1350,0.2587,-0.5784,-9.8347,-9.8148,-10.0732,-9.6483,-0.1231
14.7000,dirt,0.786,0.400,-0.2351,4.5625,-0.2588,-0.1397,0.1242,-0.7229,-9.7249,-9.8285,-10.0158,-9.7035,-0.1185
14.7120,dirt,0.786,0.400,-0.2269,4.6391,-0.2660,-0.1348,0.1435,-0.6540,-9.7043,-9.8725,-10.0994,-9.6703,-0.1130
14.7240,dirt,0.786,0.400,-0.2186,4.5361,-0.0729,-0.1338,-0.0168,-0.8572,-9.7200,-9.8328,-10.1643,-9.6573,-0.1082
14.7360,dirt,0.786,0.400,-0.2101,4.5515,-0.2244,-0.1293,0.0223,-0.9472,-9.7442,-9.7927,-10.0645,-9.7207,-0.1051
14.7480,dirt,0.786,0.400,-0.2014,4.5869,-0.1673,-0.1247,-0.0194,-1.0142,-9.7944,-9.8085,-9.9859,-9.7177,-0.1014
14.7600,dirt,0.786,0.400,-0.1927,4.5528,-0.1588,-0.1190,-0.1850,-0.6308,-9.8231,-9.7995,-10.0532,-9.6835,-0.0967
14.7720,dirt,0.786,0.400,-0.1838,4.4599,-0.0633,-0.1182,-0.0221,-0.6561,-9.8245,-9.8029,-10.0611,-9.6513,-0.0923
14.7840,dirt,0.786,0.400,-0.1748,4.5787,-0.1997,-0.1156,0.2083,-0.4181,-9.8286,-9.8419,-10.0140,-9.6462,-0.0877
14.7960,dirt,0.786,0.400,-0.1658,4.5572,-0.2112,-0.1168,0.0466,-0.2151,-9.9147,-9.8098,-10.0509,-9.6490,-0.0833
14.8080,dirt,0.786,0.400,-0.1565,4.5191,-0.1356,-0.1154,-0.0584,0.0833,-9.9548,-9.7898,-10.0727,-9.5718,-0.0789
14.8200,dirt,0.786,0.400,-0.1472,4.5368,-0.1601,-0.1173,0.0079,-0.1360,-9.9580,-9.8283,-10.0618,-9.5505,-0.0749
14.8320,dirt,0.786,0.400,-0.1379,4.5432,-0.2010,-0.1171,-0.0786,-0.1297,-10.0217,-9.7988,-10.0727,-9.6106,-0.0707
14.8440,dirt,0.786,0.400,-0.1284,4.5160,-0.1378,-0.1196,0.1805,0.0183,-9.9936,-9.7752,-10.0330,-9.6175,-0.0659
14.8560,dirt,0.786,0.400,-0.1188,4.6259,-0.1337,-0.1137,0.2680,-0.5566,-9.9226,-9.8479,-10.0012,-9.6834,-0.0609
14.8680,dirt,0.786,0.400,-0.1092,4.5749,-0.1081,-0.1110,0.0704,-0.1638,-9.9257,-9.8420,-10.0367,-9.7019,-0.0564
14.8800,dirt,0.786,0.400,-0.0995,4.5956,-0.0714,-0.1067,-0.0784,0.1026,-9.9301,-9.8111,-10.0451,-9.7165,-0.0517
14.8920,dirt,0.786,0.400,-0.0897,4.4855,-0.0871,-0.1037,-0.0347,-0.5510,-9.8606,-9.8824,-9.9565,-9.7174,-0.0480
14.9040,dirt,0.786,0.400,-0.0799,4.5206,-0.1991,-0.1003,-0.1628,0.4584,-9.8211,-9.9161,-10.0000,-9.6914,-0.0418
14.9160,dirt,0.786,0.400,-0.0700,4.5493,-0.1443,-0.1004,0.2858,-0.3915,-9.8701,-9.8675,-9.9942,-9.7001,-0.0366
14.9280,dirt,0.786,0.400,-0.0601,4.5753,-0.1719,-0.0914,0.1069,-0.3093,-9.8216,-9.8988,-9.8974,-9.7282,-0.0327
14.9400,dirt,0.786,0.400,-0.0501,4.5287,-0.1021,-0.0847,-0.0569,-0.2457,-9.7981,-9.9358,-9.9170,-9.7437,-0.0278
14.9520,dirt,0.786,0.400,-0.0401,4.5496,-0.0705,-0.0793,0.0084,0.0783,-9.8378,-9.8867,-10.0021,-9.7116,-0.0224
14.9640,dirt,0.786,0.400,-0.0301,4.4952,-0.0278,-0.0806,0.1415,-0.2754,-9.7768,-9.9282,-9.9259,-9.7151,-0.0168
14.9760,dirt,0.786,0.400,-0.0201,4.5217,-0.0724,-0.0741,-0.0986,0.4402,-9.7249,-9.9762,-9.9891,-9.6711,-0.0118
14.9880,dirt,0.786,0.400,-0.0101,4.4678,-0.0804,-0.0723,0.1567,0.4555,-9.8139,-9.8704,-9.9922,-9.6406,-0.0070
15.0000,dirt,0.786,0.400,0.0000,4.5180,-0.0655,-0.0734,0.0743,0.0452,-9.8027,-9.8624,-9.9982,-9.6469,-0.0022
15.0120,dirt,0.786,0.400,0.0101,4.5511,0.0011,-0.0731,-0.0110,0.0619,-9.7342,-9.8546,-9.9946,-9.6793,0.0024
15.0240,dirt,0.786,0.400,0.0201,4.5765,-0.0585,-0.0702,-0.1707,0.4324,-9.7946,-9.7511,-9.9774,-9.6892,0.0067
15.0360,dirt,0.786,0.400,0.0301,4.5570,-0.0086,-0.0681,0.0466,0.4539,-9.7781,-9.7465,-10.0020,-9.6732,0.0128
15.0480,dirt,0.786,0.400,0.0401,4.4700,-0.0901,-0.0644,0.1945,-0.1667,-9.7037,-9.8091,-9.9581,-9.7274,0.0188
15.0600,dirt,0.786,0.400,0.0501,4.6090,-0.0707,-0.0560,-0.1222,0.1346,-9.7375,-9.7635,-9.9160,-9.7900,0.0235
15.0720,dirt,0.786,0.400,0.0601,4.5206,-0.1186,-0.0494,-0.0486,-0.0146,-9.7456,-9.7946,-9.9122,-9.8355,0.0269
15.0840,dirt,0.786,0.400,0.0700,4.5031,-0.0127,-0.0488,0.0834,-0.3225,-9.6808,-9.8266,-9.8897,-9.8736,0.0321
15.0960,dirt,0.786,0.400,0.0799,4.5110,-0.0077,-0.0420,-0.1175,0.6795,-9.6596,-9.8729,-9.8244,-9.8866,0.0379
15.1080,dirt,0.786,0.400,0.0897,4.4873,-0.0679,-0.0316,-0.1033,0.4669,-9.6556,-9.9741,-9.9114,-9.8034,0.0430
15.1200,dirt,0.786,0.400,0.0995,4.5458,-0.0669,-0.0302,-0.0263,-0.0141,-9.6394,-10.0188,-9.8334,-9.8164,0.0472
15.1320,dirt,0.786,0.400,0.1092,4.5764,-0.0631,-0.0245,0.2285,0.4936,-9.6630,-10.0328,-9.8031,-9.8218,0.0511
15.1440,dirt,0.786,0.400,0.1188,4.5754,0.0369,-0.0255,-0.2378,-0.0157,-9.7064,-10.0527,-9.8068,-9.8366,0.0562
15.1560,dirt,0.786,0.400,0.1284,4.5223,-0.0496,-0.0163,-0.1126,0.5922,-9.5987,-10.1401,-9.7512,-9.8298,0.0621
15.1680,dirt,0.786,0.400,0.1379,4.4842,0.0545,-0.0095,0.0615,0.1319,-9.5642,-10.1622,-9.7828,-9.8408,0.0674
15.1800,dirt,0.786,0.400,0.1472,4.5167,-0.0994,-0.0001,0.0495,0.6731,-9.5756,-10.1386,-9.8375,-9.8635,0.0715
15.1920,dirt,0.786,0.400,0.1565,4.6004,0.0857,-0.0023,0.0486,0.0117,-9.5459,-10.1330,-9.7705,-9.8810,0.0758
15.2040,dirt,0.786,0.400,0.1658,4.6058,-0.0202,0.0029,0.3432,0.6431,-9.5862,-10.1013,-9.8256,-9.8480,0.0811
15.2160,dirt,0.786,0.400,0.1748,4.5168,-0.0340,0.0033,0.4896,0.3643,-9.6678,-10.0230,-9.8783,-9.8221,0.0856
15.2280,dirt,0.786,0.400,0.1838,4.6078,0.0942,0.0099,-0.1311,0.4142,-9.7177,-9.9576,-9.8666,-9.8241,0.0898
15.2400,dirt,0.786,0.400,0.1927,4.5753,0.0520,0.0128,-0.0632,0.5608,-9.7871,-9.9240,-9.8539,-9.8769,0.0938
15.2520,dirt,0.786,0.400,0.2014,4.4938,-0.0059,0.0151,-0.1043,0.6822,-9.8251,-9.8803,-9.8614,-9.7842,0.0984
15.2640,dirt,0.786,0.400,0.2101,4.5708,0.0822,0.0134,-0.0994,0.4784,-9.8106,-9.8644,-9.8369,-9.8076,0.1021
15.2760,dirt,0.786,0.400,0.2186,4.5686,-0.0634,0.0165,-0.1251,1.1990,-9.8690,-9.8077,-9.8543,-9.8540,0.1060
15.2880,dirt,0.786,0.400,0.2269,4.5605,0.0713,0.0177,0.1111,0.5701,-9.8817,-9.7447,-9.8734,-9.7682,0.1101
15.3000,dirt,0.786,0.400,0.2351,4.5801,0.0463,0.0246,0.0916,0.3635,-9.7969,-9.8129,-9.8237,-9.8346,0.1142
15.3120,dirt,0.786,0.400,0.2432,4.5891,0.0190,0.0235,-0.0128,0.6175,-9.7526,-9.8431,-9.7856,-9.9133,0.1185
15.3240,dirt,0.786,0.400,0.2511,4.6057,-0.0055,0.0289,0.1703,0.3334,-9.7072,-9.8614,-9.8071,-9.9559,0.1222
15.3360,dirt,0.786,0.400,0.2588,4.5643,0.1237,0.0306,0.1977,0.8808,-9.6199,-9.9153,-9.7953,-9.9650,0.1258
15.3480,dirt,0.786,0.400,0.2664,4.5016,0.1130,0.0373,-0.0138,0.3496,-9.5949,-9.9324,-9.7502,-9.9546,0.1311
15.3600,dirt,0.786,0.400,0.2738,4.5608,0.1015,0.0409,0.1431,0.2119,-9.5343,-10.0081,-9.7602,-9.9618,0.1349
15.3720,dirt,0.786,0.400,0.2811,4.5187,0.0287,0.0443,0.0403,0.4517,-9.4857,-10.0347,-9.7825,-9.9401,0.1375
15.3840,dirt,0.786,0.400,0.2881,4.5334,0.0357,0.0440,-0.0142,0.9021,-9.5129,-10.0425,-9.7294,-9.9699,0.1410
15.3960,dirt,0.786,0.400,0.2950,4.5831,0.1140,0.0510,-0.1002,0.4287,-9.4563,-10.0825,-9.7777,-9.9668,0.1456
15.4080,dirt,0.786,0.400,0.3017,4.4968,0.1056,0.0566,-0.1250,0.4461,-9.4542,-10.0880,-9.7190,-9.9562,0.1489
15.4200,dirt,0.786,0.400,0.3082,4.5735,0.0081,0.0609,-0.1355,0.4516,-9.5531,-10.0616,-9.6661,-9.9877,0.1514
15.4320,dirt,0.786,0.400,0.3145,4.5670,0.1244,0.0650,0.0109,1.0576,-9.6063,-10.0307,-9.6434,-10.0216,0.1547
15.4440,dirt,0.786,0.400,0.3206,4.4743,0.0954,0.0713,0.0955,0.3579,-9.6272,-9.9884,-9.7910,-9.9915,0.1579
15.4560,dirt,0.786,0.400,0.3265,4.5395,-0.0081,0.0749,0.1492,0.7162,-9.6694,-9.9724,-9.6889,-9.9968,0.1604
15.4680,dirt,0.786,0.400,0.3322,4.5056,-0.0433,0.0798,0.0246,1.0940,-9.6650,-9.9571,-9.7635,-9.9681,0.1641
15.4800,dirt,0.786,0.400,0.3377,4.5915,0.0518,0.0863,0.1494,0.4332,-9.6666,-9.9498,-9.7924,-9.9885,0.1662
15.4920,dirt,0.786,0.400,0.3430,4.4899,0.1232,0.0841,-0.0043,0.5978,-9.7009,-9.9396,-9.7744,-9.9946,0.1676
15.5040,dirt,0.786,0.400,0.3481,4.5317,0.1385,0.0840,0.0781,0.3167,-9.6139,-9.9621,-9.8344,-9.9836,0.1699
15.5160,dirt,0.786,0.400,0.3529,4.5211,0.0498,0.0879,0.0669,0.2880,-9.5116,-10.0036,-9.7360,-9.9996,0.1732
15.5280,dirt,0.786,0.400,0.3575,4.6104,0.0694,0.0925,-0.0365,0.2480,-9.5733,-9.9841,-9.7142,-10.0230,0.1762
15.5400,dirt,0.786,0.400,0.3619,4.5010,0.1499,0.0943,-0.1484,1.3444,-9.5917,-9.9669,-9.7558,-10.0469,0.1782
15.5520,dirt,0.786,0.400,0.3661,4.5541,0.1571,0.1003,-0.0906,0.5996,-9.5568,-9.9436,-9.6964,-10.1251,0.1795
15.5640,dirt,0.786,0.400,0.3700,4.5109,0.1830,0.1030,-0.0728,1.1998,-9.6099,-9.8456,-9.6434,-10.2448,0.1815
15.5760,dirt,0.786,0.400,0.3737,4.4587,0.1895,0.1072,0.0268,0.3572,-9.5987,-9.8384,-9.6847,-10.2960,0.1835
15.5880,dirt,0.786,0.400,0.3772,4.5534,0.1656,0.1184,0.1437,0.5954,-9.5669,-9.8457,-9.6787,-10.2472,0.1854
15.6000,dirt,0.786,0.400,0.3804,4.5198,0.0592,0.1211,-0.0500,0.4498,-9.6080,-9.8433,-9.6658,-10.2418,0.1869
15.6120,dirt,0.786,0.400,0.3834,4.5774,0.1126,0.1239,0.0883,0.6399,-9.5810,-9.8596,-9.7144,-10.2052,0.1880
15.6240,dirt,0.786,0.400,0.3862,4.6056,0.1945,0.1253,-0.1293,0.4025,-9.5727,-9.8844,-9.7222,-10.1907,0.1894
15.6360,dirt,0.786,0.400,0.3887,4.5241,0.0704,0.1282,0.0673,1.0909,-9.5651,-9.8869,-9.7039,-10.2099,0.1910
15.6480,dirt,0.786,0.400,0.3909,4.5793,0.0298,0.1284,-0.0551,0.8961,-9.5558,-9.8927,-9.7377,-10.1760,0.1925
15.6600,dirt,0.786,0.400,0.3929,4.5041,0.1337,0.1311,0.2071,0.5859,-9.5401,-9.8807,-9.6572,-10.2268,0.1934
15.6720,dirt,0.786,0.400,0.3947,4.4814,0.1181,0.1347,-0.0352,1.1251,-9.6209,-9.8259,-9.6685,-10.2847,0.1940
15.6840,dirt,0.786,0.400,0.3962,4.6034,0.0770,0.1360,0.1294,1.1077,-9.6114,-9.8582,-9.7682,-10.1748,0.1947
15.6960,dirt,0.786,0.400,0.3974,4.5512,0.1659,0.1387,-0.0980,1.1133,-9.6456,-9.8517,-9.7377,-10.1384,0.1955
15.7080,dirt,0.786,0.400,0.3985,4.5905,0.0386,0.1363,-0.0524,0.8674,-9.6906,-9.8628,-9.9056,-10.0628,0.1962
15.7200,dirt,0.786,0.400,0.3992,4.6169,0.0776,0.1344,0.0725,0.8313,-9.6299,-9.8981,-9.9463,-10.0702,0.1965
15.7320,dirt,0.786,0.400,0.3997,4.5057,0.1544,0.1326,-0.0205,0.9663,-9.6153,-9.8635,-9.9884,-10.0551,0.1966
15.7440,dirt,0.786,0.400,0.4000,4.5992,0.1594,0.1281,-0.0429,1.1555,-9.5736,-9.8788,-10.0247,-10.1235,0.1970
15.7560,dirt,0.786,0.400,0.4000,4.5331,0.0889,0.1332,-0.0522,0.5389,-9.5580,-9.8687,-10.0203,-10.0824,0.1974
15.7680,dirt,0.786,0.400,0.3997,4.5379,0.1484,0.1345,0.0471,0.8686,-9.5990,-9.8540,-9.9193,-10.1168,0.1976
15.7800,dirt,0.786,0.400,0.3992,4.5058,0.1506,0.1375,-0.0665,1.0134,-9.6229,-9.8337,-9.8739,-10.1347,0.1973
15.7920,dirt,0.786,0.400,0.3985,4.5576,0.1130,0.1396,0.0875,0.6628,-9.6157,-9.8598,-9.8298,-10.1723,0.1968
15.8040,dirt,0.786,0.400,0.3974,4.4759,0.0938,0.1415,0.1543,0.6481,-9.6157,-9.8885,-9.7838,-10.1260,0.1964
15.8160,dirt,0.786,0.400,0.3962,4.4879,0.1836,0.1428,-0.1351,0.7262,-9.5460,-9.9106,-9.7046,-10.2188,0.1961
15.8280,dirt,0.786,0.400,0.3947,4.5677,0.1714,0.1446,-0.0549,0.4364,-9.4776,-9.9694,-9.6635,-10.2691,0.1957
15.8400,dirt,0.786,0.400,0.3929,4.5433,0.1674,0.1467,0.0031,0.6076,-9.4925,-10.0011,-9.5761,-10.2259,0.1951
15.8520,dirt,0.786,0.400,0.3909,4.5741,0.0750,0.1474,0.0958,0.9071,-9.5452,-10.0118,-9.4957,-10.2052,0.1943
15.8640,dirt,0.786,0.400,0.3887,4.5644,0.1646,0.1523,-0.3522,0.7482,-9.5770,-9.9983,-9.5301,-10.2545,0.1933
15.8760,dirt,0.786,0.400,0.3862,4.5774,0.1297,0.1528,0.0712,0.6496,-9.6141,-9.9941,-9.5287,-10.2003,0.1920
15.8880,dirt,0.786,0.400,0.3834,4.5073,0.2116,0.1548,-0.1665,0.8409,-9.6463,-9.9968,-9.6093,-10.1273,0.1905
15.9000,dirt,0.786,0.400,0.3804,4.5491,0.1699,0.1527,-0.0610,0.9551,-9.6306,-9.9891,-9.6207,-10.1480,0.1890
15.9120,dirt,0.786,0.400,0.3772,4.5166,0.2484,0.1533,-0.0252,0.9689,-9.6084,-10.0151,-9.6862,-10.1043,0.1875
15.9240,dirt,0.786,0.400,0.3737,4.4916,0.1126,0.1512,0.0270,0.9139,-9.5778,-10.0326,-9.7658,-10.1157,0.1860
15.9360,dirt,0.786,0.400,0.3700,4.4319,0.0797,0.1533,0.1274,0.5882,-9.5917,-9.9481,-9.7737,-10.1716,0.1844
15.9480,dirt,0.786,0.400,0.3661,4.5285,0.1638,0.1596,-0.0046,0.5461,-9.6087,-9.9507,-9.7004,-10.1544,0.1823
15.9600,dirt,0.786,0.400,0.3619,4.6829,0.2313,0.1620,-0.0071,0.8169,-9.6224,-9.9378,-9.6878,-10.1498,0.1800
15.9720,dirt,0.786,0.400,0.3575,4.5783,0.1114,0.1609,-0.0432,0.7812,-9.6183,-9.9227,-9.7429,-10.1424,0.1779
15.9840,dirt,0.786,0.400,0.3529,4.6099,0.1547,0.1592,-0.0054,0.3504,-9.5937,-9.9842,-9.5655,-10.2548,0.1759
15.9960,dirt,0.786,0.400,0.3481,4.5045,0.1996,0.1635,0.1383,0.6221,-9.6250,-9.9318,-9.5551,-10.2465,0.1738
16.0080,dirt,0.786,0.400,0.3430,4.5155,0.0978,0.1640,-0.0150,1.1219,-9.6656,-9.9298,-9.5566,-10.2163,0.1709
16.0200,dirt,0.786,0.400,0.3377,4.5764,0.1848,0.1623,-0.0962,0.6671,-9.6690,-9.9792,-9.5394,-10.2100,0.1680
16.0320,dirt,0.786,0.400,0.3322,4.6496,0.1610,0.1612,-0.3252,1.4215,-9.6965,-9.9985,-9.5944,-10.1658,0.1660
16.0440,dirt,0.786,0.400,0.3265,4.5276,0.1858,0.1611,-0.0504,0.7672,-9.7215,-9.9812,-9.5869,-10.1374,0.1640
16.0560,dirt,0.786,0.400,0.3206,4.5555,0.1896,0.1561,-0.0671,0.9707,-9.6956,-10.0310,-9.6001,-10.1573,0.1605
16.0680,dirt,0.786,0.400,0.3145,4.5267,0.1240,0.1537,-0.1576,0.5982,-9.7211,-9.9923,-9.6280,-10.1269,0.1573
16.0800,dirt,0.786,0.400,0.3082,4.5328,0.1122,0.1566,0.1089,0.4031,-9.7468,-9.9431,-9.6156,-10.1445,0.1541
16.0920,dirt,0.786,0.400,0.3017,4.6433,0.1513,0.1556,-0.0377,0.9821,-9.7371,-9.9375,-9.6470,-10.1785,0.1512
16.1040,dirt,0.786,0.400,0.2950,4.4903,0.2005,0.1594,0.1427,0.7970,-9.7259,-9.9522,-9.6713,-10.1355,0.1481
16.1160,dirt,0.786,0.400,0.2881,4.5822,0.2589,0.1578,0.1257,0.4383,-9.7291,-9.9271,-9.6319,-10.1159,0.1452
16.1280,dirt,0.786,0.400,0.2811,4.5091,0.1248,0.1584,-0.0717,0.3954,-9.6894,-9.9816,-9.5155,-10.2035,0.1412
16.1400,dirt,0.786,0.400,0.2738,4.5797,0.2088,0.1575,-0.0230,0.7735,-9.7042,-9.9301,-9.6259,-10.1661,0.1376
16.1520,dirt,0.786,0.400,0.2664,4.5114,0.1863,0.1566,-0.3146,0.5043,-9.7224,-9.9263,-9.5499,-10.1568,0.1343
16.1640,dirt,0.786,0.400,0.2588,4.5394,0.2516,0.1514,-0.0222,0.9856,-9.6987,-9.9873,-9.5434,-10.1489,0.1308
16.1760,dirt,0.786,0.400,0.2511,4.4161,0.1534,0.1515,-0.1615,0.9598,-9.7123,-10.0004,-9.5820,-10.1454,0.1270
16.1880,dirt,0.786,0.400,0.2432,4.5312,0.1686,0.1436,-0.0921,0.7173,-9.7234,-9.9918,-9.6057,-10.1290,0.1231
16.2000,dirt,0.786,0.400,0.2351,4.5655,0.2720,0.1434,0.0324,0.2316,-9.6798,-10.0260,-9.6073,-10.1220,0.1190
16.2120,dirt,0.786,0.400,0.2269,4.6430,0.1706,0.1467,-0.4738,0.4469,-9.6782,-9.9883,-9.6272,-10.1370,0.1146
16.2240,dirt,0.786,0.400,0.2186,4.5193,0.1842,0.1472,0.0525,0.6652,-9.6969,-9.9284,-9.5925,-10.1059,0.1116
16.2360,dirt,0.786,0.400,0.2101,4.5929,0.1775,0.1455,-0.1184,0.2173,-9.6776,-9.9832,-9.5580,-10.1276,0.1076
16.2480,dirt,0.786,0.400,0.2014,4.4809,0.0837,0.1455,0.0874,0.4871,-9.7181,-10.0024,-9.5458,-10.0966,0.1032
16.2600,dirt,0.786,0.400,0.1927,4.4525,0.0977,0.1418,-0.2155,0.7602,-9.6887,-10.0334,-9.5336,-10.0624,0.0990
16.2720,dirt,0.786,0.400,0.1838,4.6352,0.2181,0.1369,0.0019,0.8406,-9.6999,-10.0093,-9.5369,-10.1074,0.0944
16.2840,dirt,0.786,0.400,0.1748,4.5777,0.1263,0.1378,-0.1075,0.8625,-9.7295,-10.0172,-9.6203,-10.0942,0.0900
16.2960,dirt,0.786,0.400,0.1658,4.6024,0.2291,0.1317,0.0011,0.8398,-9.7639,-9.9789,-9.5938,-10.1238,0.0855
16.3080,dirt,0.786,0.400,0.1565,4.6105,0.0716,0.1280,-0.0393,0.3909,-9.7308,-10.0017,-9.6573,-10.0616,0.0810
16.3200,dirt,0.786,0.400,0.1472,4.5170,0.0248,0.1287,0.0186,0.0331,-9.7438,-9.9657,-9.6547,-10.1075,0.0763
16.3320,dirt,0.786,0.400,0.1379,4.5639,0.1317,0.1267,0.3011,0.0602,-9.6945,-9.9710,-9.5619,-10.1429,0.0717
16.3440,dirt,0.786,0.400,0.1284,4.5472,0.1749,0.1253,-0.0081,0.3697,-9.7143,-9.9568,-9.5683,-10.0130,0.0671
16.3560,dirt,0.786,0.400,0.1188,4.5678,0.2145,0.1216,-0.3127,0.1845,-9.7554,-9.9580,-9.5145,-10.0734,0.0628
16.3680,dirt,0.786,0.400,0.1092,4.5750,0.1149,0.1190,-0.1530,0.2980,-9.7641,-9.9339,-9.5463,-10.0696,0.0579
16.3800,dirt,0.786,0.400,0.0995,4.4712,0.0576,0.1168,0.1025,0.2545,-9.7588,-9.9476,-9.6693,-9.9949,0.0530
16.3920,dirt,0.786,0.400,0.0897,4.4750,0.1515,0.1131,-0.0442,-0.0162,-9.7868,-9.9096,-9.6463,-10.0621,0.0472
16.4040,dirt,0.786,0.400,0.0799,4.5003,0.0805,0.1089,0.1522,0.3165,-9.7101,-9.8774,-9.6337,-10.0952,0.0427
16.4160,dirt,0.786,0.400,0.0700,4.6454,0.0219,0.1066,0.2630,-0.0084,-9.6588,-9.8604,-9.7291,-10.0351,0.0390
16.4280,dirt,0.786,0.400,0.0601,4.4658,0.0364,0.1044,-0.1111,0.2666,-9.7296,-9.8559,-9.6205,-10.0777,0.0337
16.4400,dirt,0.786,0.400,0.0501,4.5370,0.2168,0.1015,0.1857,0.1396,-9.7587,-9.8983,-9.5378,-10.0234,0.0284
16.4520,dirt,0.786,0.400,0.0401,4.5536,0.1152,0.0970,-0.2794,0.2212,-9.7830,-9.9462,-9.6170,-9.9527,0.0232
16.4640,dirt,0.786,0.400,0.0301,4.5872,0.1300,0.0901,-0.0990,-0.0423,-9.7534,-9.9894,-9.6233,-9.9735,0.0184
16.4760,dirt,0.786,0.400,0.0201,4.5967,0.1348,0.0869,0.3948,0.0240,-9.6568,-10.0015,-9.6221,-10.0273,0.0137
16.4880,dirt,0.786,0.400,0.0101,4.5116,-0.0081,0.0827,-0.1391,0.0717,-9.6807,-10.0150,-9.7554,-9.9880,0.0086
16.5000,dirt,0.786,0.400,-0.0000,4.5226,0.0186,0.0813,-0.0618,-0.2324,-9.7613,-9.9712,-9.7152,-9.9969,0.0036
16.5120,dirt,0.786,0.400,-0.0101,4.5340,0.0983,0.0750,0.0243,-0.1580,-9.7434,-9.9647,-9.6809,-10.0379,-0.0015
16.5240,dirt,0.786,0.400,-0.0201,4.5174,0.1379,0.0781,0.3998,-0.2022,-9.7637,-9.9795,-9.6220,-9.9986,-0.0061
16.5360,dirt,0.786,0.400,-0.0301,4.5166,0.0755,0.0708,-0.4865,0.0933,-9.7418,-10.0043,-9.5420,-9.9611,-0.0099
16.5480,dirt,0.786,0.400,-0.0401,4.4509,0.1899,0.0660,-0.0471,0.0694,-9.7193,-9.9915,-9.6408,-9.9471,-0.0157
16.5600,dirt,0.786,0.400,-0.0501,4.5548,0.0368,0.0645,-0.2748,0.0744,-9.7486,-9.9583,-9.7247,-9.9163,-0.0211
16.5720,dirt,0.786,0.400,-0.0601,4.5756,0.0231,0.0603,-0.1307,-0.4478,-9.8394,-9.8977,-9.6837,-9.9749,-0.0266
16.5840,dirt,0.786,0.400,-0.0700,4.5315,0.0948,0.0551,0.0840,-0.0989,-9.7697,-9.9097,-9.7716,-9.9806,-0.0314
16.5960,dirt,0.786,0.400,-0.0799,4.5416,0.0556,0.0548,0.0625,0.2405,-9.7649,-9.8878,-9.7813,-9.9459,-0.0370
16.6080,dirt,0.786,0.400,-0.0897,4.5534,0.0169,0.0460,-0.0951,-0.1584,-9.7500,-9.8637,-9.7185,-9.8883,-0.0419
16.6200,dirt,0.786,0.400,-0.0995,4.5455,0.1472,0.0399,-0.2189,-0.3608,-9.6151,-9.9088,-9.6291,-9.9313,-0.0459
16.6320,dirt,0.786,0.400,-0.1092,4.5004,0.0822,0.0353,-0.3375,0.0921,-9.6886,-9.9074,-9.6982,-9.9116,-0.0498
16.6440,dirt,0.786,0.400,-0.1188,4.5333,-0.0040,0.0345,-0.0216,0.0662,-9.8057,-9.8711,-9.7132,-9.9125,-0.0549
16.6560,dirt,0.786,0.400,-0.1284,4.6282,0.0140,0.0308,-0.0500,-0.0206,-9.7679,-9.8687,-9.7921,-9.9482,-0.0603
16.6680,dirt,0.786,0.400,-0.1379,4.4994,0.0200,0.0217,0.0528,-0.7337,-9.7687,-9.8684,-9.8314,-9.9231,-0.0654
16.6800,dirt,0.786,0.400,-0.1472,4.5137,0.0395,0.0224,0.0585,-0.3758,-9.7641,-9.8437,-9.7125,-9.9994,-0.0696
16.6920,dirt,0.786,0.400,-0.1565,4.4983,0.0125,0.0159,0.0170,-0.8386,-9.6243,-9.9217,-9.6915,-9.9305,-0.0739
16.7040,dirt,0.786,0.400,-0.1658,4.5140,0.0381,0.0184,-0.0996,-0.1908,-9.6380,-9.8845,-9.7452,-9.8470,-0.0784
16.7160,dirt,0.786,0.400,-0.1748,4.5213,0.0221,0.0102,0.0821,0.0980,-9.7999,-9.7921,-9.7582,-9.8710,-0.0827
16.7280,dirt,0.786,0.400,-0.1838,4.5184,0.0489,0.0098,-0.0474,-0.8224,-9.7636,-9.8250,-9.7982,-9.9221,-0.0873
16.7400,dirt,0.786,0.400,-0.1927,4.5824,0.0067,0.0050,-0.0193,-0.0718,-9.7856,-9.8141,-9.8480,-9.8782,-0.0922
16.7520,dirt,0.786,0.400,-0.2014,4.4816,-0.0327,0.0010,-0.1599,-0.0168,-9.7991,-9.8110,-9.8127,-9.8996,-0.0970
16.7640,dirt,0.786,0.400,-0.2101,4.6439,-0.0086,-0.0032,0.1491,-0.3946,-9.7088,-9.8543,-9.8183,-9.8701,-0.1012
16.7760,dirt,0.786,0.400,-0.2186,4.5322,-0.0108,-0.0061,0.0009,0.2437,-9.6126,-9.8685,-9.8007,-9.7969,-0.1052
16.7880,dirt,0.786,0.400,-0.2269,4.6239,0.0703,-0.0154,-0.1616,0.0969,-9.6838,-9.8262,-9.7953,-9.8121,-0.1088
16.8000,dirt,0.786,0.400,-0.2351,4.5460,0.0571,-0.0181,-0.1011,-0.3138,-9.7164,-9.8379,-9.8019,-9.8591,-0.1130
16.8120,dirt,0.786,0.400,-0.2432,4.4968,-0.0426,-0.0178,-0.0174,-0.3941,-9.7554,-9.8248,-9.8750,-9.8242,-0.1172
16.8240,dirt,0.786,0.400,-0.2511,4.5345,-0.0519,-0.0201,-0.1034,-0.7213,-9.8319,-9.8085,-9.8403,-9.8925,-0.1207
16.8360,dirt,0.786,0.400,-0.2588,4.4301,-0.0111,-0.0223,0.3437,-0.4431,-9.7483,-9.8578,-9.8205,-9.9166,-0.1243
16.8480,dirt,0.786,0.400,-0.2664,4.5386,-0.0920,-0.0285,-0.3320,-0.6660,-9.7518,-9.8507,-9.8164,-9.9044,-0.1285
16.8600,dirt,0.786,0.400,-0.2738,4.4929,0.0264,-0.0299,-0.0684,-0.2748,-9.7496,-9.8438,-9.8104,-9.8282,-0.1325
16.8720,dirt,0.786,0.400,-0.2811,4.6088,-0.0405,-0.0368,-0.0472,-0.6945,-9.6183,-9.8804,-9.8566,-9.8271,-0.1362
16.8840,dirt,0.786,0.400,-0.2881,4.5000,-0.0666,-0.0347,-0.1327,-0.1146,-9.7358,-9.7436,-9.9261,-9.7931,-0.1393
16.8960,dirt,0.786,0.400,-0.2950,4.6249,-0.0498,-0.0351,0.1182,-0.5115,-9.8271,-9.7539,-9.8836,-9.8732,-0.1428
16.9080,dirt,0.786,0.400,-0.3017,4.5313,-0.0404,-0.0434,-0.0418,-0.9115,-9.7852,-9.7884,-9.9085,-9.8706,-0.1458
16.9200,dirt,0.786,0.400,-0.3082,4.4900,-0.0205,-0.0447,-0.0470,-0.7026,-9.7827,-9.7698,-9.9321,-9.8763,-0.1498
16.9320,dirt,0.786,0.400,-0.3145,4.6353,-0.0173,-0.0497,-0.1760,-0.3428,-9.7803,-9.7720,-9.8904,-9.8638,-0.1534
16.9440,dirt,0.786,0.400,-0.3206,4.5632,-0.0793,-0.0542,-0.0131,-0.3579,-9.7603,-9.8194,-9.8680,-9.8239,-0.1556
16.9560,dirt,0.786,0.400,-0.3265,4.5395,-0.1324,-0.0549,0.0208,-0.9144,-9.6257,-9.8226,-9.9399,-9.7941,-0.1587
16.9680,dirt,0.786,0.400,-0.3322,4.5228,-0.0963,-0.0635,-0.0920,-0.4725,-9.5948,-9.8807,-9.9159,-9.8448,-0.1620
16.9800,dirt,0.786,0.400,-0.3377,4.5664,-0.1787,-0.0636,-0.0221,0.0407,-9.7119,-9.7124,-10.0072,-9.8190,-0.1646
16.9920,dirt,0.786,0.400,-0.3430,4.5329,-0.1092,-0.0656,-0.0712,-0.5684,-9.7315,-9.6705,-10.0981,-9.8642,-0.1669
17.0040,dirt,0.786,0.400,-0.3481,4.4918,-0.0866,-0.0719,0.0624,-0.8163,-9.7218,-9.7547,-9.9181,-10.0208,-0.1689
17.0160,dirt,0.786,0.400,-0.3529,4.5921,-0.0137,-0.0769,0.0895,-0.1696,-9.7580,-9.7398,-9.9216,-9.8537,-0.1716
17.0280,dirt,0.786,0.400,-0.3575,4.5829,-0.0876,-0.0810,0.1062,-0.5073,-9.7483,-9.7764,-9.9964,-9.7360,-0.1745
17.0400,dirt,0.786,0.400,-0.3619,4.4858,-0.0906,-0.0809,-0.1126,-0.9335,-9.7378,-9.8232,-9.9722,-9.7523,-0.1768
17.0520,dirt,0.786,0.400,-0.3661,4.4612,-0.0976,-0.0849,0.0121,-0.6695,-9.7951,-9.7906,-9.9855,-9.7805,-0.1786
17.0640,dirt,0.786,0.400,-0.3700,4.6654,-0.0575,-0.0865,-0.1303,-0.5072,-9.6286,-9.8171,-10.1383,-9.7946,-0.1808
17.0760,dirt,0.786,0.400,-0.3737,4.5070,-0.1608,-0.0939,0.1355,-1.0437,-9.5395,-9.8656,-10.0914,-9.9392,-0.1827
17.0880,dirt,0.786,0.400,-0.3772,4.5425,-0.0869,-0.0966,-0.0360,-0.2437,-9.6725,-9.6843,-10.0132,-9.9543,-0.1838
17.1000,dirt,0.786,0.400,-0.3804,4.5546,-0.0652,-0.0974,-0.1264,0.1066,-9.7396,-9.5899,-10.0544,-9.8656,-0.1854
17.1120,dirt,0.786,0.400,-0.3834,4.4490,-0.1502,-0.0989,-0.0658,-1.3001,-9.7448,-9.6709,-10.0727,-9.8272,-0.1876
17.1240,dirt,0.786,0.400,-0.3862,4.5999,-0.0418,-0.1033,-0.0120,-1.1560,-9.7850,-9.6956,-10.0231,-9.9053,-0.1896
17.1360,dirt,0.786,0.400,-0.3887,4.5820,-0.0297,-0.1019,-0.1472,-1.1762,-9.7528,-9.7327,-10.0928,-9.9098,-0.1911
17.1480,dirt,0.786,0.400,-0.3909,4.5867,-0.0648,-0.1119,0.1867,-0.8356,-9.6809,-9.7951,-10.1157,-9.9157,-0.1919
17.1600,dirt,0.786,0.400,-0.3929,4.5105,-0.0956,-0.1126,-0.0444,-0.7215,-9.7023,-9.7692,-10.0256,-9.9254,-0.1924
17.1720,dirt,0.786,0.400,-0.3947,4.4930,-0.0484,-0.1119,-0.0067,-0.9834,-9.7311,-9.7601,-9.9989,-9.9047,-0.1935
17.1840,dirt,0.786,0.400,-0.3962,4.5749,-0.0765,-0.1147,0.0049,-1.0336,-9.6658,-9.8366,-10.1289,-9.7563,-0.1947
17.1960,dirt,0.786,0.400,-0.3974,4.5764,-0.1667,-0.1171,-0.1813,-0.8665,-9.5756,-9.8574,-10.0963,-9.7483,-0.1952
17.2080,dirt,0.786,0.400,-0.3985,4.5014,-0.2015,-0.1207,0.0601,-0.2555,-9.5663,-9.8512,-10.1236,-9.8080,-0.1951
17.2200,dirt,0.786,0.400,-0.3992,4.5490,-0.1962,-0.1222,0.1842,-0.5565,-9.6007,-9.8761,-10.1641,-9.8318,-0.1946
17.2320,dirt,0.786,0.400,-0.3997,4.5451,-0.1241,-0.1194,-0.0038,-0.3871,-9.7275,-9.6586,-10.0778,-9.9176,-0.1951
17.2440,dirt,0.786,0.400,-0.4000,4.5053,-0.1475,-0.1239,0.0866,-0.7153,-9.8338,-9.5524,-10.0598,-9.9520,-0.1962
17.2560,dirt,0.786,0.400,-0.4000,4.5080,-0.1493,-0.1236,-0.0851,-0.5305,-9.7913,-9.5889,-10.0898,-9.9967,-0.1971
17.2680,dirt,0.786,0.400,-0.3997,4.6023,-0.0166,-0.1292,-0.0333,-0.9472,-9.7386,-9.6840,-10.0442,-9.8691,-0.1973
17.2800,dirt,0.786,0.400,-0.3992,4.5935,-0.0494,-0.1322,-0.0372,-0.9471,-9.7433,-9.7791,-10.0797,-9.8223,-0.1967
17.2920,dirt,0.786,0.400,-0.3985,4.5269,-0.1907,-0.1331,0.0120,-0.6982,-9.7485,-9.8253,-10.1713,-9.7550,-0.1960
17.3040,dirt,0.786,0.400,-0.3974,4.5500,-0.1817,-0.1311,0.0541,-0.9812,-9.7160,-9.8246,-10.1404,-9.8129,-0.1957
17.3160,dirt,0.786,0.400,-0.3962,4.5390,-0.1851,-0.1329,0.0620,-0.3268,-9.7086,-9.8124,-10.0556,-9.9804,-0.1954
17.3280,dirt,0.786,0.400,-0.3947,4.6043,-0.0961,-0.1364,0.1656,-0.7993,-9.7175,-9.8081,-10.0562,-10.0058,-0.1949
17.3400,dirt,0.786,0.400,-0.3929,4.5629,-0.0395,-0.1397,0.1168,-0.9455,-9.6614,-9.7655,-10.1306,-9.9727,-0.1940
17.3520,dirt,0.786,0.400,-0.3909,4.5543,-0.1766,-0.1399,-0.1018,-0.7048,-9.5384,-9.7760,-10.0964,-9.9160,-0.1927
17.3640,dirt,0.786,0.400,-0.3887,4.5766,-0.1272,-0.1403,-0.0486,-0.9241,-9.5414,-9.8385,-10.1943,-9.7628,-0.1911
17.3760,dirt,0.786,0.400,-0.3862,4.5895,-0.2356,-0.1382,-0.0620,-1.0169,-9.6035,-9.8238,-10.1888,-9.7697,-0.1896
17.3880,dirt,0.786,0.400,-0.3834,4.5390,-0.1354,-0.1362,0.0065,-0.8524,-9.6976,-9.7927,-10.1661,-9.7704,-0.1885
17.4000,dirt,0.786,0.400,-0.3804,4.4778,-0.1950,-0.1368,0.2665,-0.6453,-9.7986,-9.7698,-10.1257,-9.8272,-0.1875
17.4120,dirt,0.786,0.400,-0.3772,4.4819,-0.0840,-0.1366,-0.1089,-0.7604,-9.8602,-9.5961,-10.1384,-9.8742,-0.1865
17.4240,dirt,0.786,0.400,-0.3737,4.5243,-0.1201,-0.1392,0.0266,-0.9485,-9.8483,-9.5839,-10.0808,-9.9192,-0.1855
17.4360,dirt,0.786,0.400,-0.3700,4.6014,-0.1328,-0.1368,0.0418,-0.4869,-9.8468,-9.6011,-10.0856,-9.7892,-0.1839
17.4480,dirt,0.786,0.400,-0.3661,4.5464,-0.2076,-0.1410,0.1243,-0.7706,-9.8662,-9.6329,-10.1624,-9.6712,-0.1820
17.4600,dirt,0.786,0.400,-0.3619,4.6196,-0.1220,-0.1440,-0.0774,-1.0747,-9.7883,-9.7729,-10.2002,-9.6032,-0.1799
17.4720,dirt,0.786,0.400,-0.3575,4.5574,-0.1613,-0.1463,0.1495,-0.3551,-9.7601,-9.8597,-10.1377,-9.6460,-0.1777
17.4840,dirt,0.786,0.400,-0.3529,4.4725,-0.2452,-0.1481,-0.0431,-0.9445,-9.7915,-9.8507,-10.1767,-9.6662,-0.1755
17.4960,dirt,0.786,0.400,-0.3481,4.5568,-0.2742,-0.1447,0.0536,-0.8810,-9.7521,-9.8966,-10.1339,-9.7547,-0.1731
17.5080,dirt,0.786,0.400,-0.3430,4.5200,-0.1608,-0.1404,0.0036,-1.1765,-9.7108,-9.9127,-10.0524,-9.8177,-0.1708
17.5200,dirt,0.786,0.400,-0.3377,4.4688,-0.2108,-0.1423,0.4084,-0.6060,-9.7839,-9.8580,-10.0798,-9.6928,-0.1681
17.5320,dirt,0.786,0.400,-0.3322,4.5561,-0.0955,-0.1414,-0.0332,-0.4851,-9.7848,-9.8840,-10.1090,-9.6189,-0.1655
17.5440,dirt,0.786,0.400,-0.3265,4.5528,-0.1166,-0.1410,-0.0503,-0.6894,-9.7788,-9.9210,-10.0517,-9.6382,-0.1630
17.5560,dirt,0.786,0.400,-0.3206,4.4871,-0.1635,-0.1435,-0.1720,-0.8051,-9.7773,-9.8825,-10.1256,-9.5981,-0.1596
17.5680,dirt,0.786,0.400,-0.3145,4.5228,-0.3330,-0.1466,-0.3466,-0.1353,-9.6553,-9.9142,-10.1994,-9.6038,-0.1560
17.5800,dirt,0.786,0.400,-0.3082,4.5859,-0.1855,-0.1435,-0.1000,-1.3195,-9.5720,-9.9542,-10.1448,-9.6436,-0.1524
17.5920,dirt,0.786,0.400,-0.3017,4.5005,-0.1624,-0.1377,-0.1685,-0.5442,-9.6288,-9.8775,-10.1015,-9.7665,-0.1492
17.6040,dirt,0.786,0.400,-0.2950,4.6647,-0.2105,-0.1382,0.0084,-0.8093,-9.6835,-9.8393,-10.1406,-9.7570,-0.1457
17.6160,dirt,0.786,0.400,-0.2881,4.5551,-0.1473,-0.1366,0.2439,-0.5551,-9.7327,-9.8662,-10.0628,-9.6999,-0.1423
17.6280,dirt,0.786,0.400,-0.2811,4.5928,-0.1999,-0.1344,0.0657,-0.9072,-9.8363,-9.8324,-10.0564,-9.6447,-0.1395
17.6400,dirt,0.786,0.400,-0.2738,4.4967,-0.1786,-0.1364,-0.1679,-0.1099,-9.9471,-9.7866,-10.0582,-9.6255,-0.1364
17.6520,dirt,0.786,0.400,-0.2664,4.4880,-0.1333,-0.1339,-0.0611,-1.1565,-9.8748,-9.8683,-10.0876,-9.6547,-0.1332
17.6640,dirt,0.786,0.400,-0.2588,4.5537,-0.1258,-0.1343,0.1801,-0.3497,-9.8535,-9.8314,-10.0268,-9.6526,-0.1295
17.6760,dirt,0.786,0.400,-0.2511,4.5375,-0.0593,-0.1331,-0.2298,-0.9726,-9.9127,-9.8134,-10.0657,-9.6514,-0.1259
17.6880,dirt,0.786,0.400,-0.2432,4.5885,-0.0891,-0.1277,-0.1044,-0.8076,-9.8729,-9.8594,-10.1053,-9.6532,-0.1220
17.7000,dirt,0.786,0.400,-0.2351,4.5171,-0.1290,-0.1276,0.0312,-0.4663,-9.8645,-9.7363,-10.0329,-9.6569,-0.1177
17.7120,dirt,0.786,0.400,-0.2269,4.4851,-0.1855,-0.1276,-0.1196,0.5958,-9.9027,-9.6708,-10.1016,-9.6116,-0.1137
17.7240,dirt,0.786,0.400,-0.2186,4.5006,-0.1264,-0.1291,-0.0821,-0.1898,-9.9138,-9.6991,-10.0977,-9.5960,-0.1110
17.7360,dirt,0.786,0.400,-0.2101,4.5509,-0.0940,-0.1311,-0.1549,-0.0602,-9.8459,-9.7132,-10.0540,-9.6387,-0.1072
17.7480,dirt,0.786,0.400,-0.2014,4.4507,-0.1523,-0.1306,0.0577,-0.2009,-9.8260,-9.7579,-10.0623,-9.6704,-0.1023
17.7600,dirt,0.786,0.400,-0.1927,4.5302,-0.1279,-0.1309,-0.1904,-0.1474,-9.8513,-9.7768,-10.1030,-9.6504,-0.0980
17.7720,dirt,0.786,0.400,-0.1838,4.5751,-0.0829,-0.1313,-0.0798,-0.6014,-9.8189,-9.8014,-10.0610,-9.6434,-0.0941
17.7840,dirt,0.786,0.400,-0.1748,4.6534,-0.1639,-0.1279,-0.0511,-0.1631,-9.7730,-9.9033,-9.9761,-9.6720,-0.0885
17.7960,dirt,0.786,0.400,-0.1658,4.6374,-0.0955,-0.1246,-0.1284,-0.7360,-9.8070,-9.9871,-10.0333,-9.6567,-0.0842
17.8080,dirt,0.786,0.400,-0.1565,4.5005,-0.0880,-0.1173,-0.2544,-0.4802,-9.8004,-10.0175,-10.0319,-9.6163,-0.0799
17.8200,dirt,0.786,0.400,-0.1472,4.6131,-0.1460,-0.1167,0.0148,-0.3108,-9.8076,-10.0514,-10.0138,-9.6550,-0.0759
17.8320,dirt,0.786,0.400,-0.1379,4.5049,-0.1005,-0.1155,-0.0998,-0.1103,-9.7919,-10.0903,-10.0184,-9.6074,-0.0708
17.8440,dirt,0.786,0.400,-0.1284,4.4350,-0.2348,-0.1144,0.0275,0.0296,-9.8237,-10.0637,-10.0469,-9.5553,-0.0659
17.8560,dirt,0.786,0.400,-0.1188,4.5316,-0.1828,-0.1143,-0.0089,-0.1641,-9.8178,-10.0384,-10.0219,-9.5936,-0.0614
17.8680,dirt,0.786,0.400,-0.1092,4.5799,-0.1478,-0.1154,0.1271,-0.2085,-9.8510,-10.0157,-10.0279,-9.5940,-0.0563
17.8800,dirt,0.786,0.400,-0.0995,4.5947,-0.1201,-0.1132,0.1477,-0.0441,-9.8338,-9.9777,-10.0416,-9.6474,-0.0514
17.8920,dirt,0.786,0.400,-0.0897,4.6094,-0.1718,-0.1113,-0.0438,-0.5257,-9.7068,-9.9547,-9.9418,-9.7895,-0.0466
17.9040,dirt,0.786,0.400,-0.0799,4.5283,-0.1599,-0.1064,-0.1466,-0.3745,-9.6851,-9.9554,-9.9873,-9.7925,-0.0416
17.9160,dirt,0.786,0.400,-0.0700,4.6539,-0.1288,-0.1032,-0.0601,-0.5213,-9.6811,-9.9378,-10.0610,-9.7555,-0.0360
17.9280,dirt,0.786,0.400,-0.0601,4.5704,-0.1726,-0.0913,0.2863,-0.3613,-9.6976,-9.8953,-9.9560,-9.7685,-0.0308
17.9400,dirt,0.786,0.400,-0.0501,4.5041,-0.2032,-0.0880,0.0147,-0.0819,-9.8007,-9.8525,-9.9349,-9.7528,-0.0261
17.9520,dirt,0.786,0.400,-0.0401,4.5472,-0.1237,-0.0836,-0.2000,-0.4597,-9.8306,-9.8709,-9.9628,-9.7207,-0.0213
17.9640,dirt,0.786,0.400,-0.0301,4.4787,-0.1029,-0.0793,-0.0578,-0.1472,-9.8469,-9.8312,-9.9616,-9.7305,-0.0166
17.9760,dirt,0.786,0.400,-0.0201,4.5124,-0.0890,-0.0733,-0.2902,-0.0715,-9.9055,-9.8298,-9.9614,-9.6602,-0.0121
17.9880,dirt,0.786,0.400,-0.0101,4.5215,-0.1790,-0.0714,0.0410,0.2179,-9.9287,-9.8913,-9.9937,-9.6367,-0.0063
18.0000,dirt,0.786,0.400,0.0000,4.6029,-0.1673,-0.0722,0.0790,0.5222,-9.9156,-9.8486,-9.9639,-9.6536,-0.0015
18.0120,dirt,0.786,0.400,0.0101,4.5317,-0.0704,-0.0678,0.1929,0.2825,-9.9238,-9.8257,-9.9676,-9.6206,0.0027
18.0240,dirt,0.786,0.400,0.0201,4.4380,-0.1701,-0.0692,-0.2311,0.6596,-9.9650,-9.8441,-9.9846,-9.6979,0.0065
18.0360,dirt,0.786,0.400,0.0301,4.5032,-0.0695,-0.0680,0.0242,0.0277,-9.8812,-9.8175,-9.9402,-9.7182,0.0123
18.0480,dirt,0.786,0.400,0.0401,4.5542,-0.1302,-0.0577,0.0895,0.2320,-9.8629,-9.7785,-9.9034,-9.7504,0.0186
18.0600,dirt,0.786,0.400,0.0501,4.4725,-0.0976,-0.0538,0.0224,0.0093,-9.8824,-9.7798,-9.9432,-9.7781,0.0233
18.0720,dirt,0.786,0.400,0.0601,4.5288,-0.0334,-0.0471,-0.1649,0.0873,-9.8210,-9.7451,-9.9136,-9.8118,0.0271
18.0840,dirt,0.786,0.400,0.0700,4.5238,-0.0180,-0.0459,0.0417,0.1122,-9.7849,-9.8251,-9.8066,-9.8055,0.0310
18.0960,dirt,0.786,0.400,0.0799,4.5389,-0.0602,-0.0421,-0.0404,-0.3686,-9.8137,-9.8216,-9.8560,-9.7975,0.0366
18.1080,dirt,0.786,0.400,0.0897,4.4466,-0.0308,-0.0342,0.1168,0.0700,-9.7262,-9.8921,-9.8498,-9.7885,0.0420
18.1200,dirt,0.786,0.400,0.0995,4.4747,-0.0755,-0.0329,0.0801,0.2533,-9.6832,-9.9709,-9.8237,-9.7871,0.0468
18.1320,dirt,0.786,0.400,0.1092,4.6303,0.0099,-0.0301,-0.0493,0.4255,-9.7311,-9.9612,-9.8280,-9.7986,0.0510
18.1440,dirt,0.786,0.400,0.1188,4.5455,-0.0184,-0.0238,-0.0847,-0.0989,-9.7096,-9.9864,-9.8619,-9.8068,0.0561
18.1560,dirt,0.786,0.400,0.1284,4.5951,0.0221,-0.0207,0.0218,0.0736,-9.6405,-10.0272,-9.8152,-9.7771,0.0620
18.1680,dirt,0.786,0.400,0.1379,4.5536,-0.0277,-0.0177,0.0520,0.3752,-9.6246,-10.0481,-9.8904,-9.7386,0.0669
18.1800,dirt,0.786,0.400,0.1472,4.5257,0.0018,-0.0166,-0.2946,0.6389,-9.5809,-10.0681,-9.9017,-9.7427,0.0708
18.1920,dirt,0.786,0.400,0.1565,4.6040,-0.0093,-0.0149,0.0272,0.6355,-9.6363,-10.0332,-9.9247,-9.7031,0.0757
18.2040,dirt,0.786,0.400,0.1658,4.5587,0.0141,-0.0141,0.3072,0.4221,-9.6481,-10.0135,-9.8957,-9.7443,0.0812
18.2160,dirt,0.786,0.400,0.1748,4.5608,0.0262,-0.0104,-0.1326,0.5595,-9.6303,-10.0034,-9.8565,-9.8110,0.0858
18.2280,dirt,0.786,0.400,0.1838,4.5687,-0.1068,-0.0043,0.0808,-0.1193,-9.6850,-9.9429,-9.8437,-9.7960,0.0896
18.2400,dirt,0.786,0.400,0.1927,4.4816,-0.0333,0.0013,0.0469,0.8146,-9.7529,-9.8778,-9.8552,-9.8423,0.0935
18.2520,dirt,0.786,0.400,0.2014,4.4987,0.1570,0.0079,-0.1367,0.2631,-9.7291,-9.8549,-9.8292,-9.9198,0.0978
18.2640,dirt,0.786,0.400,0.2101,4.5942,0.0753,0.0104,0.0663,0.3184,-9.7053,-9.8134,-9.7946,-9.9423,0.1023
18.2760,dirt,0.786,0.400,0.2186,4.5704,0.0188,0.0131,0.1597,0.7009,-9.7284,-9.8219,-9.7662,-9.9492,0.1068
18.2880,dirt,0.786,0.400,0.2269,4.5104,-0.0939,0.0216,-0.0149,0.9907,-9.7021,-9.8204,-9.8284,-9.9153,0.1112
18.3000,dirt,0.786,0.400,0.2351,4.5529,-0.0126,0.0229,0.0502,0.1089,-9.6544,-9.8625,-9.7598,-9.9523,0.1151
18.3120,dirt,0.786,0.400,0.2432,4.5871,-0.0753,0.0278,0.0438,0.8163,-9.6577,-9.9036,-9.7329,-9.9518,0.1187
18.3240,dirt,0.786,0.400,0.2511,4.4405,0.0969,0.0296,0.0172,0.6081,-9.6513,-9.9284,-9.7396,-9.9313,0.1224
18.3360,dirt,0.786,0.400,0.2588,4.4727,0.0933,0.0344,-0.0494,0.5710,-9.5772,-10.0031,-9.7036,-9.9325,0.1262
18.3480,dirt,0.786,0.400,0.2664,4.5334,0.0996,0.0446,0.0306,0.7149,-9.5855,-10.0092,-9.7019,-9.9607,0.1303
18.3600,dirt,0.786,0.400,0.2738,4.5059,0.0603,0.0464,0.1612,0.8661,-9.5245,-10.0499,-9.7812,-9.9018,0.1342
18.3720,dirt,0.786,0.400,0.2811,4.5297,0.0468,0.0490,0.1320,0.2941,-9.5668,-10.0324,-9.7662,-9.9258,0.1379
18.3840,dirt,0.786,0.400,0.2881,4.5169,0.1019,0.0506,0.0792,0.6207,-9.6292,-9.9818,-9.8205,-9.9237,0.1414
18.3960,dirt,0.786,0.400,0.2950,4.4520,0.0644,0.0525,-0.0584,0.8903,-9.6435,-9.9280,-9.8145,-9.9584,0.1446
18.4080,dirt,0.786,0.400,0.3017,4.6567,0.0633,0.0582,0.0521,0.4893,-9.6488,-9.8722,-9.7956,-9.9686,0.1479
18.4200,dirt,0.786,0.400,0.3082,4.5294,0.0450,0.0625,-0.0635,0.9754,-9.7090,-9.8480,-9.8099,-9.8891,0.1509
18.4320,dirt,0.786,0.400,0.3145,4.5864,0.1224,0.0643,-0.1152,0.8983,-9.6740,-9.8384,-9.7706,-9.9728,0.1539
18.4440,dirt,0.786,0.400,0.3206,4.5056,0.1367,0.0651,0.0242,0.6214,-9.6754,-9.8464,-9.7345,-10.0437,0.1570
18.4560,dirt,0.786,0.400,0.3265,4.5485,0.0707,0.0707,0.0717,0.2808,-9.6687,-9.8958,-9.7126,-10.0808,0.1597
18.4680,dirt,0.786,0.400,0.3322,4.5467,0.1313,0.0743,-0.0046,0.7470,-9.6045,-9.9207,-9.7293,-10.0900,0.1619
18.4800,dirt,0.786,0.400,0.3377,4.5400,0.0764,0.0788,-0.2351,0.2919,-9.5537,-9.9215,-9.7233,-10.0985,0.1649
18.4920,dirt,0.786,0.400,0.3430,4.5871,-0.0120,0.0811,0.1327,0.8678,-9.5486,-9.9207,-9.7159,-10.1159,0.1685
18.5040,dirt,0.786,0.400,0.3481,4.5968,0.1209,0.0836,-0.0203,0.3802,-9.5405,-9.9588,-9.7554,-9.9667,0.1717
18.5160,dirt,0.786,0.400,0.3529,4.5364,0.0809,0.0861,-0.0883,0.8037,-9.5548,-9.9849,-9.7186,-10.0252,0.1738
18.5280,dirt,0.786,0.400,0.3575,4.5874,0.1696,0.0923,-0.0333,0.5371,-9.6224,-9.9005,-9.6883,-10.0329,0.1754
18.5400,dirt,0.786,0.400,0.3619,4.5446,-0.0156,0.0966,0.0309,0.9034,-9.6080,-9.9213,-9.7170,-10.0143,0.1776
18.5520,dirt,0.786,0.400,0.3661,4.5651,0.1066,0.0975,-0.2446,0.1604,-9.6090,-9.9251,-9.6981,-10.0207,0.1800
18.5640,dirt,0.786,0.400,0.3700,4.4960,0.1283,0.1005,0.0067,0.9824,-9.5937,-9.9484,-9.7942,-10.0049,0.1822
18.5760,dirt,0.786,0.400,0.3737,4.5012,0.0905,0.1026,-0.0137,0.4092,-9.5253,-9.9728,-9.8671,-9.9640,0.1839
18.5880,dirt,0.786,0.400,0.3772,4.5747,0.0800,0.1061,0.0913,0.3035,-9.4882,-9.9628,-9.8398,-10.0285,0.1855
18.6000,dirt,0.786,0.400,0.3804,4.4803,0.1225,0.1025,-0.0175,0.6660,-9.4495,-9.9916,-9.9128,-10.0503,0.1875
18.6120,dirt,0.786,0.400,0.3834,4.4410,0.1675,0.1044,0.0517,1.0386,-9.4593,-9.9598,-9.9811,-10.0065,0.1893
18.6240,dirt,0.786,0.400,0.3862,4.5292,0.1813,0.1098,0.1133,0.9424,-9.5172,-9.9278,-9.8194,-10.1222,0.1905
18.6360,dirt,0.786,0.400,0.3887,4.5069,0.1576,0.1126,0.2023,0.4423,-9.5403,-9.8549,-9.7408,-10.1852,0.1915
18.6480,dirt,0.786,0.400,0.3909,4.6259,0.0898,0.1244,0.0138,0.4420,-9.5428,-9.8960,-9.6546,-10.2465,0.1930
18.6600,dirt,0.786,0.400,0.3929,4.5641,0.1012,0.1281,0.1368,1.0543,-9.5646,-9.9055,-9.6937,-10.2292,0.1940
18.6720,dirt,0.786,0.400,0.3947,4.5907,0.2384,0.1270,-0.0078,0.1534,-9.5291,-9.9377,-9.6362,-10.2486,0.1946
18.6840,dirt,0.786,0.400,0.3962,4.4421,0.1752,0.1310,0.0619,0.7758,-9.4932,-9.9735,-9.6047,-10.2533,0.1952
18.6960,dirt,0.786,0.400,0.3974,4.5618,0.0751,0.1360,0.2278,0.6304,-9.5319,-9.9699,-9.5902,-10.2540,0.1962
18.7080,dirt,0.786,0.400,0.3985,4.5339,0.1281,0.1412,0.0651,0.4586,-9.5530,-9.9789,-9.5581,-10.2043,0.1972
18.7200,dirt,0.786,0.400,0.3992,4.6292,0.1383,0.1447,-0.0535,0.4365,-9.5876,-9.9469,-9.6182,-10.1995,0.1976
18.7320,dirt,0.786,0.400,0.3997,4.4752,0.1741,0.1453,-0.0063,0.5389,-9.6452,-9.9451,-9.5947,-10.1928,0.1974
18.7440,dirt,0.786,0.400,0.4000,4.5288,0.2156,0.1454,0.0115,1.2815,-9.6404,-9.9341,-9.7655,-10.1081,0.1972
18.7560,dirt,0.786,0.400,0.4000,4.4864,0.1151,0.1462,-0.0327,0.5608,-9.6295,-9.9279,-9.8236,-10.1027,0.1971
18.7680,dirt,0.786,0.400,0.3997,4.6096,0.1647,0.1389,0.0650,0.8741,-9.5868,-9.9420,-9.8726,-10.1071,0.1972
18.7800,dirt,0.786,0.400,0.3992,4.4410,0.1521,0.1412,-0.0696,0.5746,-9.5241,-9.8917,-10.0041,-10.0934,0.1973
18.7920,dirt,0.786,0.400,0.3985,4.5153,0.1810,0.1391,-0.0737,1.2857,-9.5718,-9.8101,-9.9664,-10.1781,0.1971
18.8040,dirt,0.786,0.400,0.3974,4.5750,0.1951,0.1449,-0.1164,0.6052,-9.5812,-9.7986,-9.9398,-10.1879,0.1966
18.8160,dirt,0.786,0.400,0.3962,4.5588,0.2548,0.1482,0.1086,0.7277,-9.5922,-9.7585,-10.0197,-10.1203,0.1959
18.8280,dirt,0.786,0.400,0.3947,4.6228,0.1550,0.1542,0.1678,0.1874,-9.5827,-9.7638,-9.9228,-10.1907,0.1950
18.8400,dirt,0.786,0.400,0.3929,4.5272,0.2322,0.1543,-0.0628,0.4169,-9.5784,-9.7877,-9.6345,-10.2903,0.1941
18.8520,dirt,0.786,0.400,0.3909,4.5385,0.1888,0.1525,-0.1124,0.8215,-9.5207,-9.8649,-9.5982,-10.2288,0.1933
18.8640,dirt,0.786,0.400,0.3887,4.6360,0.1653,0.1548,0.1045,0.9139,-9.5449,-9.9063,-9.6008,-10.2379,0.1926
18.8760,dirt,0.786,0.400,0.3862,4.5131,0.1612,0.1557,-0.0570,0.9788,-9.5741,-9.9547,-9.5040,-10.2394,0.1917
18.8880,dirt,0.786,0.400,0.3834,4.5482,0.1606,0.1577,-0.0960,1.0179,-9.6194,-9.9307,-9.6051,-10.1111,0.1905
18.9000,dirt,0.786,0.400,0.3804,4.5391,0.1959,0.1580,-0.1148,1.1616,-9.6432,-9.9647,-9.5895,-10.1319,0.1886
18.9120,dirt,0.786,0.400,0.3772,4.5441,0.1428,0.1518,-0.1180,0.7995,-9.6528,-9.9644,-9.6517,-10.1396,0.1871
18.9240,dirt,0.786,0.400,0.3737,4.6544,0.2178,0.1505,0.0558,1.0755,-9.6192,-9.9558,-9.7984,-10.0554,0.1857
18.9360,dirt,0.786,0.400,0.3700,4.6299,0.1221,0.1497,-0.0476,0.9039,-9.5990,-9.9721,-9.7657,-10.1331,0.1842
18.9480,dirt,0.786,0.400,0.3661,4.4602,0.2133,0.1548,-0.1146,1.0681,-9.6049,-9.9181,-9.7330,-10.1884,0.1824
18.9600,dirt,0.786,0.400,0.3619,4.4974,0.1827,0.1557,0.0319,0.5860,-9.6232,-9.8993,-9.7273,-10.1841,0.1804
18.9720,dirt,0.786,0.400,0.3575,4.5227,0.1287,0.1590,-0.0528,1.0240,-9.6433,-9.8976,-9.7104,-10.1589,0.1783
18.9840,dirt,0.786,0.400,0.3529,4.5771,0.3045,0.1588,-0.2487,0.6425,-9.6322,-9.8919,-9.5697,-10.2367,0.1760
18.9960,dirt,0.786,0.400,0.3481,4.5283,0.1279,0.1599,0.1470,0.8181,-9.5947,-9.9306,-9.6083,-10.2123,0.1738
19.0080,dirt,0.786,0.400,0.3430,4.4847,0.2640,0.1569,-0.1517,0.9370,-9.6056,-9.9712,-9.5316,-10.1560,0.1713
19.0200,dirt,0.786,0.400,0.3377,4.4856,0.2163,0.1561,-0.1552,0.9478,-9.6341,-9.9662,-9.5269,-10.1549,0.1688
19.0320,dirt,0.786,0.400,0.3322,4.5787,0.2215,0.1544,-0.0611,1.2754,-9.6944,-9.9532,-9.5830,-10.1536,0.1667
19.0440,dirt,0.786,0.400,0.3265,4.4997,0.1895,0.1546,-0.2640,0.4366,-9.7262,-9.9472,-9.6082,-10.0960,0.1630
19.0560,dirt,0.786,0.400,0.3206,4.5788,0.1699,0.1536,-0.0622,0.4402,-9.6861,-9.9577,-9.6042,-10.1339,0.1596
19.0680,dirt,0.786,0.400,0.3145,4.4771,0.1300,0.1560,-0.1380,0.6234,-9.6458,-9.9707,-9.6351,-10.1509,0.1570
19.0800,dirt,0.786,0.400,0.3082,4.5629,0.1119,0.1566,-0.0741,0.5879,-9.6401,-9.9796,-9.7055,-10.0842,0.1550
19.0920,dirt,0.786,0.400,0.3017,4.4981,0.0959,0.1572,-0.0896,0.4949,-9.6266,-9.9414,-9.6140,-10.1741,0.1515
19.1040,dirt,0.786,0.400,0.2950,4.5876,0.1769,0.1584,-0.0212,0.8755,-9.6820,-9.9480,-9.5906,-10.1904,0.1476
19.1160,dirt,0.786,0.400,0.2881,4.6770,0.2010,0.1602,0.0055,0.3848,-9.6990,-9.9480,-9.4929,-10.2127,0.1446
19.1280,dirt,0.786,0.400,0.2811,4.5653,0.1633,0.1562,0.0550,1.0510,-9.6512,-10.0309,-9.5809,-10.1470,0.1418
19.1400,dirt,0.786,0.400,0.2738,4.5444,0.1340,0.1560,0.0566,0.7843,-9.6751,-9.9647,-9.5818,-10.1651,0.1381
19.1520,dirt,0.786,0.400,0.2664,4.5660,0.2281,0.1527,0.0077,0.6902,-9.7105,-9.9339,-9.5388,-10.1653,0.1344
19.1640,dirt,0.786,0.400,0.2588,4.5317,0.1344,0.1507,-0.0089,0.8792,-9.7248,-9.9607,-9.6130,-10.0885,0.1306
19.1760,dirt,0.786,0.400,0.2511,4.5469,0.1913,0.1505,-0.0537,0.6348,-9.7438,-9.9746,-9.6529,-10.1088,0.1267
19.1880,dirt,0.786,0.400,0.2432,4.6099,0.1965,0.1494,-0.0632,0.5889,-9.6944,-9.9826,-9.6172,-10.1338,0.1231
19.2000,dirt,0.786,0.400,0.2351,4.5575,0.2781,0.1471,-0.1630,0.5178,-9.6594,-9.9843,-9.6194,-10.1251,0.1195
19.2120,dirt,0.786,0.400,0.2269,4.5050,0.2145,0.1486,-0.1328,0.3547,-9.6734,-10.0129,-9.5376,-10.1150,0.1154
19.2240,dirt,0.786,0.400,0.2186,4.5613,0.1921,0.1470,-0.1483,1.0031,-9.7190,-9.9774,-9.5048,-10.1079,0.1114
19.2360,dirt,0.786,0.400,0.2101,4.6530,0.1661,0.1462,0.0087,0.3479,-9.7248,-9.9981,-9.5602,-10.1156,0.1073
19.2480,dirt,0.786,0.400,0.2014,4.4748,0.1130,0.1386,-0.0521,0.8394,-9.7315,-9.9847,-9.5891,-10.0901,0.1024
19.2600,dirt,0.786,0.400,0.1927,4.4859,0.1864,0.1354,0.0196,0.2208,-9.7208,-9.9593,-9.6194,-10.1280,0.0977
19.2720,dirt,0.786,0.400,0.1838,4.5562,0.2026,0.1355,0.1018,0.5976,-9.7104,-9.9059,-9.6539,-10.0781,0.0943
19.2840,dirt,0.786,0.400,0.1748,4.4728,0.1956,0.1352,0.1332,0.2803,-9.7064,-9.9364,-9.6459,-10.0825,0.0900
19.2960,dirt,0.786,0.400,0.1658,4.5258,0.1741,0.1329,0.1388,0.3559,-9.7362,-9.9303,-9.5796,-10.1056,0.0850
19.3080,dirt,0.786,0.400,0.1565,4.5782,0.2668,0.1293,-0.2394,0.5916,-9.7492,-9.9738,-9.5710,-10.0240,0.0801
19.3200,dirt,0.786,0.400,0.1472,4.5333,0.0455,0.1271,-0.0671,0.1228,-9.6946,-10.0001,-9.4875,-10.0851,0.0761
19.3320,dirt,0.786,0.400,0.1379,4.5299,0.2303,0.1221,-0.0169,0.7367,-9.6824,-10.0405,-9.5397,-10.0733,0.0725
19.3440,dirt,0.786,0.400,0.1284,4.5397,0.2228,0.1231,0.0357,0.5140,-9.7473,-9.9882,-9.6335,-10.0576,0.0678
19.3560,dirt,0.786,0.400,0.1188,4.4976,0.2000,0.1201,0.1080,0.0495,-9.7301,-9.9913,-9.6233,-10.0594,0.0628
19.3680,dirt,0.786,0.400,0.1092,4.4922,0.1535,0.1164,0.5043,0.0738,-9.7373,-9.9395,-9.6873,-10.0904,0.0576
19.3800,dirt,0.786,0.400,0.0995,4.5318,0.1477,0.1130,0.1901,0.2991,-9.6797,-9.9548,-9.6975,-10.0567,0.0530
19.3920,dirt,0.786,0.400,0.0897,4.5132,0.1187,0.1118,-0.0001,-0.0064,-9.6236,-9.9352,-9.6119,-10.0030,0.0487
19.4040,dirt,0.786,0.400,0.0799,4.3780,0.1439,0.1077,-0.3513,0.4804,-9.6622,-9.9121,-9.5940,-10.0629,0.0442
19.4160,dirt,0.786,0.400,0.0700,4.5117,0.1315,0.1078,0.0349,0.2279,-9.7474,-9.9241,-9.5620,-10.0773,0.0399
19.4280,dirt,0.786,0.400,0.0601,4.6019,0.0918,0.1019,-0.1478,0.3303,-9.7697,-9.9469,-9.6065,-10.0398,0.0339
19.4400,dirt,0.786,0.400,0.0501,4.5733,0.0516,0.0971,0.2423,-0.2709,-9.7599,-9.9515,-9.6783,-10.0609,0.0280
19.4520,dirt,0.786,0.400,0.0401,4.5870,0.1511,0.0970,-0.0639,0.1072,-9.7037,-9.9562,-9.7073,-10.0316,0.0234
19.4640,dirt,0.786,0.400,0.0301,4.4590,0.0731,0.0929,0.3258,-0.3094,-9.6844,-9.9786,-9.6214,-10.0591,0.0187
19.4760,dirt,0.786,0.400,0.0201,4.6317,0.0054,0.0920,-0.0107,-0.0681,-9.7358,-9.9590,-9.5784,-10.0159,0.0136
19.4880,dirt,0.786,0.400,0.0101,4.6131,0.1391,0.0866,-0.3267,0.1725,-9.8294,-9.9816,-9.5539,-9.9919,0.0086
19.5000,dirt,0.786,0.400,-0.0000,4.5683,0.0676,0.0838,0.0695,-0.1580,-9.8328,-9.9657,-9.6198,-9.9749,0.0036
19.5120,dirt,0.786,0.400,-0.0101,4.5372,0.1842,0.0774,0.1703,0.0514,-9.7653,-10.0010,-9.6776,-10.0419,-0.0009
19.5240,dirt,0.786,0.400,-0.0201,4.4697,0.1250,0.0765,0.1497,-0.2289,-9.6923,-9.9310,-9.7093,-10.0180,-0.0065
19.5360,dirt,0.786,0.400,-0.0301,4.5682,0.2325,0.0743,0.1730,0.1307,-9.7135,-9.9073,-9.7356,-9.9949,-0.0116
19.5480,dirt,0.786,0.400,-0.0401,4.5676,0.1083,0.0671,0.1245,-0.2073,-9.7560,-9.9252,-9.7663,-9.9255,-0.0169
19.5600,dirt,0.786,0.400,-0.0501,4.6320,0.1475,0.0636,-0.3179,-0.0064,-9.7764,-9.9803,-9.6254,-9.9831,-0.0213
19.5720,dirt,0.786,0.400,-0.0601,4.5958,0.0430,0.0583,-0.0872,-0.4610,-9.7281,-10.0095,-9.6314,-9.9198,-0.0244
19.5840,dirt,0.786,0.400,-0.0700,4.5130,0.0227,0.0566,-0.3112,0.1950,-9.7217,-9.9986,-9.6507,-9.9521,-0.0312
19.5960,dirt,0.786,0.400,-0.0799,4.5113,0.0482,0.0512,-0.0848,-0.3274,-9.7172,-9.9740,-9.7175,-9.9814,-0.0375
19.6080,dirt,0.786,0.400,-0.0897,4.5547,0.0214,0.0453,-0.0977,-0.3359,-9.7066,-9.9452,-9.7436,-9.9494,-0.0414
19.6200,dirt,0.786,0.400,-0.0995,4.5580,0.1073,0.0411,0.0786,-0.2458,-9.7747,-9.9359,-9.7938,-9.8940,-0.0451
19.6320,dirt,0.786,0.400,-0.1092,4.5301,-0.0168,0.0388,-0.2330,-0.1307,-9.7900,-9.9242,-9.6811,-9.9293,-0.0500
19.6440,dirt,0.786,0.400,-0.1188,4.5244,-0.0216,0.0366,0.1346,0.1499,-9.7757,-9.8975,-9.6346,-9.9218,-0.0558
19.6560,dirt,0.786,0.400,-0.1284,4.5392,-0.0248,0.0329,0.0197,-0.3699,-9.7712,-9.8722,-9.7143,-9.8655,-0.0610
19.6680,dirt,0.786,0.400,-0.1379,4.5566,0.0906,0.0247,0.0178,-0.0358,-9.7455,-9.8663,-9.7308,-9.9242,-0.0653
19.6800,dirt,0.786,0.400,-0.1472,4.4697,0.0362,0.0204,-0.1737,-0.8902,-9.7429,-9.8485,-9.7883,-9.9277,-0.0694
19.6920,dirt,0.786,0.400,-0.1565,4.6321,0.0647,0.0223,-0.0749,-0.1958,-9.7672,-9.8620,-9.8312,-9.9326,-0.0734
19.7040,dirt,0.786,0.400,-0.1658,4.5291,0.0362,0.0169,0.0747,-0.4289,-9.7583,-9.8555,-9.7650,-9.8766,-0.0777
19.7160,dirt,0.786,0.400,-0.1748,4.5327,0.0542,0.0153,-0.1644,-0.3192,-9.7277,-9.8662,-9.7043,-9.9282,-0.0828
19.7280,dirt,0.786,0.400,-0.1838,4.5681,0.0746,0.0118,0.0571,-0.6242,-9.7288,-9.8547,-9.7373,-9.8894,-0.0883
19.7400,dirt,0.786,0.400,-0.1927,4.5230,0.0086,0.0094,0.0758,-0.0442,-9.6904,-9.8434,-9.7797,-9.8908,-0.0929
19.7520,dirt,0.786,0.400,-0.2014,4.5643,-0.0986,0.0030,-0.0116,-0.2582,-9.6947,-9.8576,-9.8256,-9.8743,-0.0962
19.7640,dirt,0.786,0.400,-0.2101,4.4924,-0.0267,0.0013,-0.0074,-0.0543,-9.7386,-9.8506,-9.8804,-9.8885,-0.0999
19.7760,dirt,0.786,0.400,-0.2186,4.5431,-0.0664,-0.0039,0.0530,-0.4371,-9.7571,-9.8302,-9.7887,-9.8723,-0.1046
19.7880,dirt,0.786,0.400,-0.2269,4.6015,-0.0688,-0.0097,0.1538,-0.4328,-9.7611,-9.8338,-9.7669,-9.8558,-0.1096
19.8000,dirt,0.786,0.400,-0.2351,4.5545,-0.0595,-0.0122,-0.0256,-0.7041,-9.6813,-9.8965,-9.8187,-9.8351,-0.1137
19.8120,dirt,0.786,0.400,-0.2432,4.6133,-0.1354,-0.0134,-0.1171,-0.5587,-9.6270,-9.8514,-9.8198,-9.8509,-0.1173
19.8240,dirt,0.786,0.400,-0.2511,4.5652,0.0023,-0.0182,-0.0774,-0.2862,-9.6724,-9.8601,-9.8530,-9.8786,-0.1208
19.8360,dirt,0.786,0.400,-0.2588,4.5445,-0.0167,-0.0202,0.1211,-0.2986,-9.7260,-9.8799,-9.8994,-9.8666,-0.1246
19.8480,dirt,0.786,0.400,-0.2664,4.5763,-0.0236,-0.0276,-0.0227,-0.2378,-9.7945,-9.8260,-9.8043,-9.8648,-0.1289
19.8600,dirt,0.786,0.400,-0.2738,4.5248,-0.0585,-0.0303,-0.1976,-0.3526,-9.7821,-9.8634,-9.7912,-9.8029,-0.1334
19.8720,dirt,0.786,0.400,-0.2811,4.5491,-0.0693,-0.0322,-0.0493,-0.4190,-9.7822,-9.8835,-9.8465,-9.8139,-0.1368
19.8840,dirt,0.786,0.400,-0.2881,4.4965,0.0551,-0.0371,0.1564,-0.8180,-9.7340,-9.8356,-9.8425,-9.8119,-0.1398
19.8960,dirt,0.786,0.400,-0.2950,4.5412,0.0041,-0.0363,-0.0811,-0.7446,-9.5985,-9.8643,-9.8997,-9.8629,-0.1429
19.9080,dirt,0.786,0.400,-0.3017,4.5425,-0.0459,-0.0442,-0.2653,-0.5416,-9.7388,-9.7753,-9.9589,-9.8817,-0.1462
19.9200,dirt,0.786,0.400,-0.3082,4.5278,-0.0610,-0.0465,-0.1003,-0.5356,-9.7899,-9.7625,-9.9123,-9.8961,-0.1496
19.9320,dirt,0.786,0.400,-0.3145,4.5695,-0.1652,-0.0510,0.1209,-0.1167,-9.7822,-9.7867,-9.9127,-9.8330,-0.1530
19.9440,dirt,0.786,0.400,-0.3206,4.6066,-0.0629,-0.0516,-0.0201,-0.3452,-9.8323,-9.7920,-9.9280,-9.7799,-0.1563
19.9560,dirt,0.786,0.400,-0.3265,4.4905,-0.0180,-0.0587,0.0506,-0.6100,-9.8654,-9.7845,-9.9164,-9.7735,-0.1593
19.9680,dirt,0.786,0.400,-0.3322,4.6344,-0.0734,-0.0606,-0.1150,-0.4420,-9.7373,-9.8545,-9.9695,-9.8447,-0.1620
19.9800,dirt,0.786,0.400,-0.3377,4.4656,-0.1451,-0.0650,-0.1453,-0.7760,-9.5932,-9.8281,-10.0304,-9.8934,-0.1643
19.9920,dirt,0.786,0.400,-0.3430,4.5829,-0.0376,-0.0689,0.0193,-0.0254,-9.7026,-9.6928,-9.9756,-9.8606,-0.1668
20.0040,dirt,0.786,0.400,-0.3481,4.6110,0.0204,-0.0706,0.0346,-0.4737,-9.7271,-9.7322,-9.9221,-9.8670,-0.1696
20.0160,dirt,0.786,0.400,-0.3529,4.4487,-0.0658,-0.0728,-0.3288,-0.3164,-9.7855,-9.7387,-9.9923,-9.7707,-0.1720
20.0280,dirt,0.786,0.400,-0.3575,4.5467,-0.0602,-0.0773,-0.0140,-0.4821,-9.8479,-9.7393,-9.9632,-9.7833,-0.1747
20.0400,dirt,0.786,0.400,-0.3619,4.5902,-0.0250,-0.0849,0.0432,-0.8927,-9.8089,-9.7721,-10.0115,-9.7898,-0.1771
20.0520,dirt,0.786,0.400,-0.3661,4.4667,-0.0744,-0.0827,0.1030,-0.3037,-9.7886,-9.7308,-10.0818,-9.8752,-0.1791
20.0640,dirt,0.786,0.400,-0.3700,4.6225,-0.1196,-0.0872,0.1293,-0.6715,-9.7656,-9.7284,-10.0293,-9.8899,-0.1813
20.0760,dirt,0.786,0.400,-0.3737,4.5023,-0.1234,-0.0913,0.0937,-0.9639,-9.6079,-9.8280,-10.0438,-9.8178,-0.1831
20.0880,dirt,0.786,0.400,-0.3772,4.4582,-0.0991,-0.0999,0.0777,-0.4159,-9.5851,-9.7232,-10.0893,-9.7543,-0.1844
20.1000,dirt,0.786,0.400,-0.3804,4.6047,-0.1290,-0.0966,-0.2623,-0.4966,-9.7091,-9.6880,-10.0743,-9.8366,-0.1855
20.1120,dirt,0.786,0.400,-0.3834,4.4854,-0.1033,-0.1011,-0.0369,-1.2470,-9.7539,-9.7110,-10.0179,-9.9675,-0.1871
20.1240,dirt,0.786,0.400,-0.3862,4.6308,-0.0971,-0.1062,0.1275,-0.3207,-9.7141,-9.7301,-10.1159,-9.9522,-0.1890
20.1360,dirt,0.786,0.400,-0.3887,4.5905,-0.0444,-0.1055,0.2246,-0.7957,-9.7081,-9.7371,-10.1318,-9.9309,-0.1906
20.1480,dirt,0.786,0.400,-0.3909,4.5394,-0.1358,-0.1104,-0.0740,-0.4191,-9.7218,-9.7596,-10.1090,-9.8519,-0.1917
20.1600,dirt,0.786,0.400,-0.3929,4.4851,-0.0568,-0.1147,0.1006,-0.4883,-9.7155,-9.7632,-10.0205,-9.7698,-0.1926
20.1720,dirt,0.786,0.400,-0.3947,4.4646,-0.0807,-0.1140,-0.2816,-0.8649,-9.7242,-9.7889,-10.1094,-9.7304,-0.1934
20.1840,dirt,0.786,0.400,-0.3962,4.4759,-0.2069,-0.1181,0.1018,-1.0197,-9.6407,-9.8442,-10.0649,-9.8440,-0.1944
20.1960,dirt,0.786,0.400,-0.3974,4.5864,-0.1360,-0.1204,-0.0583,-0.6160,-9.5183,-9.8275,-10.1337,-9.8850,-0.1948
20.2080,dirt,0.786,0.400,-0.3985,4.5229,-0.1227,-0.1253,0.0092,0.0678,-9.5314,-9.7510,-10.1535,-9.9490,-0.1946
20.2200,dirt,0.786,0.400,-0.3992,4.5258,-0.0880,-0.1234,-0.2122,-0.5678,-9.6970,-9.6066,-10.0899,-10.0473,-0.1949
20.2320,dirt,0.786,0.400,-0.3997,4.5784,-0.1215,-0.1241,0.0676,-1.1054,-9.7406,-9.5961,-10.0603,-10.0444,-0.1960
20.2440,dirt,0.786,0.400,-0.4000,4.4787,-0.2084,-0.1237,-0.0832,-0.9651,-9.7006,-9.7065,-10.0829,-9.9953,-0.1969
20.2560,dirt,0.786,0.400,-0.4000,4.4681,-0.1571,-0.1280,0.1161,-0.9449,-9.7071,-9.7294,-10.1156,-9.8906,-0.1968
20.2680,dirt,0.786,0.400,-0.3997,4.5235,-0.0505,-0.1289,0.2260,-0.4281,-9.7365,-9.7343,-10.1385,-9.8740,-0.1965
20.2800,dirt,0.786,0.400,-0.3992,4.5369,-0.1227,-0.1318,0.1683,-0.4214,-9.6745,-9.7865,-10.1887,-9.9298,-0.1963
20.2920,dirt,0.786,0.400,-0.3985,4.4780,-0.2043,-0.1331,-0.0304,-0.5145,-9.6511,-9.7780,-10.1209,-9.9775,-0.1961
20.3040,dirt,0.786,0.400,-0.3974,4.4784,-0.1729,-0.1348,0.1241,-0.8478,-9.7138,-9.7242,-10.0449,-10.0289,-0.1959
20.3160,dirt,0.786,0.400,-0.3962,4.5500,-0.1193,-0.1336,-0.1102,-1.4861,-9.5468,-9.8105,-10.1687,-9.8508,-0.1953
20.3280,dirt,0.786,0.400,-0.3947,4.5673,-0.1093,-0.1408,-0.0577,-1.2979,-9.4950,-9.8457,-10.1700,-9.8050,-0.1942
20.3400,dirt,0.786,0.400,-0.3929,4.5913,-0.0897,-0.1389,-0.0312,-0.3855,-9.5995,-9.7846,-10.1295,-9.8246,-0.1930
20.3520,dirt,0.786,0.400,-0.3909,4.4922,-0.1678,-0.1388,0.1213,-0.8948,-9.6824,-9.7518,-10.1679,-9.9085,-0.1917
20.3640,dirt,0.786,0.400,-0.3887,4.5556,-0.2624,-0.1348,-0.0305,-0.3285,-9.7473,-9.6163,-10.1712,-9.9457,-0.1908
20.3760,dirt,0.786,0.400,-0.3862,4.5038,0.0011,-0.1349,-0.2608,-1.0285,-9.8197,-9.5701,-10.0859,-9.9209,-0.1908
20.3880,dirt,0.786,0.400,-0.3834,4.6083,-0.0688,-0.1389,0.0074,-0.6969,-9.8050,-9.7232,-10.0975,-9.7578,-0.1907
20.4000,dirt,0.786,0.400,-0.3804,4.5531,-0.1960,-0.1377,-0.1204,-1.3658,-9.7960,-9.7771,-10.1314,-9.6727,-0.1888
20.4120,dirt,0.786,0.400,-0.3772,4.5085,-0.1146,-0.1369,-0.0957,-0.7789,-9.8024,-9.8236,-10.1223,-9.7001,-0.1863
20.4240,dirt,0.786,0.400,-0.3737,4.4783,-0.1513,-0.1368,0.0471,-1.3634,-9.8143,-9.8668,-10.1385,-9.7465,-0.1847
20.4360,dirt,0.786,0.400,-0.3700,4.5606,-0.1424,-0.1313,-0.0585,-0.7716,-9.7935,-9.8462,-10.1794,-9.7268,-0.1836
20.4480,dirt,0.786,0.400,-0.3661,4.5684,-0.1769,-0.1373,0.0892,-0.8463,-9.7798,-9.8431,-10.0630,-9.7811,-0.1815
20.4600,dirt,0.786,0.400,-0.3619,4.5020,-0.1299,-0.1385,0.2070,-0.7289,-9.8553,-9.8506,-10.0532,-9.7207,-0.1793
20.4720,dirt,0.786,0.400,-0.3575,4.5578,-0.2268,-0.1391,0.0261,-1.0339,-9.7384,-9.8757,-10.1274,-9.5761,-0.1771
20.4840,dirt,0.786,0.400,-0.3529,4.5010,-0.1117,-0.1430,0.1418,-0.8489,-9.6564,-9.8928,-10.0930,-9.6170,-0.1745
20.4960,dirt,0.786,0.400,-0.3481,4.5039,-0.2157,-0.1427,-0.4403,-0.7054,-9.6722,-9.9376,-10.1374,-9.6227,-0.1718
20.5080,dirt,0.786,0.400,-0.3430,4.4798,-0.1437,-0.1394,0.0675,-0.0762,-9.7488,-9.8890,-10.1924,-9.6253,-0.1691
20.5200,dirt,0.786,0.400,-0.3377,4.5392,-0.1211,-0.1352,-0.2118,-1.0247,-9.8174,-9.8097,-10.0769,-9.7657,-0.1668
20.5320,dirt,0.786,0.400,-0.3322,4.5123,-0.0770,-0.1402,0.2161,-0.5065,-9.9005,-9.7902,-10.0736,-9.7602,-0.1649
20.5440,dirt,0.786,0.400,-0.3265,4.4945,-0.2963,-0.1380,-0.1188,-0.3588,-9.9450,-9.6625,-10.1279,-9.6791,-0.1630
20.5560,dirt,0.786,0.400,-0.3206,4.5610,-0.1555,-0.1423,0.1035,-0.2147,-9.9048,-9.6459,-10.0555,-9.6643,-0.1605
20.5680,dirt,0.786,0.400,-0.3145,4.5352,-0.2326,-0.1436,-0.0333,-0.8192,-9.8717,-9.7313,-10.0505,-9.6463,-0.1569
20.5800,dirt,0.786,0.400,-0.3082,4.5510,-0.1809,-0.1445,-0.0077,-0.8958,-9.8846,-9.7310,-10.1394,-9.6670,-0.1541
20.5920,dirt,0.786,0.400,-0.3017,4.4620,-0.1853,-0.1471,-0.0705,-1.0213,-9.8346,-9.8289,-10.1233,-9.6353,-0.1516
20.6040,dirt,0.786,0.400,-0.2950,4.4408,-0.1982,-0.1432,-0.0259,-0.4988,-9.8028,-9.9090,-10.0950,-9.6390,-0.1479
20.6160,dirt,0.786,0.400,-0.2881,4.5312,-0.2145,-0.1416,0.0128,-0.7703,-9.8302,-9.8876,-10.1273,-9.6938,-0.1439
20.6280,dirt,0.786,0.400,-0.2811,4.5182,-0.1785,-0.1423,0.1862,-0.0498,-9.8092,-9.8875,-10.1563,-9.6067,-0.1406
20.6400,dirt,0.786,0.400,-0.2738,4.5708,-0.0860,-0.1435,0.0820,-0.7787,-9.8060,-9.9469,-10.0296,-9.6285,-0.1375
20.6520,dirt,0.786,0.400,-0.2664,4.4702,-0.2597,-0.1411,0.1048,-0.2212,-9.8354,-9.9032,-10.0698,-9.6365,-0.1342
20.6640,dirt,0.786,0.400,-0.2588,4.5189,-0.2032,-0.1403,-0.2643,-0.8027,-9.8398,-9.8809,-10.1359,-9.6362,-0.1305
20.6760,dirt,0.786,0.400,-0.2511,4.5314,-0.1772,-0.1390,0.0740,0.0227,-9.7612,-9.9270,-10.0783,-9.6678,-0.1254
20.6880,dirt,0.786,0.400,-0.2432,4.5500,-0.1882,-0.1372,-0.4518,-1.6764,-9.6624,-9.9498,-10.0470,-9.7082,-0.1214
20.7000,dirt,0.786,0.400,-0.2351,4.6053,-0.1011,-0.1324,-0.1533,-0.3935,-9.6573,-9.9178,-10.0996,-9.6707,-0.1186
20.7120,dirt,0.786,0.400,-0.2269,4.5572,-0.1830,-0.1327,-0.0133,-0.7640,-9.6269,-9.9414,-10.0945,-9.6649,-0.1136
20.7240,dirt,0.786,0.400,-0.2186,4.5406,-0.0695,-0.1269,0.1077,-0.4113,-9.6703,-9.9322,-10.1224,-9.6649,-0.1088
20.7360,dirt,0.786,0.400,-0.2101,4.5081,-0.2274,-0.1291,0.2475,-0.1363,-9.8536,-9.8576,-10.0876,-9.6026,-0.1049
20.7480,dirt,0.786,0.400,-0.2014,4.5128,-0.1808,-0.1265,0.0301,-0.4992,-9.9049,-9.8597,-10.0405,-9.6661,-0.1010
20.7600,dirt,0.786,0.400,-0.1927,4.5700,-0.1583,-0.1270,0.0234,-0.9491,-9.9137,-9.8579,-10.0341,-9.6546,-0.0972
20.7720,dirt,0.786,0.400,-0.1838,4.5831,-0.2337,-0.1259,0.0070,0.0080,-9.9696,-9.8026,-10.0570,-9.6770,-0.0929
20.7840,dirt,0.786,0.400,-0.1748,4.5337,-0.1951,-0.1253,0.0434,-1.0257,-9.8858,-9.8449,-10.0685,-9.6795,-0.0883
20.7960,dirt,0.786,0.400,-0.1658,4.5252,-0.1029,-0.1193,-0.0249,-0.3412,-9.8560,-9.8197,-9.9963,-9.7007,-0.0840
20.8080,dirt,0.786,0.400,-0.1565,4.4706,-0.0098,-0.1137,0.0392,-0.2959,-9.9263,-9.7212,-10.0450,-9.6643,-0.0792
20.8200,dirt,0.786,0.400,-0.1472,4.5658,-0.0357,-0.1124,-0.2136,-0.3432,-9.8966,-9.7264,-10.1215,-9.6715,-0.0752
20.8320,dirt,0.786,0.400,-0.1379,4.5444,-0.1520,-0.1103,0.0967,-0.3250,-9.8436,-9.7635,-10.0226,-9.6060,-0.0710
20.8440,dirt,0.786,0.400,-0.1284,4.5825,-0.0712,-0.1124,-0.0145,0.3357,-9.8447,-9.8226,-10.0551,-9.6216,-0.0660
20.8560,dirt,0.786,0.400,-0.1188,4.4959,-0.0820,-0.1158,-0.1873,-0.5717,-9.8682,-9.8714,-10.0865,-9.6135,-0.0613
20.8680,dirt,0.786,0.400,-0.1092,4.4619,-0.2116,-0.1120,0.2606,-0.5842,-9.8080,-9.9230,-10.0309,-9.6547,-0.0567
20.8800,dirt,0.786,0.400,-0.0995,4.4708,-0.1163,-0.1081,-0.0168,0.1599,-9.8112,-9.9292,-10.0108,-9.7437,-0.0524
20.8920,dirt,0.786,0.400,-0.0897,4.6393,-0.0899,-0.1070,0.1345,0.1887,-9.8450,-9.9499,-10.0355,-9.7439,-0.0479
20.9040,dirt,0.786,0.400,-0.0799,4.5099,-0.1334,-0.1042,0.0204,-0.3296,-9.7705,-9.9865,-9.9985,-9.7278,-0.0420
20.9160,dirt,0.786,0.400,-0.0700,4.5470,-0.0484,-0.0995,0.2460,-0.4090,-9.7696,-9.9762,-9.9281,-9.7160,-0.0365
20.9280,dirt,0.786,0.400,-0.0601,4.4889,-0.1048,-0.0897,0.1859,0.2413,-9.8660,-9.9447,-9.9838,-9.7097,-0.0322
20.9400,dirt,0.786,0.400,-0.0501,4.5160,-0.1551,-0.0884,-0.0635,-0.7769,-9.7621,-9.9930,-9.9374,-9.7040,-0.0280
20.9520,dirt,0.786,0.400,-0.0401,4.4935,-0.1150,-0.0861,-0.0147,-0.1519,-9.6801,-10.0012,-9.9669,-9.6771,-0.0218
20.9640,dirt,0.786,0.400,-0.0301,4.5279,-0.1399,-0.0809,-0.2067,-0.4873,-9.7357,-9.9720,-9.9776,-9.6451,-0.0153
20.9760,dirt,0.786,0.400,-0.0201,4.5618,-0.1273,-0.0811,0.0077,0.2674,-9.7451,-9.9813,-10.0356,-9.6260,-0.0108
20.9880,dirt,0.786,0.400,-0.0101,4.5232,-0.0926,-0.0775,0.0452,0.1228,-9.8373,-9.9085,-9.9765,-9.7025,-0.0071
21.0000,dirt,0.786,0.400,0.0000,4.5856,-0.1087,-0.0749,0.2201,0.6892,-9.9170,-9.8362,-9.9563,-9.7133,-0.0023
21.0120,dirt,0.786,0.400,0.0101,4.5573,-0.1168,-0.0684,-0.0572,-0.5200,-9.8542,-9.8501,-9.9672,-9.7382,0.0031
21.0240,dirt,0.786,0.400,0.0201,4.4868,-0.0534,-0.0677,0.1139,0.1098,-9.8018,-9.8765,-9.8778,-9.8376,0.0085
21.0360,dirt,0.786,0.400,0.0301,4.5758,-0.0617,-0.0617,-0.0142,0.1106,-9.8597,-9.8201,-9.8900,-9.8363,0.0135
21.0480,dirt,0.786,0.400,0.0401,4.5228,-0.0903,-0.0495,-0.0067,0.2928,-9.8374,-9.8052,-9.9444,-9.7843,0.0182
21.0600,dirt,0.786,0.400,0.0501,4.5372,-0.0397,-0.0472,-0.0071,-0.1244,-9.7988,-9.8035,-9.8819,-9.8092,0.0232
21.0720,dirt,0.786,0.400,0.0601,4.5457,-0.0798,-0.0412,0.0175,0.6123,-9.8304,-9.8221,-9.8420,-9.8296,0.0273
21.0840,dirt,0.786,0.400,0.0700,4.6400,-0.0452,-0.0414,0.0143,-0.2385,-9.7825,-9.8626,-9.8677,-9.8065,0.0322
21.0960,dirt,0.786,0.400,0.0799,4.4923,-0.1270,-0.0337,0.1236,0.1037,-9.7327,-9.8947,-9.9013,-9.7401,0.0366
21.1080,dirt,0.786,0.400,0.0897,4.4512,-0.0031,-0.0332,0.1027,0.6357,-9.7865,-9.9135,-9.9099,-9.7119,0.0408
21.1200,dirt,0.786,0.400,0.0995,4.5582,0.0312,-0.0316,-0.1263,0.5918,-9.7668,-9.9376,-9.9052,-9.7037,0.0460
21.1320,dirt,0.786,0.400,0.1092,4.5526,0.0205,-0.0339,-0.0996,0.0459,-9.6527,-9.9897,-9.9031,-9.7415,0.0524
21.1440,dirt,0.786,0.400,0.1188,4.5239,0.0124,-0.0328,0.0678,0.4245,-9.6533,-9.9698,-9.9105,-9.7267,0.0572
21.1560,dirt,0.786,0.400,0.1284,4.5152,-0.0772,-0.0280,0.4653,-0.3704,-9.6024,-9.9935,-9.9381,-9.7481,0.0612
21.1680,dirt,0.786,0.400,0.1379,4.4902,0.0323,-0.0228,0.0619,0.1786,-9.6056,-9.9950,-9.8988,-9.8159,0.0659
21.1800,dirt,0.786,0.400,0.1472,4.5150,0.0324,-0.0149,-0.0200,-0.1963,-9.6197,-9.9671,-9.8173,-9.9162,0.0732
21.1920,dirt,0.786,0.400,0.1565,4.4894,-0.0124,-0.0109,-0.0203,0.3479,-9.6608,-9.9272,-9.8605,-9.8705,0.0766
21.2040,dirt,0.786,0.400,0.1658,4.5469,0.0394,-0.0053,-0.0530,0.2161,-9.7165,-9.8747,-9.8251,-9.8536,0.0797
21.2160,dirt,0.786,0.400,0.1748,4.5254,0.0187,-0.0004,-0.0977,0.1766,-9.7618,-9.8559,-9.7258,-9.8981,0.0845
21.2280,dirt,0.786,0.400,0.1838,4.5701,0.0049,0.0087,0.0654,0.8110,-9.7662,-9.8682,-9.7830,-9.8791,0.0890
21.2400,dirt,0.786,0.400,0.1927,4.6301,0.0729,0.0124,-0.1352,-0.0672,-9.7527,-9.8709,-9.7435,-9.8869,0.0945
21.2520,dirt,0.786,0.400,0.2014,4.4790,0.0526,0.0166,0.0692,0.5248,-9.7592,-9.8951,-9.7682,-9.8964,0.0983
21.2640,dirt,0.786,0.400,0.2101,4.5324,-0.0155,0.0192,0.0799,0.1418,-9.7214,-9.9215,-9.8128,-9.8689,0.1018
21.2760,dirt,0.786,0.400,0.2186,4.5487,-0.0013,0.0203,0.1107,0.3246,-9.6898,-9.9305,-9.8867,-9.8322,0.1059
21.2880,dirt,0.786,0.400,0.2269,4.5564,-0.0428,0.0222,0.1623,0.3071,-9.6759,-9.9576,-9.8913,-9.8796,0.1106
21.3000,dirt,0.786,0.400,0.2351,4.5387,-0.0640,0.0222,-0.1715,0.7654,-9.6354,-9.9708,-9.8699,-9.8080,0.1147
21.3120,dirt,0.786,0.400,0.2432,4.4984,0.0627,0.0214,0.0307,0.2943,-9.6125,-9.9612,-9.8565,-9.8513,0.1185
21.3240,dirt,0.786,0.400,0.2511,4.5990,-0.0236,0.0240,0.1254,0.6447,-9.5973,-9.9762,-9.8232,-9.9031,0.1222
21.3360,dirt,0.786,0.400,0.2588,4.6441,0.1009,0.0248,0.0797,0.0480,-9.6120,-9.9557,-9.8121,-9.8992,0.1266
21.3480,dirt,0.786,0.400,0.2664,4.5855,0.2323,0.0362,0.3020,0.5380,-9.6294,-9.8811,-9.8334,-9.9205,0.1306
21.3600,dirt,0.786,0.400,0.2738,4.5613,0.0839,0.0417,0.1546,0.4159,-9.6670,-9.8843,-9.7891,-9.9722,0.1343
21.3720,dirt,0.786,0.400,0.2811,4.5035,0.0306,0.0454,0.0804,1.0454,-9.6394,-9.8975,-9.7985,-9.9628,0.1379
21.3840,dirt,0.786,0.400,0.2881,4.5194,0.0364,0.0467,0.0214,0.3885,-9.6072,-9.8965,-9.7765,-9.9630,0.1411
21.3960,dirt,0.786,0.400,0.2950,4.5884,0.0997,0.0494,0.0373,0.8753,-9.6350,-9.9010,-9.7360,-9.9753,0.1442
21.4080,dirt,0.786,0.400,0.3017,4.5484,0.1327,0.0539,-0.0285,0.8619,-9.5824,-9.9565,-9.7771,-9.9746,0.1473
21.4200,dirt,0.786,0.400,0.3082,4.5166,0.1525,0.0581,0.0782,0.4467,-9.5284,-9.9972,-9.7195,-10.0065,0.1512
21.4320,dirt,0.786,0.400,0.3145,4.5868,0.0599,0.0637,0.0765,0.5717,-9.5454,-10.0366,-9.7248,-9.9471,0.1552
21.4440,dirt,0.786,0.400,0.3206,4.4532,0.0202,0.0678,0.0529,0.2006,-9.5380,-10.0716,-9.7246,-9.9757,0.1584
21.4560,dirt,0.786,0.400,0.3265,4.5857,0.0262,0.0703,0.0867,0.0797,-9.5544,-10.0587,-9.7256,-10.0026,0.1607
21.4680,dirt,0.786,0.400,0.3322,4.4202,0.0709,0.0771,-0.1463,0.0997,-9.6254,-10.0046,-9.7117,-10.0729,0.1630
21.4800,dirt,0.786,0.400,0.3377,4.5556,0.0912,0.0765,0.0546,0.9237,-9.6111,-9.9634,-9.7371,-10.0806,0.1660
21.4920,dirt,0.786,0.400,0.3430,4.5287,0.2098,0.0840,0.0005,0.3682,-9.6150,-9.9424,-9.7015,-10.1388,0.1688
21.5040,dirt,0.786,0.400,0.3481,4.5363,0.1193,0.0840,0.1287,0.6469,-9.6353,-9.9076,-9.7030,-10.1895,0.1712
21.5160,dirt,0.786,0.400,0.3529,4.5858,0.0901,0.0901,-0.0144,0.4706,-9.5734,-9.9198,-9.7291,-10.2028,0.1733
21.5280,dirt,0.786,0.400,0.3575,4.5540,0.1725,0.0955,-0.0946,0.7869,-9.5040,-9.9579,-9.7562,-10.1659,0.1758
21.5400,dirt,0.786,0.400,0.3619,4.5213,0.0806,0.0980,0.1422,0.4220,-9.5426,-9.9263,-9.7131,-10.1743,0.1782
21.5520,dirt,0.786,0.400,0.3661,4.5607,0.0783,0.1020,0.0347,1.2922,-9.5734,-9.9061,-9.7456,-10.1130,0.1802
21.5640,dirt,0.786,0.400,0.3700,4.5498,0.1032,0.1042,0.1372,0.5146,-9.5947,-9.8660,-9.7177,-10.1477,0.1821
21.5760,dirt,0.786,0.400,0.3737,4.4325,0.0786,0.1063,0.1233,1.0504,-9.6337,-9.8501,-9.7524,-10.0449,0.1836
21.5880,dirt,0.786,0.400,0.3772,4.5274,0.1299,0.1096,-0.0746,0.9043,-9.6301,-9.8719,-9.8472,-10.0119,0.1855
21.6000,dirt,0.786,0.400,0.3804,4.4766,0.1481,0.1137,-0.0285,0.5189,-9.6655,-9.8918,-9.7245,-10.0560,0.1872
21.6120,dirt,0.786,0.400,0.3834,4.5901,0.1567,0.1120,-0.0347,0.8987,-9.6122,-9.9309,-9.8503,-9.9863,0.1887
21.6240,dirt,0.786,0.400,0.3862,4.5058,0.1327,0.1132,-0.1087,0.6837,-9.5615,-9.9103,-9.9441,-10.0440,0.1899
21.6360,dirt,0.786,0.400,0.3887,4.6140,0.1038,0.1131,-0.0365,1.0111,-9.5425,-9.8862,-9.9339,-10.1109,0.1912
21.6480,dirt,0.786,0.400,0.3909,4.4920,0.0805,0.1177,-0.0348,0.5077,-9.5504,-9.8823,-9.9084,-10.1078,0.1926
21.6600,dirt,0.786,0.400,0.3929,4.5269,0.1667,0.1198,0.1653,0.8530,-9.5338,-9.8322,-9.8926,-10.1569,0.1938
21.6720,dirt,0.786,0.400,0.3947,4.5979,0.1626,0.1264,0.0877,0.7509,-9.5460,-9.8342,-9.8350,-10.2004,0.1946
21.6840,dirt,0.786,0.400,0.3962,4.5282,0.0395,0.1312,0.0189,0.7707,-9.5302,-9.8849,-9.6987,-10.2573,0.1953
21.6960,dirt,0.786,0.400,0.3974,4.4703,0.2323,0.1335,0.2353,0.5997,-9.5284,-9.8707,-9.6935,-10.2489,0.1959
21.7080,dirt,0.786,0.400,0.3985,4.5195,0.1431,0.1365,0.0565,0.6995,-9.4851,-9.9392,-9.7312,-10.2123,0.1964
21.7200,dirt,0.786,0.400,0.3992,4.5315,0.1117,0.1403,-0.2810,0.1425,-9.4808,-9.9444,-9.5539,-10.2846,0.1969
21.7320,dirt,0.786,0.400,0.3997,4.5061,0.1701,0.1432,-0.1529,1.2071,-9.5134,-9.9825,-9.6945,-10.1046,0.1975
21.7440,dirt,0.786,0.400,0.4000,4.5949,0.0492,0.1425,-0.2435,0.6907,-9.5819,-9.9675,-9.6642,-10.1158,0.1978
21.7560,dirt,0.786,0.400,0.4000,4.5227,0.1717,0.1403,-0.1347,1.0402,-9.5968,-9.9612,-9.7580,-10.1624,0.1979
21.7680,dirt,0.786,0.400,0.3997,4.5942,0.1187,0.1415,-0.1269,1.1274,-9.6064,-9.9313,-9.8736,-10.0755,0.1975
21.7800,dirt,0.786,0.400,0.3992,4.5435,0.2010,0.1408,0.0690,0.3045,-9.5686,-9.9247,-9.8922,-10.1550,0.1970
21.7920,dirt,0.786,0.400,0.3985,4.5160,0.2026,0.1423,0.0704,0.8422,-9.5252,-9.9158,-9.8853,-10.1950,0.1967
21.8040,dirt,0.786,0.400,0.3974,4.6241,0.1668,0.1462,0.1557,0.5925,-9.5302,-9.9255,-9.9090,-10.1320,0.1967
21.8160,dirt,0.786,0.400,0.3962,4.5367,0.0984,0.1468,0.0018,0.8929,-9.5518,-9.8958,-9.8333,-10.1550,0.1965
21.8280,dirt,0.786,0.400,0.3947,4.6089,0.1414,0.1541,0.0804,0.3570,-9.5823,-9.9006,-9.6563,-10.2476,0.1957
21.8400,dirt,0.786,0.400,0.3929,4.5702,0.2177,0.1544,-0.1083,0.9719,-9.5979,-9.9283,-9.6297,-10.2268,0.1944
21.8520,dirt,0.786,0.400,0.3909,4.5255,0.1734,0.1564,-0.1520,0.1777,-9.6141,-9.9400,-9.5160,-10.2644,0.1934
21.8640,dirt,0.786,0.400,0.3887,4.5372,0.1427,0.1564,-0.1745,1.2467,-9.5600,-10.0083,-9.6036,-10.1960,0.1927
21.8760,dirt,0.786,0.400,0.3862,4.4779,0.0941,0.1574,0.0255,0.9705,-9.5786,-10.0319,-9.6374,-10.1515,0.1918
21.8880,dirt,0.786,0.400,0.3834,4.6081,0.1822,0.1548,-0.0418,1.3141,-9.6366,-9.9954,-9.6654,-10.1189,0.1907
21.9000,dirt,0.786,0.400,0.3804,4.5891,0.1837,0.1501,0.0491,1.0813,-9.6681,-9.9563,-9.7174,-10.1635,0.1893
21.9120,dirt,0.786,0.400,0.3772,4.5248,0.1606,0.1531,0.1054,0.8297,-9.6655,-9.9600,-9.7393,-10.1579,0.1872
21.9240,dirt,0.786,0.400,0.3737,4.5003,0.1518,0.1537,0.0969,0.6268,-9.6479,-9.9638,-9.7137,-10.1570,0.1852
21.9360,dirt,0.786,0.400,0.3700,4.5263,0.2556,0.1551,0.1785,0.5250,-9.6317,-9.9510,-9.7336,-10.2075,0.1836
21.9480,dirt,0.786,0.400,0.3661,4.4892,0.1859,0.1582,0.1684,0.4801,-9.6251,-9.9520,-9.7477,-10.2290,0.1822
21.9600,dirt,0.786,0.400,0.3619,4.6506,0.2256,0.1596,0.0566,0.5813,-9.6191,-9.9456,-9.6044,-10.2553,0.1803
21.9720,dirt,0.786,0.400,0.3575,4.6770,0.1610,0.1597,0.0592,0.8865,-9.6497,-9.9563,-9.6050,-10.1797,0.1782
21.9840,dirt,0.786,0.400,0.3529,4.5949,0.1715,0.1616,-0.2300,1.0005,-9.6506,-10.0119,-9.5381,-10.1952,0.1761
21.9960,dirt,0.786,0.400,0.3481,4.5478,0.1908,0.1589,0.0108,1.0627,-9.6588,-10.0176,-9.5539,-10.1386,0.1736
22.0080,dirt,0.786,0.400,0.3430,4.5079,0.2163,0.1576,-0.0754,0.8753,-9.6829,-9.9591,-9.6037,-10.1645,0.1711
