sim_time,wall_time,seq,x_fa_meas,y_fa_meas,psi_meas,u_meas,v_meas,omega_meas,x_fa_true,y_fa_true,psi_true,u_true,x_fa_comp,y_fa_comp,psi_comp,u_comp,v_comp,omega_comp,ax_state,delta_prev_state,x_ref_0,y_ref_0,psi_ref_0,v_ref_0,delta_dot,Jx,mpc_cost,solver_status,solver_iters,terrain_class_est,terrain_confidence,n_terrain_est,terrain_update_applied,residual_enabled,residual_du_pred,residual_dv_pred,residual_domega_pred,residual_updates,residual_last_loss,residual_last_update_ms,steering,throttle,braking,steering_angle,acceleration,tau_one_way_ms,tau_solve_ms,tau_comp_ms,solve_time_ms,crosstrack_err,heading_err_deg,speed_err,pred1_age_s,pred1_pos_err_m,pred1_psi_err_deg,pred1_u_err_mps,pred1_v_err_mps,pred1_omega_err_radps,actual_Fy_front,actual_Fy_rear,pred_Fy_front,pred_Fy_rear,alpha_f,alpha_r,Fz_f_mean,Fz_r_mean,kappa_diag,kappa_meas_diag,sr_diag,u_safe_diag,speed_fade_diag,force_resid_dFy_f,force_resid_dFy_r,force_resid_updates,force_resid_bias_f,force_resid_bias_r
0.0000,1778836332.574296,0,1.583978,-0.013647,-0.009710,0.0906,-0.0378,0.001329,1.648994,-0.000000,-0.000000,-0.0020,1.587926,-0.013990,-0.009711,0.0856,-0.0001,-0.000006,-0.112989,0.0000,1.587926,0.000000,0.000000,5.0000,0.000000,2.000000,3412.8077,4,1,clay,1.0000,0.500000,0,0,0.000000,0.000000,0.000000,0,nan,0.00,0.000000,0.0716,0.0000,0.000000,0.2000,17.43,9.25,44.10,4.98,-0.000000,-0.0000,-5.0020,nan,nan,nan,nan,nan,nan,0.0,0.0,-98.00143719767436,91.27787731527854,0.071255,0.079983,6560.6,6060.0,-0.049889,0.000000,0.000000,0.5000,1.0000,,,,,
0.0120,1778836332.579881,1,1.743975,-0.022673,0.008115,-0.0024,0.0024,-0.000317,1.648913,-0.000001,-0.000000,-0.0094,1.746807,-0.022891,0.008114,0.0707,-0.0002,-0.000009,-0.021568,0.0000,1.746807,0.000000,-0.000000,5.0000,0.000000,2.000000,3343.6593,4,1,clay,1.0000,0.500000,0,0,0.000000,0.000000,0.000000,0,nan,0.00,0.000000,0.0778,0.0000,0.000000,0.2240,15.14,8.31,38.59,3.02,-0.000001,-0.0000,-5.0094,nan,nan,nan,nan,nan,nan,0.0,0.0,-99.8762606100409,69.94422650384323,0.056760,0.063411,6557.4,6063.1,-0.044425,0.000000,0.000000,0.5000,1.0000,,,,,
0.0240,1778836332.590269,2,1.645245,-0.030903,0.000709,-0.1094,0.0744,-0.000585,1.648775,-0.000002,-0.000002,-0.0125,1.647227,-0.030977,0.000710,0.0573,-0.0001,-0.000006,-0.013053,0.0000,1.647227,0.000000,0.000000,5.0000,0.000000,2.000000,3343.2365,4,1,clay,1.0000,0.500000,0,0,0.000000,0.000000,0.000000,0,nan,0.00,0.000000,0.0847,0.0000,0.000000,0.2480,12.94,7.49,33.37,2.82,-0.000002,-0.0001,-5.0125,nan,nan,nan,nan,nan,nan,0.0,0.0,-112.94900964507517,12.12174222652574,0.017369,0.022002,6552.6,6068.0,-0.035962,0.000000,0.000000,0.5000,1.0000,,,,,
0.0360,1778836332.602375,3,1.651458,-0.021317,0.008687,0.0446,-0.0184,-0.000944,1.648627,-0.000004,-0.000003,-0.0120,1.653110,-0.021393,0.008687,0.0554,-0.0003,-0.000012,0.002148,0.0000,1.653110,0.000000,0.000000,5.0000,0.000000,2.000000,3039.7191,0,1,clay,1.0000,0.500000,0,0,0.000000,0.000000,0.000000,0,nan,0.00,0.000000,0.0923,0.0000,0.000000,0.2720,11.09,7.52,29.70,7.67,-0.000004,-0.0002,-5.0120,nan,nan,nan,nan,nan,nan,0.0,0.0,-99.40961885761058,25.80907478052106,0.021727,0.024257,6546.5,6074.1,-0.025257,0.000000,0.000000,0.5000,1.0000,,,,,
0.0480,1778836332.614188,4,1.690798,0.033334,-0.004136,0.0445,-0.0413,-0.001047,1.648492,-0.000007,-0.000005,-0.0105,1.692225,0.033191,-0.004138,0.0539,-0.0006,-0.000026,0.024679,0.0000,1.692225,0.000000,-0.000000,5.0000,0.000000,2.000000,3001.8305,0,1,clay,1.0000,0.500000,0,0,0.000000,0.000000,0.000000,0,nan,0.00,0.000000,0.1006,0.0000,0.000000,0.2960,9.52,7.16,26.20,5.18,-0.000007,-0.0003,-5.0105,nan,nan,nan,nan,nan,nan,0.0,0.0,-71.40233238925892,55.3838972850035,0.034126,0.034828,6539.2,6081.4,-0.012547,0.000000,0.000000,0.5000,1.0000,,,,,
0.0600,1778836332.626320,5,1.601809,0.025063,-0.008024,0.0110,0.0130,-0.000169,1.648462,-0.000004,-0.000003,0.0008,1.602889,0.024965,-0.008025,0.0465,-0.0006,-0.000025,0.063262,0.0000,1.602889,0.000000,0.000000,5.0000,0.000000,2.000000,2992.1231,0,1,clay,1.0000,0.500000,0,0,0.000000,0.000000,0.000000,0,nan,0.00,0.000000,0.1096,0.0000,0.000000,0.3200,8.16,6.86,23.19,5.11,-0.000004,-0.0002,-4.9992,nan,nan,nan,nan,nan,nan,0.0,0.0,-57.67065170058096,60.59306597446371,0.022614,0.022965,6527.8,6092.7,0.007185,0.000000,0.000000,0.5000,1.0000,,,,,
0.0720,1778836332.638170,6,1.638157,-0.026408,0.001487,-0.0096,-0.0246,0.000023,1.648468,0.000001,-0.000000,0.0001,1.638937,-0.026513,0.001485,0.0380,-0.0010,-0.000040,0.080069,0.0000,1.638937,0.000000,0.000000,5.0000,0.000000,2.000000,2987.0770,0,1,clay,1.0000,0.500000,0,0,0.000000,0.000000,0.000000,0,nan,0.00,0.000000,0.1192,0.0000,0.000000,0.3440,7.03,6.62,20.67,5.27,0.000001,-0.0000,-4.9999,nan,nan,nan,nan,nan,nan,0.0,0.0,-38.42952764569105,79.53940933573577,0.027744,0.028056,6522.3,6098.3,0.016891,0.000000,0.000000,0.5000,1.0000,,,,,
0.0840,1778836332.650318,7,1.589855,0.020459,-0.005498,-0.0536,-0.1165,-0.000171,1.648452,0.000006,0.000003,-0.0008,1.590422,0.020203,-0.005503,0.0311,-0.0033,-0.000125,0.095635,0.0000,1.590422,0.000000,0.000000,5.0000,0.000000,2.000000,2982.2729,0,1,clay,1.0000,0.500000,0,0,0.000000,0.000000,0.000000,0,nan,0.00,0.000000,0.1293,0.0000,0.000000,0.3680,6.05,6.43,18.54,5.39,0.000006,0.0002,-5.0008,nan,nan,nan,nan,nan,nan,0.0,0.0,72.12908084860345,194.45313987224807,0.067490,0.067524,6517.2,6103.3,0.025691,0.000000,0.000000,0.5000,1.0000,,,,,
0.0960,1778836332.662152,8,1.640194,0.064732,0.003055,0.0155,-0.0064,0.000550,1.648434,0.000013,0.000007,-0.0008,1.640661,0.064527,0.003052,0.0286,-0.0035,-0.000121,0.114165,0.0000,1.640661,0.000000,0.000000,5.0000,0.000000,2.000000,2977.8569,0,1,clay,1.0000,0.500000,0,0,0.000000,0.000000,0.000000,0,nan,0.00,0.000000,0.1400,0.0000,0.000000,0.3920,5.21,6.35,16.77,5.85,0.000013,0.0004,-5.0008,nan,nan,nan,nan,nan,nan,0.0,0.0,62.75658284728769,186.53044475292518,0.056575,0.057303,6511.6,6109.0,0.035525,0.000000,0.000000,0.5000,1.0000,,,,,
0.1080,1778836332.674217,9,1.642490,-0.069103,0.001860,-0.0073,-0.0645,-0.000026,1.648415,0.000020,0.000011,-0.0007,1.642837,-0.069352,0.001856,0.0235,-0.0053,-0.000182,0.132799,0.0000,1.642837,0.000000,0.000000,5.0000,0.000000,2.000000,2973.0973,0,1,clay,1.0000,0.500000,0,0,0.000000,0.000000,0.000000,0,nan,0.00,0.000000,0.1512,0.0000,0.000000,0.4160,4.50,6.29,15.28,5.95,0.000020,0.0006,-5.0007,0.008000,0.054818,0.6479,-0.478286,-0.035459,-0.002545,0.0,0.0,125.05835955119534,247.39630817596134,0.070533,0.071086,6506.1,6114.5,0.045090,0.000000,0.000000,0.5000,1.0000,,,,,
0.1200,1778836332.686041,10,1.626169,0.036929,-0.001775,0.0037,-0.0504,-0.000159,1.648397,0.000027,0.000015,-0.0006,1.626438,0.036667,-0.001779,0.0202,-0.0067,-0.000228,0.150823,0.0000,1.626438,0.000000,0.000000,5.0000,0.000000,2.000000,2966.9497,0,1,clay,1.0000,0.500000,0,0,0.000000,0.000000,0.000000,0,nan,0.00,0.000000,0.1629,0.0000,0.000000,0.4400,3.89,6.16,13.93,5.44,0.000027,0.0008,-5.0006,0.008000,0.180684,-0.5600,-0.481769,-0.038351,0.001187,0.0,0.0,164.25279500649427,285.0619975226415,0.076434,0.076677,6500.9,6119.7,0.054177,0.000000,0.000000,0.5000,1.0000,,,,,
0.1320,1778836332.698112,11,1.630295,0.009174,0.000530,0.1324,0.0077,0.000554,1.648380,0.000033,0.000018,-0.0005,1.630828,0.008980,0.000527,0.0424,-0.0059,-0.000192,0.169331,0.0000,1.630828,0.000000,0.000000,5.0000,0.000000,2.000000,2961.5934,0,1,clay,1.0000,0.500000,0,0,0.000000,0.000000,0.000000,0,nan,0.00,0.000000,0.1751,0.0000,0.000000,0.4640,3.37,6.05,12.79,5.39,0.000033,0.0011,-5.0005,0.008000,0.078033,-0.0148,-0.459662,-0.029438,-0.000640,0.0,0.0,120.03311441413732,246.9537361848643,0.058373,0.059275,6495.6,6124.9,0.063371,0.000000,0.000000,0.5000,1.0000,,,,,
0.1440,1778836332.710184,12,1.657350,-0.020556,-0.004693,0.0891,-0.1132,0.000081,1.648364,0.000041,0.000023,-0.0004,1.657955,-0.020849,-0.004697,0.0519,-0.0105,-0.000291,0.187923,0.0000,1.657955,0.000000,-0.000000,5.0000,0.000000,2.000000,2956.8497,0,1,clay,1.0000,0.500000,0,0,0.000000,0.000000,0.000000,0,nan,0.00,0.000000,0.1877,0.0000,0.000000,0.4880,2.94,5.93,11.81,5.28,0.000041,0.0013,-5.0004,0.008000,0.045760,-0.7665,-0.450436,-0.045352,0.000138,0.0,0.0,254.05209843580505,373.3961541875517,0.090632,0.091458,6490.4,6130.2,0.072445,0.000000,0.000000,0.5000,1.0000,,,,,
0.1560,1778836332.722107,13,1.685743,0.026271,-0.002149,0.0201,0.0052,-0.000352,1.648348,0.000049,0.000027,-0.0003,1.686242,0.026049,-0.002152,0.0462,-0.0091,-0.000261,0.206399,0.0000,1.686242,0.000000,-0.000000,5.0000,0.000000,2.000000,2951.9944,0,1,clay,1.0000,0.500000,0,0,0.000000,0.000000,0.000000,0,nan,0.00,0.000000,0.2008,0.0000,0.000000,0.5120,2.58,5.83,10.98,5.29,0.000049,0.0015,-5.0003,0.008000,0.056876,0.1141,-0.458440,-0.035166,0.000059,0.0,0.0,203.72266979919476,332.5352497553037,0.071389,0.071609,6485.3,6135.3,0.081348,0.000000,0.000000,0.5000,1.0000,,,,,
0.1680,1778836332.734168,14,1.615839,-0.028380,-0.006172,-0.0783,0.0343,0.000475,1.648334,0.000056,0.000031,-0.0002,1.616218,-0.028514,-0.006173,0.0377,-0.0062,-0.000166,0.223373,0.0000,1.616218,0.000000,0.000000,5.0000,0.000000,2.000000,2947.9109,0,1,clay,1.0000,0.500000,0,0,0.000000,0.000000,0.000000,0,nan,0.00,0.000000,0.2143,0.0000,0.000000,0.5360,2.27,5.75,10.28,5.28,0.000056,0.0018,-5.0002,0.008000,0.064564,0.1063,-0.470820,-0.021633,0.000143,0.0,0.0,88.03999247575624,215.45269829146093,0.044085,0.044869,6480.6,6139.9,0.089475,0.000000,0.000000,0.5000,1.0000,,,,,
0.1800,1778836332.746197,15,1.660680,0.081012,0.005883,-0.0631,0.0235,0.002010,1.648320,0.000064,0.000035,-0.0002,1.660971,0.080939,0.005884,0.0309,-0.0040,-0.000063,0.241541,0.0000,1.660971,0.000000,-0.000000,5.0000,0.000000,2.000000,2944.6795,0,1,clay,1.0000,0.500000,0,0,0.000000,0.000000,0.000000,0,nan,0.00,0.000000,0.2281,0.0000,0.000000,0.5600,2.00,5.67,9.67,5.20,0.000064,0.0020,-5.0002,0.008000,0.111206,0.2522,-0.479373,-0.012366,0.000523,0.0,0.0,-10.708123388069112,123.47225414706958,0.025235,0.028435,6475.7,6144.8,0.098036,0.000000,0.000000,0.5000,1.0000,,,,,
0.1920,1778836332.758117,16,1.624726,-0.009691,-0.003819,0.0109,0.0145,0.000635,1.648307,0.000073,0.000039,-0.0001,1.624969,-0.009734,-0.003817,0.0275,-0.0025,-0.000012,0.258990,0.0000,1.624969,0.000000,0.000000,5.0000,0.000000,2.000000,2938.9889,0,1,clay,1.0000,0.500000,0,0,0.000000,0.000000,0.000000,0,nan,0.00,0.000000,0.2424,0.0000,0.000000,0.5840,1.78,5.60,9.16,5.22,0.000073,0.0022,-5.0001,0.008000,0.033206,0.0972,-0.484356,-0.004695,0.000643,0.0,0.0,-73.49174548184936,61.48428234378453,0.014331,0.017724,6471.0,6149.5,0.106205,0.000000,0.000000,0.5000,1.0000,,,,,
0.2040,1778836332.770167,17,1.490814,-0.029911,0.005444,0.0573,0.1206,0.000447,1.648295,0.000082,0.000044,-0.0000,1.491099,-0.029814,0.005447,0.0338,0.0057,0.000217,0.276097,0.0000,1.491099,-0.000000,0.000000,5.0000,0.000000,2.000000,2935.1211,0,1,clay,1.0000,0.500000,0,0,0.000000,0.000000,0.000000,0,nan,0.00,0.000000,0.2570,0.0000,0.000000,0.6080,1.59,5.56,8.73,5.31,0.000082,0.0025,-5.0000,0.008000,0.220949,0.1378,-0.480003,0.020410,0.000613,0.0,0.0,-182.67899881050874,-142.456425861759,-0.035395,-0.032091,6466.5,6154.1,0.114155,0.000000,0.000000,0.5000,1.0000,,,,,
0.2160,1778836332.782173,18,1.646299,0.063337,0.006550,-0.0500,0.0604,-0.000022,1.648284,0.000091,0.000048,0.0000,1.646520,0.063475,0.006553,0.0277,0.0089,0.000293,0.293345,0.0000,1.646520,0.000000,0.000000,5.0000,0.000000,2.000000,2932.2679,0,1,clay,1.0000,0.500000,0,0,0.000000,0.000000,0.000000,0,nan,0.00,0.000000,0.2719,0.0000,0.000000,0.6320,1.42,5.52,8.35,5.31,0.000091,0.0028,-5.0000,0.008000,0.141055,0.2700,-0.487946,0.030599,0.000605,0.0,0.0,-203.45780838256883,-222.34014151363,-0.051868,-0.049234,6461.9,6158.6,0.122113,0.000000,0.000000,0.5000,1.0000,,,,,
0.2280,1778836332.794301,19,1.621274,0.065184,-0.004426,0.0472,-0.0229,0.000446,1.648273,0.000101,0.000053,0.0001,1.621523,0.065268,-0.004424,0.0320,0.0059,0.000213,0.310006,0.0000,1.621523,0.000000,0.000000,5.0000,0.000000,2.000000,2928.2120,0,1,clay,1.0000,0.500000,0,0,0.000000,0.000000,0.000000,0,nan,0.00,0.000000,0.2872,0.0000,0.000000,0.6560,1.28,5.48,8.05,5.26,0.000101,0.0030,-4.9999,0.008000,0.062471,-0.1504,-0.485511,0.022718,0.000709,0.0,0.0,-232.74589162210756,-165.9104308269545,-0.033282,-0.030586,6457.6,6163.0,0.129739,0.000000,0.000000,0.5000,1.0000,,,,,
0.2400,1778836332.806248,20,1.574934,0.032570,-0.000936,-0.0694,-0.0053,0.000142,1.648263,0.000111,0.000057,0.0001,1.575130,0.032633,-0.000934,0.0263,0.0045,0.000171,0.325387,0.0000,1.575130,0.000000,0.000000,5.0000,0.000000,2.000000,2924.1557,0,1,clay,1.0000,0.500000,0,0,0.000000,0.000000,0.000000,0,nan,0.00,0.000000,0.3027,0.0000,0.000000,0.6800,1.16,5.44,7.77,5.24,0.000111,0.0033,-4.9999,0.008000,0.108621,-0.0827,-0.493085,0.017741,0.000526,0.0,0.0,-251.74228008536426,-147.53245345599592,-0.024865,-0.022508,6453.5,6167.0,0.136773,0.000000,0.000000,0.5000,1.0000,,,,,
0.2520,1778836332.818206,21,1.713974,0.043544,0.000259,-0.0123,0.0496,0.000539,1.648253,0.000121,0.000062,0.0001,1.714129,0.043643,0.000261,0.0218,0.0075,0.000253,0.341103,0.0000,1.714129,0.000000,-0.000000,5.0000,0.000000,2.000000,2920.9840,0,1,clay,1.0000,0.500000,0,0,0.000000,0.000000,0.000000,0,nan,0.00,0.000000,0.3186,0.0000,0.000000,0.7040,1.07,5.40,7.55,5.16,0.000121,0.0036,-4.9999,0.008000,0.066006,0.2856,-0.499560,0.029514,0.000667,0.0,0.0,-280.0208118278491,-216.8778195103147,-0.039557,-0.036971,6449.4,6171.1,0.143909,0.000000,0.000000,0.5000,1.0000,,,,,
0.2640,1778836332.830332,22,1.691028,0.036116,-0.005168,0.0080,-0.0456,0.001239,1.648245,0.000133,0.000067,0.0002,1.691163,0.036151,-0.005166,0.0196,0.0027,0.000193,0.356556,0.0000,1.691163,0.000000,-0.000000,5.0000,0.000000,2.000000,2917.4303,0,1,clay,1.0000,0.500000,0,0,0.000000,0.000000,0.000000,0,nan,0.00,0.000000,0.3347,0.0000,0.000000,0.7280,0.99,5.36,7.33,5.12,0.000133,0.0038,-4.9998,0.008000,0.046560,-0.1713,-0.503590,0.015731,0.000874,0.0,0.0,-280.8123683545652,-123.91043677544695,-0.015048,-0.011375,6445.4,6175.2,0.150922,0.000000,0.000000,0.5000,1.0000,,,,,
0.2760,1778836332.842178,23,1.673665,-0.028906,0.005878,-0.0182,0.0560,-0.000055,1.648236,0.000144,0.000072,0.0002,1.673772,-0.028825,0.005881,0.0164,0.0067,0.000216,0.371357,0.0000,1.673772,0.000000,-0.000000,5.0000,0.000000,2.000000,2914.3557,0,1,clay,1.0000,0.500000,0,0,0.000000,0.000000,0.000000,0,nan,0.00,0.000000,0.3511,0.0000,0.000000,0.7520,0.91,5.32,7.14,5.07,0.000144,0.0041,-4.9998,0.008000,0.007474,0.6915,-0.508588,0.022266,0.000560,0.0,0.0,-322.48104859351866,-215.40850541322084,-0.033758,-0.030869,6441.6,6179.0,0.157622,0.000000,0.000000,0.5000,1.0000,,,,,
0.2880,1778836332.854287,24,1.610233,0.008681,-0.001747,-0.0679,-0.0787,0.001397,1.648229,0.000156,0.000077,0.0002,1.610320,0.008673,-0.001745,0.0138,-0.0009,0.000159,0.386208,0.0000,1.610320,0.000000,0.000000,5.0000,0.000000,2.000000,2911.0731,0,1,clay,1.0000,0.500000,0,0,0.000000,0.000000,0.000000,0,nan,0.00,0.000000,0.3678,0.0000,0.000000,0.7760,0.85,5.28,6.99,5.08,0.000156,0.0044,-4.9998,0.008000,0.123928,-0.4369,-0.513066,0.001882,0.000843,0.0,0.0,-258.8718945354764,-52.88257250048994,0.002367,0.006485,6437.7,6182.8,0.164321,0.000000,0.000000,0.5000,1.0000,,,,,
0.3000,1778836332.866254,25,1.629751,-0.051336,-0.001056,0.0771,-0.0357,0.001144,1.648222,0.000169,0.000082,0.0002,1.629924,-0.051373,-0.001055,0.0266,-0.0037,0.000140,0.400559,0.0000,1.629924,0.000000,0.000000,5.0000,0.000000,2.000000,2908.8616,0,1,clay,1.0000,0.500000,0,0,0.000000,0.000000,0.000000,0,nan,0.00,0.000000,0.3847,0.0000,0.000000,0.8000,0.80,5.26,6.86,5.16,0.000169,0.0047,-4.9998,0.008000,0.061126,0.1583,-0.502042,-0.006181,0.000782,0.0,0.0,-197.5205605820746,27.494567180346664,0.015012,0.019793,6434.0,6186.6,0.170785,0.000000,0.000000,0.5000,1.0000,,,,,
0.3120,1778836332.878145,26,1.667030,-0.002467,0.004000,-0.1149,0.0349,-0.000335,1.648215,0.000183,0.000087,0.0002,1.667170,-0.002465,0.004001,0.0220,-0.0001,0.000140,0.415349,0.0000,1.667170,0.000000,-0.000000,5.0000,0.000000,2.000000,2905.2915,0,1,clay,1.0000,0.500000,0,0,0.000000,0.000000,0.000000,0,nan,0.00,0.000000,0.4018,0.0000,0.000000,0.8240,0.75,5.25,6.75,5.15,0.000183,0.0050,-4.9998,0.008000,0.128672,-0.0842,-0.508370,-0.005964,0.000277,0.0,0.0,-303.1703256541138,-87.73554668093752,-0.001207,0.002222,6430.2,6190.4,0.177414,0.000000,0.000000,0.5000,1.0000,,,,,
0.3240,1778836332.890288,27,1.668061,-0.058029,-0.005256,-0.0338,0.0050,0.000033,1.648209,0.000197,0.000092,0.0002,1.668174,-0.058024,-0.005255,0.0183,0.0003,0.000121,0.429449,0.0000,1.668174,0.000000,-0.000000,5.0000,0.000000,2.000000,2903.3137,0,1,clay,1.0000,0.500000,0,0,0.000000,0.000000,0.000000,0,nan,0.00,0.000000,0.4192,0.0000,0.000000,0.8480,0.72,5.22,6.67,5.08,0.000197,0.0053,-4.9998,0.008000,0.126029,-0.6783,-0.513819,-0.008255,0.000164,0.0,0.0,-322.74610868834924,-105.37990503523942,-0.002920,-0.000113,6426.6,6194.0,0.183709,0.000000,0.000000,0.5000,1.0000,,,,,
0.3360,1778836332.902184,28,1.645585,-0.021569,-0.005193,0.0697,-0.0485,0.002184,1.648203,0.000212,0.000097,0.0002,1.645765,-0.021607,-0.005191,0.0289,-0.0039,0.000142,0.443001,0.0000,1.645765,0.000000,0.000000,5.0000,0.000000,2.000000,2900.1104,0,1,clay,1.0000,0.500000,0,0,0.000000,0.000000,0.000000,0,nan,0.00,0.000000,0.4367,0.0000,0.000000,0.8720,0.69,5.20,6.58,5.10,0.000212,0.0056,-4.9998,0.008000,0.090983,-0.0453,-0.505005,-0.014872,0.000524,0.0,0.0,-228.8087946021547,20.56584299577152,0.015073,0.020127,6423.1,6197.4,0.189778,0.000000,0.000000,0.5000,1.0000,,,,,
0.3480,1778836332.914278,29,1.626408,-0.035330,-0.004367,-0.0385,-0.0856,0.001771,1.648197,0.000228,0.000102,0.0002,1.626554,-0.035433,-0.004365,0.0239,-0.0106,0.000079,0.456161,0.0000,1.626554,0.000000,0.000000,5.0000,0.000000,2.000000,2897.8555,0,1,clay,1.0000,0.500000,0,0,0.000000,0.000000,0.000000,0,nan,0.00,0.000000,0.4544,0.0000,0.000000,0.8960,0.66,5.19,6.51,5.15,0.000228,0.0059,-4.9998,0.008000,0.068416,-0.1977,-0.511575,-0.028373,0.000759,0.0,0.0,61.47416170032663,315.0852494522327,0.044156,0.050483,6419.7,6200.8,0.195655,0.000000,0.000000,0.5000,1.0000,,,,,
0.3600,1778836332.926134,30,1.625755,0.064238,0.001394,0.0267,-0.0423,0.001683,1.648192,0.000244,0.000108,0.0002,1.625907,0.064121,0.001396,0.0251,-0.0123,0.000086,0.469229,0.0000,1.625907,0.000000,0.000000,5.0000,0.000000,2.000000,2895.8921,0,1,clay,1.0000,0.500000,0,0,0.000000,0.000000,0.000000,0,nan,0.00,0.000000,0.4724,0.0000,0.000000,0.9200,0.63,5.19,6.45,5.14,0.000244,0.0062,-4.9998,0.008000,0.139783,0.0635,-0.512039,-0.034950,0.000772,0.0,0.0,141.4853985321914,400.1812992625976,0.050929,0.058173,6416.4,6204.2,0.201483,0.000000,0.000000,0.5000,1.0000,,,,,
0.3720,1778836332.938228,31,1.694200,0.004514,-0.002015,0.0228,0.0118,-0.000613,1.648187,0.000262,0.000113,0.0002,1.694353,0.004429,-0.002014,0.0253,-0.0089,0.000054,0.481503,0.0000,1.694353,0.000000,-0.000000,5.0000,0.000000,2.000000,2892.8829,0,1,clay,1.0000,0.500000,0,0,0.000000,0.000000,0.000000,0,nan,0.00,0.000000,0.4904,0.0000,0.000000,0.9440,0.62,5.17,6.40,5.06,0.000262,0.0065,-4.9998,0.008000,0.056641,0.1794,-0.513435,-0.022693,0.000561,0.0,0.0,-30.54284629967148,224.00691677790152,0.036905,0.041973,6413.3,6207.3,0.206930,0.000000,0.000000,0.5000,1.0000,,,,,
0.3840,1778836332.950172,32,1.656289,-0.059974,0.003608,0.0384,0.0730,0.000885,1.648182,0.000280,0.000118,0.0001,1.656460,-0.059977,0.003610,0.0285,-0.0008,0.000201,0.493820,0.0000,1.656460,0.000000,-0.000000,5.0000,0.000000,2.000000,2891.5731,0,1,clay,1.0000,0.500000,0,0,0.000000,0.000000,0.000000,0,nan,0.00,0.000000,0.5081,0.0000,0.000000,0.9680,0.60,5.17,6.37,5.16,0.000280,0.0068,-4.9999,0.008000,0.074768,-0.1315,-0.511777,-0.008637,0.000560,0.0,0.0,-344.48655737158646,-84.18561699772296,0.000972,0.006196,6410.1,6210.4,0.212414,0.000000,0.000000,0.5000,1.0000,,,,,
0.3960,1778836332.962656,33,1.601595,-0.097654,0.000294,-0.0397,0.0948,-0.000354,1.648178,0.000300,0.000123,0.0001,1.601735,-0.097576,0.000297,0.0236,0.0077,0.000290,0.506257,0.0000,1.601735,0.000000,0.000000,5.0000,0.000000,2.000000,2890.4830,0,1,clay,1.0000,0.500000,0,0,0.000000,0.000000,0.000000,0,nan,0.00,0.000000,0.5255,0.0000,0.000000,0.9920,0.60,5.16,6.35,5.13,0.000300,0.0071,-4.9999,0.008000,0.121312,0.1159,-0.518170,0.017502,0.000458,0.0,0.0,-478.4905621394006,-295.8949809184853,-0.035675,-0.031919,6407.0,6213.6,0.217917,0.000000,0.000000,0.5000,1.0000,,,,,
0.4080,1778836332.974198,34,1.683895,-0.003754,-0.000728,-0.0325,-0.0216,0.000952,1.648173,0.000320,0.000129,0.0001,1.684010,-0.003709,-0.000726,0.0197,0.0044,0.000251,0.518102,0.0000,1.684010,0.000000,-0.000000,5.0000,0.000000,2.000000,2886.6925,0,1,clay,1.0000,0.500000,0,0,0.000000,0.000000,0.000000,0,nan,0.00,0.000000,0.5428,0.0000,0.000000,1.0160,0.58,5.16,6.32,5.13,0.000320,0.0074,-4.9999,0.008000,0.048182,0.0179,-0.523563,0.012861,0.000506,0.0,0.0,-443.397587326887,-217.61135414230145,-0.021004,-0.016757,6404.0,6216.6,0.223180,0.000000,0.000000,0.5000,1.0000,,,,,
0.4200,1778836332.986279,35,1.660881,0.073564,-0.001767,-0.1343,0.0857,0.000463,1.648169,0.000342,0.000134,0.0000,1.660975,0.073674,-0.001764,0.0166,0.0112,0.000363,0.530011,0.0000,1.660975,0.000000,-0.000000,5.0000,0.000000,2.000000,2885.8505,0,1,clay,1.0000,0.500000,0,0,0.000000,0.000000,0.000000,0,nan,0.00,0.000000,0.5598,0.0000,0.000000,1.0400,0.56,5.18,6.30,5.32,0.000342,0.0077,-5.0000,0.008000,0.094411,-0.3313,-0.528234,0.024474,0.000842,0.0,0.0,-535.9026114016508,-388.4164856131805,-0.050371,-0.046361,6400.9,6219.6,0.228475,0.000000,0.000000,0.5000,1.0000,,,,,
0.4320,1778836332.998435,36,1.705035,0.049104,0.001482,-0.0095,-0.0115,0.002591,1.648193,0.000311,0.000148,0.0082,1.705112,0.049186,0.001486,0.0141,0.0080,0.000411,0.536912,0.0000,1.705112,0.000000,-0.000000,5.0000,0.000000,2.000000,2884.0488,0,1,clay,1.0000,0.500000,0,0,0.000000,0.000000,0.000000,0,nan,0.00,0.000000,0.5766,0.0000,0.000000,1.0640,0.56,5.19,6.30,5.21,0.000311,0.0085,-4.9918,0.008000,0.108176,0.3853,-0.532219,0.016657,0.000842,-49.9382225975757,-155.75319141972193,-504.5855147169789,-301.36105237707153,-0.037773,-0.031228,6399.2,6221.4,0.231510,0.000000,0.000000,0.5000,1.0000,,,,,
0.4440,1778836333.010213,37,1.682721,0.014590,-0.000005,-0.0088,0.1080,0.002792,1.648350,0.000254,0.000178,0.0169,1.682785,0.014751,0.000001,0.0120,0.0161,0.000651,0.542290,0.0000,1.682785,0.000000,-0.000000,5.0000,0.000000,2.000000,2882.5878,0,1,clay,1.0000,0.500000,0,0,0.000000,0.000000,0.000000,0,nan,0.00,0.000000,0.5932,0.0000,0.000000,1.0880,0.54,5.19,6.27,5.20,0.000254,0.0102,-4.9831,0.008000,0.039062,0.2963,-0.535650,0.038665,0.001578,-476.3894407749044,-545.3638139488048,-617.0267252584978,-515.2089738527659,-0.073866,-0.065056,6397.8,6222.8,0.233906,0.000000,0.000000,0.5000,1.0000,,,,,
0.4560,1778836333.022427,38,1.597276,0.008600,-0.007293,0.0641,-0.0656,0.002619,1.648753,0.000275,0.000223,0.0369,1.597409,0.008675,-0.007287,0.0229,0.0071,0.000558,0.566277,0.0000,1.597409,0.000000,0.000000,5.0000,0.000000,2.000000,2878.5108,0,1,clay,1.0000,0.500000,0,0,0.000000,0.000000,0.000000,0,nan,0.00,0.000000,0.6096,0.0000,0.000000,1.1120,0.54,5.17,6.24,5.06,0.000275,0.0128,-4.9631,0.008000,0.091298,-0.1682,-0.526240,0.025544,0.001589,303.5645068702015,-49.0486938238173,-510.83170307416896,-273.2171905615164,-0.035871,-0.025394,6391.7,6228.8,0.244501,0.000000,0.000000,0.5000,1.0000,,,,,
0.4680,1778836333.034358,39,1.609808,-0.091111,-0.000256,0.0916,0.1112,0.002296,1.649241,0.000325,0.000261,0.0437,1.610028,-0.090953,-0.000249,0.0370,0.0157,0.000750,0.596623,0.0000,1.610028,0.000000,0.000000,5.0000,0.000000,2.000000,2875.4506,0,1,clay,1.0000,0.500000,0,0,0.000000,0.000000,0.000000,0,nan,0.00,0.000000,0.6259,0.0000,0.000000,1.1360,0.54,5.17,6.24,5.17,0.000325,0.0149,-4.9563,0.008000,0.167691,-0.0951,-0.513558,0.046769,0.002685,-332.46391616864094,-106.70969636329028,-660.0855925792641,-512.8891160741271,-0.073259,-0.061918,6384.0,6236.5,0.257921,0.000000,0.000000,0.5000,1.0000,,,,,
0.4800,1778836333.046476,40,1.647964,-0.002350,-0.001341,0.0594,-0.0135,0.004043,1.649848,0.000365,0.000302,0.0611,1.648216,-0.002230,-0.001333,0.0423,0.0115,0.000796,0.633333,0.0000,1.648216,0.000000,0.000000,5.0000,0.000000,2.000000,2868.2758,0,1,clay,1.0000,0.500000,0,0,0.000000,0.000000,0.000000,0,nan,0.00,0.000000,0.6419,0.0000,0.000000,1.1600,0.54,5.16,6.23,5.08,0.000365,0.0173,-4.9389,0.008000,0.096559,0.0383,-0.509748,0.033614,0.002277,-451.334288093597,-438.09874244699586,-599.7372267529609,-379.36578071952044,-0.056389,-0.042068,6374.7,6245.8,0.274124,0.000000,0.000000,0.5000,1.0000,,,,,
0.4920,1778836333.058301,41,1.748288,0.044863,0.005138,0.0463,0.0110,0.005454,1.650638,0.000390,0.000351,0.0823,1.748548,0.044976,0.005148,0.0440,0.0103,0.000950,0.667455,0.0000,1.748548,0.000000,-0.000000,5.0000,0.000000,2.000000,2863.8838,0,1,clay,1.0000,0.500000,0,0,0.000000,0.000000,0.000000,0,nan,0.00,0.000000,0.6578,0.0000,0.000000,1.1840,0.53,5.15,6.21,5.14,0.000390,0.0201,-4.9177,0.008000,0.112725,0.0864,-0.509447,0.022820,0.002537,-153.4489811073745,-139.88672309568847,-576.2959848154013,-327.12132391303606,-0.053112,-0.034600,6366.1,6254.5,0.289224,0.000000,0.000000,0.5000,1.0000,,,,,
0.5040,1778836333.070347,42,1.769491,0.018588,-0.002811,0.1406,-0.0279,0.005040,1.651575,0.000392,0.000410,0.0925,1.769872,0.018658,-0.002800,0.0636,0.0058,0.000987,0.680478,0.0000,1.769872,-0.000000,-0.000000,5.0000,0.000000,2.000000,2861.4748,0,1,clay,1.0000,0.500000,0,0,0.000000,0.000000,0.000000,0,nan,0.00,0.000000,0.6736,0.0000,0.000000,1.2080,0.52,5.15,6.19,5.11,0.000392,0.0235,-4.9075,0.008000,0.164839,-0.1797,-0.491206,0.004568,0.002900,-184.8641290850801,-803.5413514276906,-482.5028308815522,-196.21344927061443,-0.035153,-0.013767,6362.8,6257.8,0.294980,0.000000,0.000000,0.5000,1.0000,,,,,
0.5160,1778836333.082274,43,1.639417,0.053655,0.002449,0.1839,0.0022,0.000284,1.652536,0.000345,0.000428,0.0879,1.639945,0.053714,0.002458,0.0877,0.0049,0.000816,0.682204,0.0000,1.639945,0.000000,0.000000,5.0000,0.000000,2.000000,2861.9485,0,1,clay,1.0000,0.500000,0,0,0.000000,0.000000,0.000000,0,nan,0.00,0.000000,0.6892,0.0000,0.000000,1.2320,0.52,5.13,6.17,5.06,0.000345,0.0245,-4.9121,0.008000,0.110404,0.1805,-0.468292,0.006844,0.003777,-109.53886978143782,1138.088111168042,-452.79087375937956,-183.68275802307056,-0.029377,-0.011764,6362.3,6258.2,0.295761,0.000000,0.000000,0.5000,1.0000,,,,,
0.5280,1778836333.094337,44,1.622843,0.016826,0.002022,0.0887,0.0181,0.000710,1.653518,0.000257,0.000353,0.0852,1.623378,0.016891,0.002029,0.0886,0.0056,0.000724,0.662295,0.0000,1.623378,0.000000,0.000000,5.0000,0.000000,2.000000,2864.1131,0,1,clay,1.0000,0.500000,0,0,0.000000,0.000000,0.000000,0,nan,0.00,0.000000,0.7041,0.0000,0.000000,1.2560,0.53,5.14,6.19,5.16,0.000257,0.0202,-4.9148,0.008000,0.105467,0.2148,-0.468489,0.000854,0.002282,290.22530269285187,-493.8671516651982,-474.97177795727384,-213.35858607318784,-0.031114,-0.016004,6367.4,6253.2,0.286966,0.000000,0.000000,0.5000,1.0000,,,,,
0.5400,1778836333.106430,45,1.727534,0.049212,0.005151,0.0906,0.0091,-0.005603,1.654512,0.000203,0.000293,0.0789,1.728075,0.049268,0.005154,0.0898,0.0053,0.000303,0.674300,0.0000,1.728075,0.000000,-0.000000,5.0000,0.000000,2.000000,2863.0049,0,1,clay,1.0000,0.500000,0,0,0.000000,0.000000,0.000000,0,nan,0.00,0.000000,0.7183,0.0000,0.000000,1.2800,0.51,5.13,6.15,5.06,0.000203,0.0168,-4.9211,0.008000,0.027592,0.2076,-0.468010,0.002847,0.000234,593.8669368811095,261.7020613380473,-437.8363887143447,-236.01405885894354,-0.025153,-0.020124,6364.3,6256.2,0.292284,0.000000,0.000000,0.5000,1.0000,,,,,
0.5520,1778836333.118269,46,1.736100,-0.042354,-0.007014,-0.0281,0.0056,-0.006254,1.655401,0.000221,0.000262,0.0585,1.736537,-0.042315,-0.007015,0.0730,0.0048,-0.000077,0.633184,0.0000,1.736537,0.000000,-0.000000,5.0000,0.000000,2.000000,2868.5337,0,1,clay,1.0000,0.500000,0,0,0.000000,0.000000,0.000000,0,nan,0.00,0.000000,0.7318,0.0000,0.000000,1.3040,0.51,5.13,6.15,5.16,0.000221,0.0150,-4.9415,0.008000,0.058903,-0.4057,-0.485131,-0.006107,-0.001349,1783.9875621342412,876.887577791189,-431.1791959392482,-256.75774945486523,-0.018601,-0.022535,6374.7,6245.8,0.274144,0.000000,0.000000,0.5000,1.0000,,,,,
0.5640,1778836333.130260,47,1.657227,-0.019368,-0.001351,0.0303,0.0018,0.000421,1.656047,0.000341,0.000288,0.0261,1.657616,-0.019332,-0.001351,0.0652,0.0040,-0.000037,0.586949,0.0000,1.657616,0.000000,-0.000000,5.0000,0.000000,2.000000,2875.2884,0,1,clay,1.0000,0.500000,0,0,0.000000,0.000000,0.000000,0,nan,0.00,0.000000,0.7447,0.0000,0.000000,1.3280,0.51,5.13,6.14,5.09,0.000341,0.0165,-4.9739,0.008000,0.030083,0.3369,-0.495035,0.000922,-0.000999,-301.90878470562984,355.3238858951945,-433.7171304201704,-235.14826376531437,-0.015939,-0.018575,6386.4,6234.1,0.253729,0.000000,0.000000,0.5000,1.0000,,,,,
0.5760,1778836333.142309,48,1.620445,-0.013385,-0.002774,-0.0282,0.0782,0.005530,1.656327,0.000564,0.000382,-0.0045,1.620761,-0.013286,-0.002771,0.0529,0.0103,0.000390,0.535995,0.0000,1.620761,0.000000,0.000000,5.0000,0.000000,2.000000,2883.5042,0,1,clay,1.0000,0.500000,0,0,0.000000,0.000000,0.000000,0,nan,0.00,0.000000,0.7569,0.0000,0.000000,1.3520,0.52,5.13,6.17,5.18,0.000564,0.0219,-5.0045,0.008000,0.085559,-0.1490,-0.509991,0.006280,0.000013,176.54489033517712,-1058.011868639543,-529.8417877768604,-361.7203475709934,-0.046514,-0.041582,6399.3,6221.2,0.231224,0.000000,0.000000,0.5000,1.0000,,,,,
0.5880,1778836333.154508,49,1.690336,-0.011391,-0.002338,-0.0977,0.0447,0.010216,1.656287,0.000842,0.000515,-0.0285,1.690593,-0.011263,-0.002329,0.0432,0.0124,0.000927,0.507717,0.0000,1.690593,0.000000,-0.000000,5.0000,0.000000,2.000000,2888.2873,0,1,clay,1.0000,0.500000,0,0,0.000000,0.000000,0.000000,0,nan,0.00,0.000000,0.7686,0.0000,0.000000,1.3760,0.52,5.14,6.18,5.21,0.000842,0.0295,-5.0285,0.008000,0.013019,-0.0622,-0.523276,0.015325,0.002600,-224.74974855277424,52.262836729183164,-541.1774821091003,-365.10778738153385,-0.061058,-0.044062,6406.5,6214.1,0.218728,0.000000,0.000000,0.5000,1.0000,,,,,
0.6000,1778836333.166183,50,1.646215,-0.025384,0.001885,-0.0333,-0.0163,0.011201,1.656023,0.001135,0.000647,-0.0410,1.646423,-0.025283,0.001899,0.0353,0.0085,0.001314,0.492134,0.0000,1.646423,0.000000,0.000000,5.0000,0.000000,2.000000,2891.1021,0,1,clay,1.0000,0.500000,0,0,0.000000,0.000000,0.000000,0,nan,0.00,0.000000,0.7797,0.0000,0.000000,1.4000,0.51,5.14,6.16,5.13,0.001135,0.0371,-5.0410,0.008000,0.168417,-0.1924,-0.534441,0.007719,0.003450,-283.6844189887813,-556.0361557788799,-498.24712047417944,-237.72953893300985,-0.049851,-0.021827,6410.5,6210.1,0.211857,0.000000,0.000000,0.5000,1.0000,,,,,
0.6120,1778836333.178394,51,1.662005,-0.065303,-0.001229,-0.0155,0.0676,0.009221,1.655636,0.001438,0.000781,-0.0439,1.662175,-0.065157,-0.001211,0.0291,0.0130,0.001660,0.494815,0.0000,1.662175,0.000000,-0.000000,5.0000,0.000000,2.000000,2891.3186,0,1,clay,1.0000,0.500000,0,0,0.000000,0.000000,0.000000,0,nan,0.00,0.000000,0.7903,0.0000,0.000000,1.4240,0.50,5.17,6.17,5.31,0.001438,0.0448,-5.0439,0.008000,0.179069,0.0844,-0.541996,0.021564,0.004233,380.4714863981303,95.03741702756076,-551.0572294203282,-322.96678805281954,-0.071968,-0.037658,6409.8,6210.8,0.213051,0.000000,0.000000,0.5000,1.0000,,,,,
0.6240,1778836333.190249,52,1.691636,-0.012322,-0.001345,-0.0604,0.0452,0.009627,1.655193,0.001763,0.000919,-0.0434,1.691776,-0.012157,-0.001325,0.0241,0.0146,0.001919,0.499316,0.0000,1.691776,0.000000,-0.000000,5.0000,0.000000,2.000000,2889.8067,0,1,clay,1.0000,0.500000,0,0,0.000000,0.000000,0.000000,0,nan,0.00,0.000000,0.8004,0.0000,0.000000,1.4480,0.50,5.16,6.17,5.12,0.001763,0.0526,-5.0434,0.008000,0.066836,-0.2225,-0.547211,0.025845,0.005127,159.5593016322366,-606.822502701658,-583.8292525739595,-346.43292422636534,-0.081398,-0.041494,6408.6,6211.9,0.215014,0.000000,0.000000,0.5000,1.0000,,,,,
0.6360,1778836333.202164,53,1.616369,-0.053456,-0.001946,-0.0850,0.0065,0.010301,1.654725,0.002097,0.001060,-0.0396,1.616483,-0.053308,-0.001924,0.0200,0.0124,0.002107,0.506435,0.0000,1.616483,0.000000,0.000000,5.0000,0.000000,2.000000,2889.0301,0,1,clay,1.0000,0.500000,0,0,0.000000,0.000000,0.000000,0,nan,0.00,0.000000,0.8099,0.0000,0.000000,1.4720,0.49,5.16,6.14,5.16,0.002097,0.0607,-5.0396,0.008000,0.091146,-0.2319,-0.549286,0.020567,0.006207,132.99359960215912,402.54223896967244,-574.3010122490051,-281.1374179402271,-0.074507,-0.029163,6406.8,6213.7,0.218185,0.000000,0.000000,0.5000,1.0000,,,,,
0.6480,1778836333.214214,54,1.643873,-0.006240,0.007232,0.0270,0.0230,0.009911,1.654261,0.002436,0.001204,-0.0360,1.643998,-0.006091,0.007255,0.0220,0.0121,0.002262,0.518500,0.0000,1.643998,0.000000,0.000000,5.0000,0.000000,2.000000,2886.4841,0,1,clay,1.0000,0.500000,0,0,0.000000,0.000000,0.000000,0,nan,0.00,0.000000,0.8191,0.0000,0.000000,1.4960,0.49,5.16,6.13,5.12,0.002436,0.0690,-5.0360,0.008000,0.145554,0.1173,-0.548543,0.019977,0.006998,0.0,151.88761344078887,-592.2934449352083,-266.84601786785026,-0.075067,-0.025862,6403.8,6216.8,0.223516,0.000000,0.000000,0.5000,1.0000,,,,,
0.6600,1778836333.226238,55,1.583188,0.166299,-0.002021,-0.0144,0.0244,0.013820,1.653869,0.002905,0.001389,-0.0248,1.583292,0.166451,-0.001993,0.0186,0.0120,0.002597,0.551015,0.0000,1.583292,0.000000,0.000000,5.0000,0.000000,2.000000,2888.2636,0,1,clay,1.0000,0.500000,0,0,0.000000,0.000000,0.000000,0,nan,0.00,0.000000,0.8277,0.0000,0.000000,1.5200,0.49,5.16,6.14,5.19,0.002905,0.0796,-5.0248,0.008000,0.291306,0.2866,-0.548087,0.020679,0.009211,0.0,-81.88096604133075,-642.277171487603,-247.2840656579423,-0.078453,-0.021156,6395.5,6225.0,0.237875,0.000000,0.000000,0.5000,1.0000,,,,,
0.6720,1778836333.238233,56,1.671197,-0.001603,-0.001571,0.0032,-0.0655,0.015198,1.653540,0.003312,0.001568,-0.0199,1.671287,-0.001521,-0.001541,0.0164,0.0038,0.002792,0.569897,0.0000,1.671287,0.000000,-0.000000,5.0000,0.000000,2.000000,2878.4843,0,1,clay,1.0000,0.500000,0,0,0.000000,0.000000,0.000000,0,nan,0.00,0.000000,0.8360,0.0000,0.000000,1.5440,0.49,5.15,6.13,5.12,0.003312,0.0899,-5.0199,0.008000,0.040349,-0.0124,-0.545792,0.003734,0.010416,0.0,459.9051015977975,-552.1671771915367,0.511881155285721,-0.047385,0.018339,6390.7,6229.8,0.246212,0.000000,0.000000,0.5000,1.0000,,,,,
0.6840,1778836333.250309,57,1.674925,-0.027386,-0.000604,-0.0398,-0.0109,0.011664,1.653241,0.003672,0.001713,-0.0184,1.675000,-0.027318,-0.000574,0.0139,0.0021,0.002849,0.579557,0.0000,1.675000,0.000000,-0.000000,5.0000,0.000000,2.000000,2876.5534,0,1,clay,1.0000,0.500000,0,0,0.000000,0.000000,0.000000,0,nan,0.00,0.000000,0.8439,0.0000,0.000000,1.5680,0.50,5.14,6.14,5.06,0.003672,0.0981,-5.0184,0.008000,0.015614,0.1219,-0.543194,-0.006205,0.010133,0.0,0.0,-533.4851290424551,72.73942161178809,-0.041191,0.026722,6388.3,6232.3,0.250461,0.800000,0.000000,0.5000,1.0000,,,,,
0.6960,1778836333.262252,58,1.710081,-0.025247,0.000659,0.0296,-0.0221,0.008481,1.652941,0.004003,0.001820,-0.0181,1.710178,-0.025203,0.000688,0.0177,-0.0003,0.002714,0.587531,0.0000,1.710178,0.000000,-0.000000,5.0000,0.000000,2.000000,2875.2628,0,1,clay,1.0000,0.500000,0,0,0.000000,0.000000,0.000000,0,nan,0.00,0.000000,0.8514,0.0000,0.000000,1.5920,0.50,5.14,6.13,5.12,0.004003,0.1043,-5.0181,0.008000,0.034116,0.1658,-0.536645,-0.013564,0.009100,0.0,7.18682878674503,-491.7200517844117,161.31574364440874,-0.029893,0.035715,6386.3,6234.3,0.254002,0.800000,0.000000,0.5000,1.0000,,,,,
0.7080,1778836333.274234,59,1.637434,0.081212,0.000113,0.1050,0.0329,0.008164,1.652642,0.004334,0.001925,-0.0181,1.637639,0.081283,0.000142,0.0353,0.0028,0.002676,0.595628,0.0000,1.637639,0.000000,0.000000,5.0000,0.000000,2.000000,2875.5966,0,1,clay,1.0000,0.500000,0,0,0.000000,0.000000,0.000000,0,nan,0.00,0.000000,0.8585,0.0000,0.000000,1.6160,0.49,5.15,6.14,5.25,0.004334,0.1103,-5.0181,0.008000,0.120710,-0.1099,-0.517505,-0.003322,0.008319,0.0,14.47802303045859,-538.9194706839037,28.412577246127256,-0.041859,0.021479,6384.2,6236.3,0.257584,0.800000,0.000000,0.5000,1.0000,,,,,
0.7200,1778836333.286409,60,1.675968,-0.049615,-0.009062,-0.1232,-0.0152,0.009507,1.652346,0.004675,0.002031,-0.0183,1.676137,-0.049563,-0.009033,0.0292,0.0009,0.002635,0.602862,0.0000,1.676137,0.000000,-0.000000,5.0000,0.000000,2.000000,2873.4258,0,1,clay,1.0000,0.500000,0,0,0.000000,0.000000,0.000000,0,nan,0.00,0.000000,0.8653,0.0000,0.000000,1.6400,0.49,5.14,6.13,5.08,0.004675,0.1164,-5.0183,0.008000,0.038837,-0.4593,-0.523910,-0.011684,0.007867,0.0,19.255283429549817,-506.83757134597147,100.4139918521746,-0.033755,0.029476,6382.4,6238.2,0.260761,0.800000,0.000000,0.5000,1.0000,,,,,
0.7320,1778836333.298217,61,1.673019,0.057807,0.004509,-0.0587,-0.0416,0.007895,1.652056,0.005019,0.002137,-0.0187,1.673156,0.057823,0.004536,0.0243,-0.0031,0.002477,0.610099,0.0000,1.673156,0.000000,-0.000000,5.0000,0.000000,2.000000,2872.4448,0,1,clay,1.0000,0.500000,0,0,0.000000,0.000000,0.000000,0,nan,0.00,0.000000,0.8718,0.0000,0.000000,1.6640,0.49,5.13,6.12,5.08,0.005019,0.1224,-5.0187,0.008000,0.096892,0.3232,-0.529310,-0.021278,0.007712,0.0,28.426639285308372,-428.22738029389905,264.30279767527725,-0.015981,0.045088,6380.6,6240.0,0.263971,0.800000,0.000000,0.5000,1.0000,,,,,
0.7440,1778836333.310184,62,1.665061,0.059943,-0.000815,-0.0041,0.0225,0.008580,1.651788,0.005363,0.002251,-0.0172,1.665174,0.059982,-0.000788,0.0204,-0.0004,0.002493,0.621251,0.0000,1.665174,0.000000,-0.000000,5.0000,0.000000,2.000000,2870.7921,0,1,clay,1.0000,0.500000,0,0,0.000000,0.000000,0.000000,0,nan,0.00,0.000000,0.8779,0.0000,0.000000,1.6880,0.48,5.16,6.12,5.29,0.005363,0.1290,-5.0172,0.008000,0.111783,0.0514,-0.534013,-0.013869,0.006985,0.0,58.37888026183399,-474.09037020030826,139.56246797495197,-0.026885,0.033339,6377.7,6242.8,0.268917,0.800000,0.000000,0.5000,1.0000,,,,,
0.7560,1778836333.322462,63,1.597707,-0.002655,0.004979,0.0037,-0.0234,0.007337,1.651581,0.005692,0.002382,-0.0126,1.597806,-0.002636,0.005005,0.0180,-0.0024,0.002358,0.635808,0.0000,1.597806,0.000000,0.000000,5.0000,0.000000,2.000000,2867.9464,0,1,clay,1.0000,0.500000,0,0,0.000000,0.000000,0.000000,0,nan,0.00,0.000000,0.8838,0.0000,0.000000,1.7120,0.49,5.14,6.12,5.07,0.005692,0.1365,-5.0126,0.008000,0.096291,-0.1434,-0.537715,-0.017527,0.006835,0.0,-75.45661220478324,-422.9298055556345,217.3692262897157,-0.017170,0.040767,6374.1,6246.5,0.275317,0.800000,0.000000,0.5000,1.0000,,,,,
0.7680,1778836333.334828,64,1.640801,0.038359,0.000900,-0.0348,0.0183,0.007520,1.651447,0.005994,0.002520,-0.0094,1.640883,0.038397,0.000925,0.0153,-0.0003,0.002333,0.648219,0.0000,1.640883,0.000000,0.000000,5.0000,0.000000,2.000000,2866.3904,0,1,clay,1.0000,0.500000,0,0,0.000000,0.000000,0.000000,0,nan,0.00,0.000000,0.8894,0.0000,0.000000,1.7360,0.48,5.15,6.11,5.18,0.005994,0.1444,-5.0094,0.008000,0.129777,0.1509,-0.543703,-0.013124,0.005867,0.0,-235.53644712530965,-456.5527340059896,117.2303552455684,-0.025565,0.030776,6370.9,6249.7,0.280819,0.800000,0.000000,0.5000,1.0000,,,,,
0.7800,1778836333.346454,65,1.674033,-0.020682,0.000591,0.0760,0.0498,0.006506,1.651407,0.006263,0.002614,0.0003,1.674191,-0.020604,0.000616,0.0280,0.0043,0.002310,0.682953,0.0000,1.674191,0.000000,-0.000000,5.0000,0.000000,2.000000,2861.1619,0,1,clay,1.0000,0.500000,0,0,0.000000,0.000000,0.000000,0,nan,0.00,0.000000,0.8947,0.0000,0.000000,1.7600,0.47,5.14,6.09,5.08,0.006263,0.1497,-4.9997,0.008000,0.051277,0.1062,-0.533085,0.003802,0.004260,0.0,-501.7698610595234,-523.2466637583245,-45.71900492544172,-0.043889,0.009846,6362.1,6258.5,0.296165,0.800000,0.000000,0.5000,1.0000,,,,,
0.7920,1778836333.359022,66,1.670117,0.105581,0.002482,0.0284,0.1095,0.002471,1.651559,0.006535,0.002661,0.0130,1.670280,0.105738,0.002504,0.0291,0.0135,0.002181,0.711670,0.0000,1.670280,0.000000,-0.000000,5.0000,0.000000,1.977131,2860.2606,0,1,clay,1.0000,0.500000,0,0,0.000000,0.000000,0.000000,0,nan,0.00,0.000000,0.8997,0.0000,0.000000,1.7837,0.46,5.13,6.05,5.06,0.006535,0.1525,-4.9870,0.008000,0.143196,0.1587,-0.533174,0.026067,0.004211,0.0,-529.4972315885308,-682.068778886068,-304.7112115476986,-0.079145,-0.032783,6354.8,6265.8,0.308877,0.800000,0.000000,0.5000,1.0000,,,,,
0.8040,1778836333.370375,67,1.625868,-0.054167,0.006588,0.0910,0.1549,0.010617,1.651833,0.006826,0.002776,0.0203,1.626104,-0.053901,0.006613,0.0419,0.0254,0.002604,0.730222,0.0000,1.626104,0.000000,0.000000,5.0000,0.000000,1.951244,2855.5246,0,1,clay,1.0000,0.500000,0,0,0.000000,0.000000,0.000000,0,nan,0.00,0.000000,0.9045,0.0000,0.000000,1.8071,0.43,5.12,5.99,5.11,0.006826,0.1591,-4.9797,0.008000,0.137491,0.3225,-0.521159,0.052988,0.005132,0.0,-943.8837934919768,-892.6481957012795,-609.3946165854788,-0.129737,-0.079220,6350.0,6270.5,0.317192,0.800000,0.000000,0.5000,1.0000,,,,,
0.8160,1778836333.382422,68,1.646665,-0.014823,-0.007041,-0.0810,-0.0100,0.011881,1.652293,0.007128,0.002912,0.0384,1.646861,-0.014609,-0.007014,0.0348,0.0196,0.002722,0.761946,0.0000,1.646861,0.000000,0.000000,5.0000,0.000000,1.907089,2850.6309,0,1,clay,1.0000,0.500000,0,0,0.000000,0.000000,0.000000,0,nan,0.00,0.000000,0.9091,0.0000,0.000000,1.8300,0.42,5.13,5.97,5.15,0.007128,0.1668,-4.9616,0.008000,0.105126,-0.4269,-0.529245,0.038303,0.006360,-7.378103258324214,-1348.5676718339857,-793.411881125377,-407.20639865256237,-0.108258,-0.052254,6342.0,6278.6,0.331286,0.800000,0.000000,0.5000,1.0000,,,,,
0.8280,1778836333.394686,69,1.710426,0.083138,0.002953,0.1118,0.0648,0.018045,1.652960,0.007394,0.003090,0.0505,1.710715,0.083384,0.002987,0.0507,0.0218,0.003270,0.781543,0.0000,1.710715,0.000000,-0.000000,5.0000,0.000000,1.861330,2850.1795,0,1,clay,1.0000,0.500000,0,0,0.000000,0.000000,0.000000,0,nan,0.00,0.000000,0.9135,0.0000,0.000000,1.8524,0.43,5.13,5.98,5.12,0.007394,0.1770,-4.9495,0.008000,0.133629,0.6717,-0.514192,0.044443,0.008003,-44.83909160270082,-1891.5335597348624,-842.918457816531,-414.3433229225152,-0.123214,-0.055251,6336.9,6283.6,0.340043,0.800000,0.000000,0.5000,1.0000,,,,,
0.8400,1778836333.406667,70,1.702153,-0.033005,0.005829,0.0477,0.0409,0.024864,1.653789,0.007644,0.003366,0.0674,1.702443,-0.032749,0.005871,0.0513,0.0214,0.004039,0.829562,0.0000,1.702443,0.000000,-0.000000,5.0000,0.000000,1.794157,2842.6170,0,1,clay,1.0000,0.500000,0,0,0.000000,0.000000,0.000000,0,nan,0.00,0.000000,0.9176,0.0000,0.000000,1.8739,0.43,5.12,5.97,5.06,0.007644,0.1929,-4.9326,0.008000,0.093610,0.0599,-0.514605,0.048052,0.011699,-89.95648308582223,-2280.3223034850616,-837.4166980091607,-312.49313733576525,-0.130304,-0.043968,6324.7,6295.9,0.361367,0.800000,0.000000,0.5000,1.0000,,,,,
0.8520,1778836333.418429,71,1.632803,-0.015937,0.004945,0.0122,-0.1184,0.030603,1.654885,0.007915,0.003695,0.0885,1.633055,-0.015801,0.004995,0.0448,0.0064,0.004700,0.855908,0.0000,1.633055,0.000000,0.000000,5.0000,0.000000,1.732476,2839.1005,0,1,clay,1.0000,0.500000,0,0,0.000000,0.000000,0.000000,0,nan,0.00,0.000000,0.9216,0.0000,0.000000,1.8947,0.42,5.12,5.97,5.17,0.007915,0.2117,-4.9115,0.008000,0.112212,0.3142,-0.522343,0.013223,0.014022,-58.766560406306,-1062.1416738206697,-519.8157542131471,136.49062012320385,-0.078561,0.030585,6317.9,6302.7,0.373196,0.800000,0.000000,0.5000,1.0000,,,,,
0.8640,1778836333.430441,72,1.701861,-0.011123,-0.005875,0.1426,-0.1821,0.036990,1.656153,0.008254,0.004123,0.1029,1.702232,-0.011133,-0.005815,0.0650,-0.0116,0.005466,0.896615,0.0000,1.702232,0.000000,-0.000000,5.0000,0.000000,1.656733,2834.3445,0,1,clay,1.0000,0.500000,0,0,0.000000,0.000000,0.000000,0,nan,0.00,0.000000,0.9254,0.0000,0.000000,1.9000,0.42,5.14,5.98,5.24,0.008254,0.2362,-4.8971,0.008000,0.054785,-0.6369,-0.503891,-0.022600,0.018201,-114.9191543897737,-243.14187006733576,-110.71358062487971,780.8988626474247,-0.015797,0.119076,6307.5,6313.0,0.391326,0.800000,0.000000,0.5000,1.0000,,,,,
0.8760,1778836333.442322,73,1.677286,-0.039782,0.007457,0.0731,0.0313,0.033822,1.657674,0.008574,0.004530,0.1250,1.677674,-0.039728,0.007525,0.0679,-0.0064,0.006269,0.939348,0.0000,1.677674,0.000000,-0.000000,5.0000,0.000000,1.571718,2829.8988,0,1,clay,1.0000,0.500000,0,0,0.000000,0.000000,0.000000,0,nan,0.00,0.000000,0.9289,0.0000,0.000000,1.9000,0.41,5.15,5.98,5.18,0.008574,0.2595,-4.8750,0.008000,0.079709,0.3609,-0.502540,-0.013776,0.020747,-124.13809035973954,2051.5902449288546,-201.88685384427663,702.349620760575,-0.045665,0.106357,6296.6,6324.0,0.410389,0.800000,0.000000,0.5000,1.0000,,,,,
0.8880,1778836333.454342,74,1.609708,-0.000630,0.002140,0.1387,-0.0962,0.041276,1.659395,0.009006,0.004976,0.1415,1.610186,-0.000629,0.002217,0.0829,-0.0140,0.007110,0.979242,0.0000,1.610186,0.000000,0.000000,5.0000,0.000000,1.487310,2825.4060,0,1,clay,1.0000,0.500000,0,0,0.000000,0.000000,0.000000,0,nan,0.00,0.000000,0.9324,0.0000,0.000000,1.9000,0.41,5.15,5.97,5.18,0.009006,0.2851,-4.8585,0.008000,0.116072,0.0741,-0.491228,-0.034017,0.024437,-38.01161454988189,-66.4467342781571,-48.990219126820705,846.7652604558418,-0.025043,0.149535,6286.3,6334.2,0.428229,0.800000,0.000000,0.5000,1.0000,,,,,
0.9000,1778836333.466468,75,1.730736,-0.041738,-0.000713,0.1893,-0.0744,0.043553,1.661318,0.009654,0.005463,0.1586,1.731345,-0.041760,-0.000626,0.1049,-0.0181,0.007942,1.017939,0.0000,1.731345,0.000000,-0.000000,5.0000,0.000000,1.406852,2821.6987,0,1,clay,1.0000,0.500000,0,0,0.000000,0.000000,0.000000,0,nan,0.00,0.000000,0.9356,0.0000,0.000000,1.9000,0.41,5.15,5.98,5.15,0.009654,0.3130,-4.8414,0.008000,0.149680,-0.1969,-0.472374,-0.051495,0.028002,-65.37897864814616,1182.4341357585129,24.336866248199073,908.6792352218545,-0.018262,0.177225,6276.4,6344.1,0.445532,0.800000,0.000000,0.5000,1.0000,,,,,
0.9120,1778836333.478464,76,1.524917,0.018049,0.012026,0.1977,-0.1099,0.038133,1.663508,0.010219,0.005883,0.1854,1.525642,0.017985,0.012117,0.1242,-0.0247,0.008268,1.054834,0.0000,1.525642,0.000000,0.000000,5.0000,0.000000,1.326642,2817.9303,0,1,clay,1.0000,0.500000,0,0,0.000000,0.000000,0.000000,0,nan,0.00,0.000000,0.9387,0.0000,0.000000,1.9000,0.41,5.15,5.98,5.11,0.010219,0.3371,-4.8146,0.008000,0.166026,0.2952,-0.455082,-0.077516,0.028703,-414.1128024751784,1210.2702705934562,151.21642726793556,986.9412308348408,0.004317,0.209125,6267.0,6353.6,0.462032,0.800000,0.000000,0.5000,1.0000,,,,,
0.9240,1778836333.490433,77,1.611781,-0.095128,0.000293,0.2367,0.0227,0.014734,1.666148,0.010130,0.006021,0.2309,1.612643,-0.095155,0.000375,0.1474,-0.0178,0.007492,1.089899,0.0000,1.612643,0.000000,0.000000,5.0000,0.000000,1.254733,2816.1925,0,1,clay,1.0000,0.500000,0,0,0.000000,0.000000,0.000000,0,nan,0.00,0.000000,0.9416,0.0000,0.000000,1.9000,0.42,5.14,5.97,5.12,0.010130,0.3450,-4.7691,0.008000,0.118505,0.4031,-0.435275,-0.057484,0.025610,-485.31313423596526,-37.352292182148155,104.34688317604679,849.5250098805614,-0.014381,0.170450,6258.0,6362.6,0.477729,0.800000,0.000000,0.5000,1.0000,,,,,
0.9360,1778836333.502428,78,1.707322,-0.108463,0.006424,0.3460,0.0806,0.016766,1.669124,0.010358,0.006263,0.2534,1.708422,-0.108395,0.006500,0.1873,-0.0068,0.007067,1.117028,0.0000,1.708422,0.000000,-0.000000,5.0000,0.000000,1.189505,2813.8257,0,1,clay,1.0000,0.500000,0,0,0.000000,0.000000,0.000000,0,nan,0.00,0.000000,0.9444,0.0000,0.000000,1.9000,0.42,5.13,5.97,5.06,0.010358,0.3589,-4.7466,0.008000,0.201958,0.1782,-0.397546,-0.036269,0.023153,-199.2348955641086,-78.36367921904136,-44.91856907073071,660.9530466384274,-0.053089,0.118144,6251.0,6369.6,0.489894,0.800000,0.000000,0.5000,1.0000,,,,,
0.9480,1778836333.514383,79,1.690605,-0.004877,0.008892,0.2982,-0.0611,0.040736,1.672475,0.011044,0.006700,0.2934,1.691838,-0.004830,0.008977,0.2102,-0.0111,0.007790,1.149083,0.0000,1.691838,0.000000,-0.000000,5.0000,0.000000,1.117226,2809.2648,0,1,clay,1.0000,0.500000,0,0,0.000000,0.000000,0.000000,0,nan,0.00,0.000000,0.9471,0.0000,0.000000,1.9000,0.42,5.13,5.96,5.12,0.011044,0.3839,-4.7066,0.008000,0.066600,0.1500,-0.379595,-0.045314,0.024681,-407.95087610538826,337.0198002702297,21.581824580625636,740.3233251709582,-0.044285,0.145299,6242.8,6377.8,0.504229,0.800000,0.000000,0.5000,1.0000,,,,,
0.9600,1778836333.526452,80,1.664209,0.079552,0.000031,0.2754,-0.0977,0.032204,1.676218,0.011575,0.007090,0.3160,1.665526,0.079530,0.000117,0.2243,-0.0179,0.007848,1.175468,0.0000,1.665526,0.000000,-0.000000,5.0000,0.000000,1.047977,2808.2909,0,1,clay,1.0000,0.500000,0,0,0.000000,0.000000,0.000000,0,nan,0.00,0.000000,0.9496,0.0000,0.000000,1.9000,0.42,5.13,5.97,5.13,0.011575,0.4062,-4.6840,0.008000,0.095598,-0.3113,-0.368283,-0.044786,0.024928,-348.1939782977439,-702.6594560351809,145.59137651459866,813.9790086515546,-0.017776,0.175312,6236.0,6384.6,0.516069,0.800000,0.000000,0.5000,1.0000,,,,,
0.9720,1778836333.538445,81,1.647252,-0.044476,-0.006601,0.3832,0.0033,0.030125,1.680240,0.012041,0.007435,0.3453,1.648762,-0.044472,-0.006514,0.2566,-0.0141,0.007946,1.204477,0.0000,1.648762,0.000000,0.000000,5.0000,0.000000,0.985734,2804.7630,0,1,clay,1.0000,0.500000,0,0,0.000000,0.000000,0.000000,0,nan,0.00,0.000000,0.9521,0.0000,0.000000,1.9000,0.42,5.14,5.98,5.18,0.012041,0.4260,-4.6547,0.008000,0.109964,-0.0763,-0.340252,-0.018974,0.024504,-420.45056384148165,2561.9619051053437,96.04888853068496,752.7256538060672,-0.034165,0.160128,6228.5,6392.0,0.529058,0.800000,0.000000,0.5000,1.0000,,,,,
0.9840,1778836333.550394,82,1.766561,-0.023394,0.004034,0.3720,-0.0051,0.029149,1.684646,0.012584,0.007773,0.3804,1.768215,-0.023354,0.004121,0.2805,-0.0118,0.007958,1.232110,0.0000,1.768215,-0.000000,-0.000000,5.0000,0.000000,0.924950,2802.1388,0,1,clay,1.0000,0.500000,0,0,0.000000,0.000000,0.000000,0,nan,0.00,0.000000,0.9544,0.0000,0.000000,1.9000,0.42,5.14,5.97,5.13,0.012584,0.4454,-4.6196,0.008000,0.041848,-0.2359,-0.320803,-0.018199,0.023770,-395.8386324170313,1728.8194734617414,62.8717002409724,707.6645161623155,-0.043555,0.150347,6221.4,6399.1,0.541421,0.800000,0.000000,0.5000,1.0000,,,,,
0.9960,1778836333.562425,83,1.672747,0.043136,0.008800,0.4053,0.0455,0.028597,1.689412,0.013173,0.008088,0.4081,1.674551,0.043243,0.008886,0.3062,-0.0052,0.008028,1.258371,0.0000,1.674551,0.000000,-0.000000,5.0000,0.000000,0.864541,2800.8760,0,1,clay,1.0000,0.500000,0,0,0.000000,0.000000,0.000000,0,nan,0.00,0.000000,0.9565,0.0000,0.000000,1.9000,0.42,5.12,5.95,5.04,0.013173,0.4634,-4.5919,0.008000,0.045734,0.3364,-0.299216,0.002574,0.023198,-453.5557631874896,-831.4491099317015,-87.3476468517521,600.9338825211756,-0.070276,0.122856,6214.7,6405.9,0.553180,0.800000,0.000000,0.5000,1.0000,,,,,
1.0080,1778836333.574483,84,1.646362,-0.043880,0.005377,0.4629,0.0371,0.025081,1.694550,0.013734,0.008366,0.4376,1.648355,-0.043742,0.005462,0.3380,-0.0007,0.007883,1.267398,0.0000,1.648355,0.000000,0.000000,5.0000,0.000000,0.827118,2799.6635,0,1,clay,1.0000,0.500000,0,0,0.000000,0.000000,0.000000,0,nan,0.00,0.000000,0.9586,0.0000,0.000000,1.9000,0.42,5.12,5.96,5.12,0.013734,0.4793,-4.5624,0.008000,0.134992,0.2985,-0.271308,0.016079,0.021657,-299.6574717672987,160.41713456347793,-198.72147333422203,500.4733900941277,-0.086397,0.101442,6212.3,6408.3,0.557326,0.800000,0.000000,0.5000,1.0000,,,,,
1.0200,1778836333.586360,85,1.786555,-0.029992,0.009882,0.4766,0.0023,0.023267,1.700063,0.014311,0.008636,0.4731,1.788716,-0.029844,0.009963,0.3665,-0.0003,0.007607,1.291816,0.0000,1.788716,-0.000000,-0.000000,5.0000,0.000000,0.782271,2797.7001,0,1,clay,1.0000,0.500000,0,0,0.000000,0.000000,0.000000,0,nan,0.00,0.000000,0.9606,0.0000,0.000000,1.9000,0.42,5.12,5.96,5.10,0.014311,0.4948,-4.5269,0.008000,0.216198,-0.1755,-0.246711,0.024029,0.021347,-300.748161419561,-185.82744322866654,-191.97609631681559,463.7750812694402,-0.084883,0.096293,6206.1,6414.5,0.568206,0.795654,0.000000,0.5000,1.0000,,,,,
1.0320,1778836333.598317,86,1.684754,-0.037498,0.002692,0.4328,0.0175,0.017651,1.705978,0.014857,0.008866,0.5068,1.686997,-0.037360,0.002768,0.3809,0.0014,0.007117,1.315076,0.0000,1.686997,0.000000,-0.000000,5.0000,0.000000,0.735569,2796.0384,0,1,clay,1.0000,0.500000,0,0,0.000000,0.000000,0.000000,0,nan,0.00,0.000000,0.9625,0.0000,0.000000,1.9000,0.42,5.11,5.94,5.05,0.014857,0.5080,-4.4932,0.008000,0.062405,0.0898,-0.235886,0.022181,0.020073,-354.55741179071185,-540.0429025406402,-207.59093695189617,384.95648960542707,-0.086055,0.082620,6200.1,6420.5,0.578598,0.800000,0.000000,0.5000,1.0000,,,,,
1.0440,1778836333.610381,87,1.675957,-0.005764,0.002714,0.4691,-0.0454,0.015199,1.712312,0.015405,0.009048,0.5400,1.678305,-0.005674,0.002784,0.3996,-0.0030,0.006488,1.337222,0.0000,1.678305,0.000000,-0.000000,5.0000,0.000000,0.684428,2794.4445,0,1,clay,1.0000,0.500000,0,0,0.000000,0.000000,0.000000,0,nan,0.00,0.000000,0.9643,0.0000,0.000000,1.9000,0.41,5.10,5.92,5.04,0.015405,0.5184,-4.4600,0.008000,0.131016,-0.2574,-0.220018,0.000967,0.016434,-329.8656120738441,2450.6186909922585,-49.96002937636236,437.38595335667037,-0.061286,0.094137,6194.4,6426.1,0.588506,0.788831,0.000000,0.5000,1.0000,,,,,
1.0560,1778836333.622422,88,1.682023,-0.009301,0.010167,0.5467,-0.0107,0.013553,1.719040,0.016040,0.009262,0.5729,1.684544,-0.009204,0.010230,0.4297,-0.0034,0.005947,1.358225,0.0000,1.684544,0.000000,-0.000000,5.0000,0.000000,0.631899,2793.1191,0,1,clay,1.0000,0.500000,0,0,0.000000,0.000000,0.000000,0,nan,0.00,0.000000,0.9660,0.0000,0.000000,1.9000,0.41,5.09,5.91,5.02,0.016040,0.5306,-4.4271,0.008000,0.060026,0.0236,-0.193221,0.006552,0.017693,-175.87267289282752,-1731.014776019821,-12.482446103394864,406.52659410009386,-0.053651,0.089013,6189.0,6431.5,0.597916,0.750368,0.000000,0.5000,1.0000,,,,,
1.0680,1778836333.634372,89,1.602155,0.008479,0.001610,0.6292,0.1020,0.010854,1.726144,0.016692,0.009446,0.6026,1.604900,0.008634,0.001668,0.4700,0.0068,0.005568,1.378092,0.0000,1.604900,0.000000,0.000000,5.0000,0.000000,0.581436,2791.8361,0,1,clay,1.0000,0.500000,0,0,0.000000,0.000000,0.000000,0,nan,0.00,0.000000,0.9677,0.0000,0.000000,1.9000,0.40,5.08,5.89,5.07,0.016692,0.5412,-4.3974,0.008000,0.133453,0.0405,-0.155690,0.031072,0.012133,-25.492596665182262,1423.0332615892696,-264.23543502433904,227.9006685043028,-0.089234,0.039665,6183.9,6436.7,0.606834,0.713033,0.000000,0.5000,1.0000,,,,,
1.0800,1778836333.646331,90,1.787656,0.092919,0.013739,0.6378,-0.0123,0.010565,1.733555,0.017319,0.009592,0.6279,1.790596,0.093080,0.013792,0.5041,0.0044,0.005038,1.396922,0.0000,1.790596,-0.000000,-0.000000,5.0000,0.000000,0.531504,2792.0715,0,1,clay,1.0000,0.500000,0,0,0.000000,0.000000,0.000000,0,nan,0.00,0.000000,0.9692,0.0000,0.000000,1.9000,0.40,5.09,5.89,5.14,0.017319,0.5496,-4.3721,0.008000,0.164110,1.1149,-0.124544,0.024177,0.011423,-15.662919657841996,1086.100122556069,-177.35286894251823,239.2090698004053,-0.073776,0.043725,6179.1,6441.5,0.615282,0.716431,0.000000,0.5000,1.0000,,,,,
1.0920,1778836333.658487,91,1.744642,0.016723,0.003436,0.7038,0.0197,0.013607,1.741295,0.018065,0.009770,0.6556,1.747833,0.016866,0.003490,0.5445,0.0057,0.005064,1.414740,0.0000,1.747833,0.000000,-0.000000,5.0000,0.000000,0.469511,2777.1676,0,1,clay,1.0000,0.500000,0,0,0.000000,0.000000,0.000000,0,nan,0.00,0.000000,0.9707,0.0000,0.000000,1.9000,0.41,5.10,5.91,5.11,0.018065,0.5598,-4.3444,0.008000,0.083590,-0.0848,-0.087073,0.023574,0.010105,-112.7498579898269,1177.6505194833994,-191.08631084642167,219.88349300981602,-0.070397,0.034188,6174.5,6446.1,0.623274,0.685085,0.000000,0.5361,1.0000,,,,,
1.1040,1778836333.670352,92,1.793422,0.048310,0.006009,0.6840,0.0482,0.015602,1.749337,0.018862,0.009958,0.6811,1.796784,0.048497,0.006064,0.5732,0.0097,0.005254,1.423488,0.0000,1.796784,-0.000000,-0.000000,5.0000,0.000000,0.415438,2769.5833,0,1,clay,1.0000,0.500000,0,0,0.000000,0.000000,0.000000,0,nan,0.00,0.000000,0.9721,0.0000,0.000000,1.9000,0.41,5.09,5.91,5.07,0.018862,0.5705,-4.3189,0.008000,0.068981,-0.2109,-0.061086,0.024124,0.008937,-80.93351468819282,979.9830621484709,-270.5066585190899,189.59724739969315,-0.078861,0.018797,6172.2,6448.4,0.627297,0.700998,0.000000,0.5648,1.0000,,,,,
1.1160,1778836333.682282,93,1.806543,-0.005879,0.012765,0.6288,0.0747,0.014258,1.757648,0.019693,0.010138,0.7020,1.809968,-0.005621,0.012819,0.5856,0.0157,0.005319,1.439264,0.0000,1.809968,-0.000000,-0.000000,5.0000,0.000000,0.362607,2764.9243,0,1,clay,1.0000,0.500000,0,0,0.000000,0.000000,0.000000,0,nan,0.00,0.000000,0.9734,0.0000,0.000000,1.9000,0.40,5.09,5.90,5.10,0.019693,0.5809,-4.2980,0.008000,0.114174,0.3733,-0.049589,0.031258,0.009334,48.64990095795284,1283.318311449788,-382.8930680721719,148.84041370656203,-0.094760,-0.002060,6168.1,6452.5,0.634406,0.737900,0.000000,0.5772,1.0000,,,,,
1.1280,1778836333.694514,94,1.757852,-0.011410,0.010737,0.7108,0.0507,0.019222,1.766180,0.020712,0.010395,0.7212,1.761458,-0.011130,0.010795,0.6115,0.0183,0.005707,1.432679,0.0000,1.761458,-0.000000,-0.000000,5.0000,0.000000,0.318380,2758.3496,0,1,clay,1.0000,0.500000,0,0,0.000000,0.000000,0.000000,0,nan,0.00,0.000000,0.9747,0.0000,0.000000,1.9000,0.42,5.10,5.95,5.15,0.020712,0.5956,-4.2788,0.008000,0.082559,0.0007,-0.026161,0.034268,0.009644,114.55513605644504,300.10046847430704,-413.2387063231117,133.9221219456157,-0.099125,-0.007309,6169.7,6450.9,0.631629,0.715430,0.000000,0.6030,1.0000,,,,,
1.1400,1778836333.706287,95,1.745784,-0.036429,0.019702,0.7511,0.0379,0.014139,1.774952,0.021663,0.010588,0.7426,1.749552,-0.036107,0.019760,0.6402,0.0193,0.005776,1.443224,0.0000,1.749552,0.000000,-0.000000,5.0000,0.000000,0.259363,2750.8640,0,1,clay,1.0000,0.500000,0,0,0.000000,0.000000,0.000000,0,nan,0.00,0.000000,0.9759,0.0000,0.000000,1.9000,0.42,5.10,5.93,5.06,0.021663,0.6066,-4.2574,0.008000,0.008798,0.9294,0.000172,0.033492,0.009527,89.45819401403554,908.6025373402225,-411.09584268718504,123.915325966924,-0.094779,-0.009821,6166.9,6453.6,0.636402,0.709732,0.000000,0.6317,1.0000,,,,,
1.1520,1778836333.718412,96,1.806500,0.000540,0.006956,0.7841,0.0554,0.013294,1.783951,0.022617,0.010750,0.7601,1.810441,0.000833,0.007013,0.6697,0.0222,0.005851,1.444250,0.0000,1.810441,-0.000000,-0.000000,5.0000,0.000000,0.200234,2743.5792,0,1,clay,1.0000,0.500000,0,0,0.000000,0.000000,0.000000,0,nan,0.00,0.000000,0.9771,0.0000,0.000000,1.9000,0.41,5.10,5.93,5.13,0.022617,0.6160,-4.2399,0.008000,0.078380,0.2019,0.027449,0.041621,0.009561,-135.65253936438026,190.51642363163376,-427.83621638390514,100.42153819259451,-0.095362,-0.017123,6166.6,6454.0,0.637011,0.709526,0.000000,0.6612,1.0000,,,,,
1.1640,1778836333.730407,97,1.937741,-0.028083,0.011684,0.7538,-0.0224,0.010858,1.793162,0.023551,0.010879,0.7786,1.941792,-0.027827,0.011739,0.6877,0.0156,0.005523,1.455513,0.0000,1.941792,-0.000000,0.000000,5.0000,0.000000,0.142350,2738.9068,0,1,clay,1.0000,0.500000,0,0,0.000000,0.000000,0.000000,0,nan,0.00,0.000000,0.9782,0.0000,0.000000,1.9000,0.41,5.10,5.93,5.09,0.023551,0.6233,-4.2214,0.008000,0.204196,0.0492,0.043279,0.030046,0.008708,-138.5610841556286,591.2042807540299,-334.2245346592886,135.13020480454549,-0.073502,-0.001759,6163.7,6456.9,0.642138,0.727706,0.000000,0.6791,1.0000,,,,,
1.1760,1778836333.742392,98,1.843157,-0.005123,0.001666,0.8665,0.0063,0.009471,1.802586,0.024526,0.011024,0.7951,1.847425,-0.004929,0.001718,0.7241,0.0137,0.005348,1.463284,0.0000,1.847425,-0.000000,-0.000000,5.0000,0.000000,0.071511,2730.3323,0,1,clay,1.0000,0.500000,0,0,0.000000,0.000000,0.000000,0,nan,0.00,0.000000,0.9792,0.0000,0.000000,1.9000,0.42,5.10,5.93,5.08,0.024526,0.6316,-4.2049,0.008000,0.188884,-0.0320,0.077570,0.016614,0.007831,-173.38284183913203,586.3637754409658,-295.13442895166656,136.26622326637997,-0.062067,0.001339,6161.6,6459.0,0.645721,0.696956,0.000000,0.7154,1.0000,,,,,
1.1880,1778836333.754972,99,1.847733,-0.095188,0.004412,0.8702,0.1006,0.014798,1.812234,0.025596,0.011193,0.8146,1.852173,-0.094905,0.004466,0.7540,0.0232,0.005770,1.463813,0.0000,1.852173,-0.000000,-0.000000,5.0000,0.000000,0.009436,2724.8852,0,1,clay,1.0000,0.500000,0,0,0.000000,0.000000,0.000000,0,nan,0.00,0.000000,0.9802,0.0000,0.000000,1.9000,0.41,5.11,5.94,5.18,0.025596,0.6413,-4.1854,0.008000,0.190475,-0.5663,0.101538,0.031574,0.006494,-170.60660712053158,701.5617172470769,-410.36602537219943,77.22803843624851,-0.080167,-0.018508,6161.4,6459.2,0.646140,0.701532,0.000000,0.7453,1.0000,,,,,
1.2000,1778836333.766357,100,1.741144,0.055376,0.004953,0.9283,0.0609,0.013229,1.822098,0.026671,0.011353,0.8332,1.745806,0.055686,0.005007,0.7895,0.0265,0.005962,1.467688,0.0000,1.745806,0.000000,-0.000000,5.0000,0.000000,-0.063574,2717.5262,0,1,clay,1.0000,0.500000,0,0,0.000000,0.000000,0.000000,0,nan,0.00,0.000000,0.9812,0.0000,0.000000,1.8992,0.42,5.11,5.95,5.15,0.026671,0.6505,-4.1668,0.008000,0.071494,0.0548,0.094799,0.035185,0.005904,-181.54080038961905,599.8621013728955,-438.08298568201735,51.45461658577187,-0.081975,-0.023726,6160.3,6460.3,0.648013,0.686470,0.000000,0.7808,1.0000,,,,,
1.2120,1778836333.778399,101,1.848365,0.077583,0.005612,0.8462,-0.0160,0.012165,1.832188,0.027781,0.011512,0.8510,1.853097,0.077842,0.005665,0.8021,0.0196,0.005798,1.471896,0.0000,1.853097,-0.000000,-0.000000,5.0000,0.000000,-0.118042,2715.1938,0,1,clay,1.0000,0.500000,0,0,0.000000,0.000000,0.000000,0,nan,0.00,0.000000,0.9821,0.0000,0.000000,1.8978,0.41,5.12,5.94,5.14,0.027781,0.6596,-4.1490,0.008000,0.027516,-0.0560,0.077909,0.020485,0.005110,-152.9656663357443,368.05011723088916,-371.77541640247534,90.85474394535825,-0.065919,-0.009847,6159.1,6461.5,0.650063,0.719837,0.000000,0.7934,1.0000,,,,,
1.2240,1778836333.790289,102,1.853942,0.007995,0.015216,0.9151,0.0503,0.013594,1.842469,0.028955,0.011689,0.8658,1.858807,0.008321,0.015270,0.8257,0.0223,0.005981,1.470567,0.0000,1.858807,-0.000000,-0.000000,5.0000,0.000000,-0.164827,2709.4299,0,1,clay,1.0000,0.500000,0,0,0.000000,0.000000,0.000000,0,nan,0.00,0.000000,0.9829,0.0000,0.000000,1.8958,0.40,5.12,5.93,5.15,0.028955,0.6697,-4.1342,0.008000,0.017871,0.1068,0.087417,0.019161,0.005403,-136.91856625350619,599.2465806226487,-396.6610053297241,72.68313982114536,-0.068645,-0.014127,6159.4,6461.2,0.649619,0.705868,0.000000,0.8170,1.0000,,,,,
1.2360,1778836333.802349,103,1.857005,0.043255,0.002267,0.9742,0.0563,0.013188,1.852950,0.030099,0.011834,0.8842,1.862054,0.043541,0.002322,0.8561,0.0253,0.006161,1.467061,0.0000,1.862054,-0.000000,-0.000000,5.0000,0.000000,-0.213633,2703.7558,0,1,clay,1.0000,0.500000,0,0,0.000000,0.000000,0.000000,0,nan,0.00,0.000000,0.9838,0.0000,0.000000,1.8933,0.40,5.12,5.92,5.08,0.030099,0.6780,-4.1158,0.008000,0.061545,-0.5213,0.092612,0.021577,0.005485,-190.35276484974003,371.0724980765847,-419.08594220268003,50.85274004505695,-0.070984,-0.018685,6160.2,6460.4,0.648193,0.689293,0.000000,0.8474,1.0000,,,,,
1.2480,1778836333.814355,104,1.705520,0.027424,0.006661,0.9035,0.1048,0.010821,1.863665,0.031246,0.011966,0.9028,1.710630,0.027793,0.006714,0.8669,0.0338,0.006124,1.458990,0.0000,1.710630,0.000000,-0.000000,5.0000,0.000000,-0.240930,2701.6512,0,1,clay,1.0000,0.500000,0,0,0.000000,0.000000,0.000000,0,nan,0.00,0.000000,0.9845,0.0000,0.000000,1.8904,0.41,5.12,5.93,5.17,0.031246,0.6856,-4.0972,0.008000,0.123207,-0.7836,0.073703,0.033899,0.004915,-265.1118270866367,165.86999582410823,-471.61418055249743,-8.107949548685184,-0.083948,-0.034338,6162.2,6458.4,0.644757,0.716407,0.000000,0.8583,1.0000,,,,,
1.2600,1778836333.826329,105,1.907075,0.102766,0.012164,0.8798,0.0143,0.008935,1.874594,0.032403,0.012092,0.9202,1.912206,0.103123,0.012215,0.8710,0.0292,0.005735,1.450775,0.0000,1.912206,-0.000000,0.000000,5.0000,0.000000,-0.253230,2703.5308,0,1,clay,1.0000,0.500000,0,0,0.000000,0.000000,0.000000,0,nan,0.00,0.000000,0.9853,0.0000,0.000000,1.8873,0.40,5.14,5.94,5.23,0.032403,0.6928,-4.0798,0.008000,0.102841,0.2616,0.048275,0.024200,0.003526,-167.3466227256991,-1362.6518134566847,-423.23826854041897,19.626198294300266,-0.073800,-0.027343,6164.2,6456.4,0.641201,0.728357,0.000000,0.8624,1.0000,,,,,
1.2720,1778836333.838386,106,1.961377,0.052392,0.011553,0.9264,0.0277,0.013838,1.885734,0.033601,0.012239,0.9383,1.966594,0.052735,0.011604,0.8834,0.0272,0.005894,1.440605,0.0000,1.966594,-0.000000,0.000000,5.0000,0.000000,-0.258114,2699.5275,0,1,clay,1.0000,0.500000,0,0,0.000000,0.000000,0.000000,0,nan,0.00,0.000000,0.9860,0.0000,0.000000,1.8843,0.40,5.13,5.93,5.10,0.033601,0.7012,-4.0617,0.008000,0.091281,-0.0423,0.041525,0.026476,0.003405,-173.45943651976572,-36.98712408467378,-398.94565616365554,35.498888912832086,-0.069663,-0.022626,6166.8,6453.8,0.636744,0.718809,0.000000,0.8748,1.0000,,,,,
1.2840,1778836333.850307,107,1.967835,-0.055558,0.012675,0.9681,0.1045,0.009020,1.897120,0.034790,0.012367,0.9600,1.973154,-0.055151,0.012725,0.9015,0.0355,0.005800,1.448285,0.0000,1.973154,-0.000000,0.000000,5.0000,0.000000,-0.282576,2695.4794,0,1,clay,1.0000,0.500000,0,0,0.000000,0.000000,0.000000,0,nan,0.00,0.000000,0.9867,0.0000,0.000000,1.8809,0.40,5.14,5.94,5.20,0.034790,0.7086,-4.0400,0.008000,0.071397,0.5972,0.022486,0.041046,0.002534,-207.45186209542717,64.61075182029901,-463.8601578442175,-28.34224126556623,-0.080726,-0.037178,6164.8,6455.8,0.640147,0.709268,0.000000,0.8929,1.0000,,,,,
1.2960,1778836333.862372,108,1.870288,0.108895,0.010969,0.9139,0.0877,0.010057,1.908732,0.035972,0.012498,0.9774,1.875655,0.109326,0.011018,0.9055,0.0399,0.005712,1.443246,0.0000,1.875655,-0.000000,-0.000000,5.0000,0.000000,-0.299304,2697.7286,0,1,clay,1.0000,0.500000,0,0,0.000000,0.000000,0.000000,0,nan,0.00,0.000000,0.9873,0.0000,0.000000,1.8773,0.41,5.13,5.95,5.07,0.035972,0.7161,-4.0226,0.008000,0.208228,0.3395,-0.003451,0.042114,0.004148,-180.07415534257382,217.8208959363992,-487.080865576055,-62.84108004351815,-0.087115,-0.045052,6166.0,6454.5,0.637990,0.732503,0.000000,0.8969,1.0000,,,,,
1.3080,1778836333.874361,109,1.878652,-0.010432,0.010493,1.1022,0.0773,0.008930,1.920558,0.037144,0.012630,0.9954,1.884239,-0.009985,0.010541,0.9453,0.0429,0.005689,1.442366,0.0000,1.884239,-0.000000,-0.000000,5.0000,0.000000,-0.338534,2687.8612,0,1,clay,1.0000,0.500000,0,0,0.000000,0.000000,0.000000,0,nan,0.00,0.000000,0.9879,0.0000,0.000000,1.8732,0.40,5.13,5.94,5.13,0.037144,0.7236,-4.0046,0.008000,0.088447,0.2802,0.000432,0.049892,0.011548,-207.97591554601559,-33.34301032191689,-497.3049955909912,-89.2222350510964,-0.086141,-0.047596,6166.2,6454.3,0.637643,0.683843,0.000000,0.9367,1.0000,,,,,
1.3200,1778836333.886329,110,1.861778,0.095858,0.019052,0.9605,0.1321,0.009177,1.932609,0.038269,0.012749,1.0137,1.867398,0.096418,0.019099,0.9499,0.0520,0.005662,1.438860,0.0000,1.867398,-0.000000,-0.000000,5.0000,0.000000,-0.363653,2689.7327,0,1,clay,1.0000,0.500000,0,0,0.000000,0.000000,0.000000,0,nan,0.00,0.000000,0.9885,0.0000,0.000000,1.8688,0.41,5.12,5.95,5.09,0.038269,0.7305,-3.9863,0.008000,0.073007,0.7338,-0.008060,0.055694,-0.004236,-188.1378079774413,-321.3483319635848,-547.142407365335,-162.49117621827776,-0.099153,-0.062093,6167.1,6453.5,0.636200,0.729772,0.000000,0.9413,1.0000,,,,,
1.3320,1778836333.898383,111,1.981369,0.114380,0.019405,1.0433,0.0503,0.013199,1.944912,0.039448,0.012894,1.0357,1.987087,0.114922,0.019453,0.9696,0.0490,0.005931,1.441501,0.0000,1.987087,-0.000000,0.000000,5.0000,0.000000,-0.395202,2687.3066,0,1,clay,1.0000,0.500000,0,0,0.000000,0.000000,0.000000,0,nan,0.00,0.000000,0.9890,0.0000,0.000000,1.8641,0.40,5.13,5.93,5.13,0.039448,0.7388,-3.9643,0.008000,0.109125,0.2026,-0.011725,0.049635,-0.003489,-326.1225099427187,-84.39884432588673,-529.8901248566076,-133.38323897838706,-0.092680,-0.054647,6166.4,6454.2,0.637428,0.709609,0.000000,0.9610,1.0000,,,,,
1.3440,1778836333.910378,112,1.911286,0.095590,0.009084,1.1608,-0.0367,0.011829,1.957453,0.040611,0.013044,1.0546,1.917231,0.095973,0.009133,1.0082,0.0352,0.005948,1.439521,0.0000,1.917231,-0.000000,0.000000,5.0000,0.000000,-0.438439,2670.0050,0,1,clay,1.0000,0.500000,0,0,0.000000,0.000000,0.000000,0,nan,0.00,0.000000,0.9896,0.0000,0.000000,1.8588,0.40,5.13,5.93,5.15,0.040611,0.7474,-3.9454,0.008000,0.060630,0.3521,-0.003121,0.026661,-0.003436,-211.27651756327975,-138.03928944434034,-450.29644177258734,-37.945170982884505,-0.068485,-0.031370,6166.8,6453.7,0.636635,0.681044,0.000000,0.9997,1.0000,,,,,
1.3560,1778836333.922371,113,1.951861,0.039012,0.010252,1.1415,0.0194,0.015874,1.970219,0.041870,0.013261,1.0736,1.957962,0.039382,0.010305,1.0357,0.0313,0.006439,1.439385,0.0000,1.957962,-0.000000,0.000000,5.0000,0.000000,-0.469508,2631.9492,0,1,clay,1.0000,0.500000,0,0,0.000000,0.000000,0.000000,0,nan,0.00,0.000000,0.9901,0.0000,0.000000,1.8532,0.39,5.15,5.94,5.25,0.041870,0.7598,-3.9264,0.008000,0.154698,0.1676,0.014334,0.014183,-0.002034,-277.6657517050471,-738.0594916862755,-434.3603005693436,-12.651930812629558,-0.062185,-0.023177,6166.8,6453.8,0.636687,0.689059,0.000000,1.0271,1.0000,,,,,
1.3680,1778836333.934411,114,2.035402,0.123083,0.013965,1.1166,-0.0261,0.020681,1.983248,0.043122,0.013506,1.0968,2.041626,0.123420,0.014025,1.0530,0.0219,0.007198,1.443442,0.0000,2.041626,0.000000,0.000000,5.0000,0.000000,-0.497830,2611.9782,0,1,clay,1.0000,0.500000,0,0,0.000000,0.000000,0.000000,0,nan,0.00,0.000000,0.9905,0.0000,0.000000,1.8472,0.40,5.13,5.92,5.05,0.043122,0.7738,-3.9032,0.008000,0.039141,0.0674,0.028361,0.001025,-0.003583,-385.9336683171829,-708.4426713407913,-387.23757121079643,43.58950539529333,-0.050607,-0.006998,6165.7,6454.9,0.638564,0.696107,0.000000,1.0445,1.0000,,,,,
1.3800,1778836333.946396,115,1.918839,-0.019114,0.007374,1.0874,0.1638,0.021169,1.996545,0.044338,0.013739,1.1177,1.925097,-0.018677,0.007441,1.0613,0.0401,0.008196,1.440565,0.0000,1.925097,-0.000000,0.000000,5.0000,0.000000,-0.508499,2597.5389,0,1,clay,1.0000,0.500000,0,0,0.000000,0.000000,0.000000,0,nan,0.00,0.000000,0.9910,0.0000,0.000000,1.8411,0.40,5.12,5.91,5.06,0.044338,0.7872,-3.8823,0.008000,0.156087,-0.2761,0.025341,0.031150,0.000283,-338.68310207699557,-57.460492653917214,-504.1692658583463,-47.72528160489769,-0.076679,-0.029046,6166.4,6454.2,0.637364,0.707727,0.000000,1.0528,1.0000,,,,,
1.3920,1778836333.958414,116,1.949795,0.089085,0.008159,1.1539,0.0074,0.021785,2.010095,0.045613,0.013998,1.1398,1.956168,0.089489,0.008232,1.0809,0.0336,0.008851,1.445242,0.0000,1.956168,-0.000000,0.000000,5.0000,0.000000,-0.527860,2573.6155,0,1,clay,1.0000,0.500000,0,0,0.000000,0.000000,0.000000,0,nan,0.00,0.000000,0.9914,0.0000,0.000000,1.8348,0.40,5.11,5.91,5.04,0.045613,0.8020,-3.8602,0.008000,0.179109,-0.2948,0.026048,0.017819,0.004743,-310.67316368179735,-71.77939324169625,-485.2878909505261,-7.274330767073266,-0.068314,-0.017610,6165.2,6455.4,0.639457,0.693149,0.000000,1.0723,1.0000,,,,,
1.4040,1778836333.970235,117,2.021259,0.014864,0.017801,1.1424,0.0506,0.019453,2.023917,0.046885,0.014250,1.1618,2.027679,0.015338,0.017876,1.0945,0.0343,0.009244,1.449544,0.0000,2.027679,0.000000,0.000000,5.0000,0.000000,-0.544226,2554.4367,0,1,clay,1.0000,0.500000,0,0,0.000000,0.000000,0.000000,0,nan,0.00,0.000000,0.9918,0.0000,0.000000,1.8283,0.39,5.11,5.89,5.10,0.046885,0.8164,-3.8382,0.008000,0.114470,0.3559,0.036036,0.019844,0.011490,-329.85484708924093,-112.42125489738477,-496.6384224728513,-11.48340619716194,-0.068917,-0.017113,6164.1,6456.5,0.641401,0.700056,0.000000,1.0859,1.0000,,,,,
1.4160,1778836333.982386,118,1.962404,0.057696,0.016777,1.1862,0.0151,0.019215,2.037980,0.048084,0.014476,1.1816,1.968952,0.058137,0.016854,1.1138,0.0299,0.009492,1.442618,0.0000,1.968952,-0.000000,0.000000,5.0000,0.000000,-0.553119,2529.8470,0,1,clay,1.0000,0.500000,0,0,0.000000,0.000000,0.000000,0,nan,0.00,0.000000,0.9922,0.0000,0.000000,1.8216,0.40,5.10,5.90,5.04,0.048084,0.8294,-3.8184,0.008000,0.063619,0.3247,0.015826,0.004102,0.003372,-302.4972602905257,5.820998364928585,-474.3991552516833,11.97635804336241,-0.062616,-0.010458,6165.8,6454.8,0.638388,0.694281,0.000000,1.1053,1.0000,,,,,
1.4280,1778836333.994364,119,2.035982,0.102108,0.015858,1.2258,0.0777,0.019888,2.052311,0.049296,0.014708,1.2040,2.042667,0.102586,0.015937,1.1371,0.0352,0.009917,1.432704,0.0000,2.042667,0.000000,0.000000,5.0000,0.000000,-0.555637,2501.2262,0,1,clay,1.0000,0.500000,0,0,0.000000,0.000000,0.000000,0,nan,0.00,0.000000,0.9926,0.0000,0.000000,1.8150,0.40,5.12,5.93,5.24,0.049296,0.8427,-3.7960,0.008000,0.073766,-0.2182,0.034890,0.004986,0.004996,-250.82108634083062,-416.37239228533065,-495.87704846975475,-13.966447053016466,-0.068164,-0.015748,6168.3,6452.3,0.634034,0.685522,0.000000,1.1286,1.0000,,,,,
1.4400,1778836334.006385,120,2.056581,-0.028024,0.011705,1.1774,0.0172,0.019675,2.066884,0.050482,0.014951,1.2235,2.063352,-0.027600,0.011787,1.1466,0.0308,0.010065,1.429586,0.0000,2.063352,0.000000,0.000000,5.0000,0.000000,-0.553578,2486.4296,0,1,clay,1.0000,0.500000,0,0,0.000000,0.000000,0.000000,0,nan,0.00,0.000000,0.9930,0.0000,0.000000,1.8083,0.41,5.12,5.93,5.11,0.050482,0.8566,-3.7765,0.008000,0.153132,-0.4779,0.024344,0.002089,0.005829,-380.21580923871585,-598.0805619648972,-476.38026316629737,9.022575220595627,-0.062772,-0.009802,6169.1,6451.5,0.632670,0.700606,0.000000,1.1381,1.0000,,,,,
1.4520,1778836334.018321,121,2.069018,0.039226,0.015370,1.2374,0.1106,0.023185,2.081713,0.051676,0.015225,1.2460,2.075908,0.039753,0.015456,1.1658,0.0406,0.010780,1.434056,0.0000,2.075908,0.000000,0.000000,5.0000,0.000000,-0.564783,2462.1990,0,1,clay,1.0000,0.500000,0,0,0.000000,0.000000,0.000000,0,nan,0.00,0.000000,0.9933,0.0000,0.000000,1.8015,0.41,5.11,5.93,5.09,0.051676,0.8723,-3.7540,0.008000,0.080286,0.3233,0.005120,0.026753,0.005931,-378.21600574546954,-429.4175683048408,-527.9529849618634,-42.26729674531494,-0.074388,-0.019646,6168.0,6452.6,0.634640,0.686980,0.000000,1.1573,1.0000,,,,,
1.4640,1778836334.030315,122,2.190887,0.016763,0.017857,1.2704,0.0603,0.026159,2.096793,0.052955,0.015550,1.2662,2.197896,0.017324,0.017949,1.1877,0.0415,0.011637,1.431922,0.0000,2.197896,0.000000,-0.000000,5.0000,0.000000,-0.574293,2433.8862,0,1,clay,1.0000,0.500000,0,0,0.000000,0.000000,0.000000,0,nan,0.00,0.000000,0.9936,0.0000,0.000000,1.7946,0.41,5.13,5.94,5.21,0.052955,0.8910,-3.7338,0.008000,0.132370,0.3958,-0.000414,0.029611,0.004239,-286.30252599346574,-190.51948244927493,-537.225452870699,-42.80710362659545,-0.075571,-0.018102,6168.5,6452.1,0.633725,0.681773,0.000000,1.1792,1.0000,,,,,
1.4760,1778836334.042256,123,2.030857,0.004674,0.020361,1.3191,-0.0165,0.028792,2.112113,0.054262,0.015900,1.2858,2.038030,0.005197,0.020461,1.2148,0.0314,0.012536,1.427812,0.0000,2.038030,0.000000,0.000000,5.0000,0.000000,-0.583067,2399.3821,0,1,clay,1.0000,0.500000,0,0,0.000000,0.000000,0.000000,0,nan,0.00,0.000000,0.9939,0.0000,0.000000,1.7877,0.40,5.13,5.94,5.17,0.054262,0.9110,-3.7142,0.008000,0.169511,0.3218,0.008890,0.019066,-0.000006,-354.2608931083703,-202.77281639121708,-506.8544404792393,11.852089504969285,-0.064308,-0.003725,6169.5,6451.1,0.631936,0.674336,0.000000,1.2063,1.0000,,,,,
1.4880,1778836334.054363,124,2.094065,0.121242,0.019567,1.3097,0.0335,0.024018,2.127686,0.055493,0.016207,1.3078,2.101354,0.121756,0.019669,1.2348,0.0303,0.012838,1.429996,0.0000,2.101354,0.000000,0.000000,5.0000,0.000000,-0.599232,2377.7653,0,1,clay,1.0000,0.500000,0,0,0.000000,0.000000,0.000000,0,nan,0.00,0.000000,0.9942,0.0000,0.000000,1.7805,0.40,5.13,5.93,5.12,0.055493,0.9286,-3.6922,0.008000,0.147937,0.6478,0.020929,0.008540,0.003934,-410.9413258217041,-152.76058641415784,-509.60267740068355,12.756703036850865,-0.062331,-0.001764,6168.9,6451.6,0.632923,0.679036,0.000000,1.2263,1.0000,,,,,
1.5000,1778836334.066390,125,2.130723,0.069337,0.019378,1.3361,0.0529,0.023285,2.143526,0.056663,0.016487,1.3298,2.138140,0.069867,0.019482,1.2561,0.0322,0.013059,1.431942,0.0000,2.138140,0.000000,0.000000,5.0000,0.000000,-0.613288,2348.8351,0,1,clay,1.0000,0.500000,0,0,0.000000,0.000000,0.000000,0,nan,0.00,0.000000,0.9945,0.0000,0.000000,1.7731,0.40,5.13,5.93,5.12,0.056663,0.9446,-3.6702,0.008000,0.071339,0.5879,0.022110,0.017467,0.006822,-476.25293823841815,-525.6077607233751,-522.4183749611127,-2.6708401056815916,-0.063352,-0.003433,6168.4,6452.1,0.633825,0.673012,0.000000,1.2475,1.0000,,,,,
1.5120,1778836334.078322,126,2.155939,0.121634,0.009978,1.3610,0.0730,0.022418,2.159621,0.057784,0.016741,1.3510,2.163497,0.122127,0.010082,1.2780,0.0367,0.013197,1.434214,0.0000,2.163497,0.000000,-0.000000,5.0000,0.000000,-0.631075,2323.0943,0,1,clay,1.0000,0.500000,0,0,0.000000,0.000000,0.000000,0,nan,0.00,0.000000,0.9948,0.0000,0.000000,1.7655,0.40,5.12,5.93,5.09,0.057784,0.9592,-3.6490,0.008000,0.101111,-0.5055,0.030088,0.020557,0.003400,-473.8947494742113,172.42380059224777,-541.8736689640873,-32.471285538865175,-0.066746,-0.008005,6167.8,6452.7,0.634866,0.667548,0.000000,1.2695,1.0000,,,,,
1.5240,1778836334.090320,127,2.117576,0.071359,0.015233,1.3594,-0.0498,0.024434,2.175959,0.058957,0.017031,1.3697,2.125232,0.071797,0.015338,1.2953,0.0225,0.013340,1.413842,0.0000,2.125232,0.000000,0.000000,5.0000,0.000000,-0.623987,2299.7137,0,1,clay,1.0000,0.500000,0,0,0.000000,0.000000,0.000000,0,nan,0.00,0.000000,0.9950,0.0000,0.000000,1.7580,0.41,5.13,5.94,5.19,0.058957,0.9758,-3.6303,0.008000,0.037954,-0.1472,0.028806,0.004353,0.002447,-468.75012339151925,-63.24415992637972,-477.2472171230796,39.153167399257754,-0.051504,0.007394,6173.0,6447.6,0.625917,0.669688,0.000000,1.2869,1.0000,,,,,
1.5360,1778836334.102408,128,2.074058,0.035719,0.030257,1.3035,-0.0235,0.026129,2.192520,0.060089,0.017344,1.3888,2.081735,0.036224,0.030365,1.2985,0.0148,0.013618,1.411258,0.0000,2.081735,0.000000,0.000000,5.0000,0.000000,-0.619113,2295.4165,0,1,clay,1.0000,0.500000,0,0,0.000000,0.000000,0.000000,0,nan,0.00,0.000000,0.9953,0.0000,0.000000,1.7506,0.40,5.12,5.93,5.06,0.060089,0.9937,-3.6112,0.008000,0.110457,0.7637,0.009751,-0.009749,0.001979,-559.6312832685062,-355.2507513216352,-440.64611257173146,75.64597397166635,-0.044156,0.016174,6173.6,6446.9,0.624759,0.685468,0.000000,1.2901,1.0000,,,,,
1.5480,1778836334.114364,129,2.167028,0.040854,0.019415,1.3903,0.0229,0.025574,2.209311,0.061217,0.017655,1.4077,2.174807,0.041285,0.019524,1.3179,0.0153,0.013971,1.410925,0.0000,2.174807,0.000000,-0.000000,5.0000,0.000000,-0.621517,2271.0851,0,1,clay,1.0000,0.500000,0,0,0.000000,0.000000,0.000000,0,nan,0.00,0.000000,0.9955,0.0000,0.000000,1.7432,0.40,5.13,5.94,5.20,0.061217,1.0116,-3.5923,0.008000,0.063432,0.3794,0.019981,-0.003003,0.005446,-443.4405044790056,-53.331059643045705,-451.2750281654287,69.44599763497983,-0.044476,0.015932,6173.7,6446.8,0.624595,0.667020,0.000000,1.3095,1.0000,,,,,
1.5600,1778836334.126349,130,2.123363,0.070543,0.011641,1.4610,-0.0270,0.022233,2.226327,0.062277,0.017926,1.4269,2.131350,0.070867,0.011750,1.3472,0.0085,0.013841,1.409847,0.0000,2.131350,0.000000,0.000000,5.0000,0.000000,-0.631068,2235.6203,0,1,clay,1.0000,0.500000,0,0,0.000000,0.000000,0.000000,0,nan,0.00,0.000000,0.9957,0.0000,0.000000,1.7356,0.41,5.12,5.94,5.07,0.062277,1.0271,-3.5731,0.008000,0.072812,-0.2804,0.029605,-0.016095,0.007902,-526.6654643478396,10.042639837744282,-420.3386431291325,87.36798127493182,-0.036305,0.021961,6174.0,6446.6,0.624132,0.649457,0.000000,1.3388,1.0000,,,,,
1.5720,1778836334.138402,131,2.158168,-0.041105,0.012628,1.4018,0.1063,0.021325,2.243597,0.063363,0.018195,1.4479,2.166212,-0.040678,0.012735,1.3594,0.0225,0.013801,1.405791,0.0000,2.166212,0.000000,-0.000000,5.0000,0.000000,-0.633362,2219.7502,0,1,clay,1.0000,0.500000,0,0,0.000000,0.000000,0.000000,0,nan,0.00,0.000000,0.9959,0.0000,0.000000,1.7280,0.41,5.16,5.97,5.35,0.063363,1.0425,-3.5521,0.008000,0.171800,-0.3716,0.020135,-0.001528,0.003562,-705.8982980655601,-340.00174597726584,-486.58800449220394,23.600792494118892,-0.049085,0.007544,6175.0,6445.6,0.622363,0.661660,0.000000,1.3510,1.0000,,,,,
1.5840,1778836334.151006,132,2.263225,0.064342,0.016840,1.4177,0.0864,0.028140,2.261087,0.064482,0.018513,1.4650,2.271419,0.064873,0.016953,1.3723,0.0309,0.014450,1.394032,0.0000,2.271419,-0.000000,-0.000000,5.0000,0.000000,-0.629478,2205.1030,0,1,clay,1.0000,0.500000,0,0,0.000000,0.000000,0.000000,0,nan,0.00,0.000000,0.9961,0.0000,0.000000,1.7204,0.42,5.17,6.01,5.26,0.064482,1.0607,-3.5350,0.008000,0.115924,-0.2793,0.006389,0.017653,0.003961,-579.9929537077883,-502.36401370372937,-513.7854758347054,-6.669312576806632,-0.057798,0.000591,6178.0,6442.6,0.617193,0.659348,0.000000,1.3639,1.0000,,,,,
1.5960,1778836334.162345,133,2.339778,0.113026,0.014284,1.4973,0.0766,0.028008,2.278785,0.065583,0.018842,1.4822,2.348140,0.113583,0.014402,1.3981,0.0364,0.015071,1.392195,0.0000,2.348140,-0.000000,-0.000000,5.0000,0.000000,-0.633759,2175.4881,0,1,clay,1.0000,0.500000,0,0,0.000000,0.000000,0.000000,0,nan,0.00,0.000000,0.9963,0.0000,0.000000,1.7128,0.42,5.16,5.99,5.10,0.065583,1.0796,-3.5178,0.008000,0.116203,-0.3821,0.011948,0.021988,-0.000710,-487.7078464371633,-99.932228204694,-537.006284179252,-34.967485088789516,-0.062594,-0.003532,6178.4,6442.1,0.616374,0.641486,0.000000,1.3897,1.0000,,,,,
1.6080,1778836334.174332,134,2.293548,0.096961,0.016118,1.5741,0.0375,0.018530,2.296698,0.066577,0.019119,1.5008,2.302046,0.097515,0.016230,1.4337,0.0353,0.014570,1.388127,0.0000,2.302046,-0.000000,-0.000000,5.0000,0.000000,-0.641916,2132.2768,0,1,clay,1.0000,0.500000,0,0,0.000000,0.000000,0.000000,0,nan,0.00,0.000000,0.9965,0.0000,0.000000,1.7051,0.39,5.15,5.94,5.10,0.066577,1.0954,-3.4992,0.008000,0.035646,-0.2675,0.026167,0.024062,0.003026,-806.1315267062856,209.91852758093773,-532.7007798255155,-46.094452665703884,-0.058312,-0.003567,6179.5,6441.1,0.614574,0.625744,0.000000,1.4254,1.0000,,,,,
1.6200,1778836334.186403,135,2.205992,0.116382,0.022762,1.5352,-0.0124,0.016432,2.314834,0.067429,0.019324,1.5190,2.214624,0.116927,0.022867,1.4549,0.0267,0.013733,1.387117,0.0000,2.214624,0.000000,-0.000000,5.0000,0.000000,-0.652193,2108.0831,0,1,clay,1.0000,0.500000,0,0,0.000000,0.000000,0.000000,0,nan,0.00,0.000000,0.9966,0.0000,0.000000,1.6973,0.40,5.17,5.97,5.27,0.067429,1.1072,-3.4810,0.008000,0.086187,0.6509,0.025217,0.006323,-0.002304,-850.2063959626081,111.53461262569351,-504.438251872088,-22.88553353149851,-0.048199,0.002576,6179.7,6440.9,0.614152,0.634407,0.000000,1.4467,1.0000,,,,,
1.6320,1778836334.198415,136,2.458990,0.072534,0.027086,1.6286,-0.0465,0.017637,2.333205,0.068279,0.019530,1.5384,2.467878,0.073036,0.027187,1.4901,0.0146,0.013194,1.373759,0.0000,2.467878,-0.000000,0.000000,5.0000,0.000000,-0.654049,2065.0443,0,1,clay,1.0000,0.500000,0,0,0.000000,0.000000,0.000000,0,nan,0.00,0.000000,0.9968,0.0000,0.000000,1.6894,0.41,5.19,6.01,5.33,0.068279,1.1190,-3.4616,0.008000,0.204396,0.5967,0.045176,0.004731,0.001166,-647.62429122692,198.28261655352614,-446.23441383576807,19.77724608200343,-0.035563,0.012032,6183.1,6437.5,0.608290,0.610721,0.000000,1.4819,1.0000,,,,,
1.6440,1778836334.210374,137,2.427374,0.043596,0.029539,1.5635,0.0894,0.021081,2.351770,0.069182,0.019795,1.5538,2.436401,0.044199,0.029641,1.5059,0.0253,0.013293,1.370927,0.0000,2.436401,-0.000000,0.000000,5.0000,0.000000,-0.656916,2045.8586,0,1,clay,1.0000,0.500000,0,0,0.000000,0.000000,0.000000,0,nan,0.00,0.000000,0.9969,0.0000,0.000000,1.6816,0.41,5.20,6.02,5.20,0.069182,1.1342,-3.4462,0.008000,0.215962,-0.1253,0.058027,0.021002,-0.003021,-347.30444636654886,-385.815312851733,-492.73754632427625,-31.599936586625816,-0.044249,0.002709,6183.8,6436.8,0.607053,0.628893,0.000000,1.4977,1.0000,,,,,
1.6560,1778836334.222451,138,2.422743,0.027814,0.016913,1.5824,-0.0031,0.024551,2.370525,0.070087,0.020068,1.5696,2.431907,0.028274,0.017019,1.5224,0.0200,0.013676,1.368550,0.0000,2.431907,-0.000000,0.000000,5.0000,0.000000,-0.660102,2025.8758,0,1,clay,1.0000,0.500000,0,0,0.000000,0.000000,0.000000,0,nan,0.00,0.000000,0.9971,0.0000,0.000000,1.6736,0.42,5.20,6.04,5.22,0.070087,1.1498,-3.4304,0.008000,0.117867,-0.2296,0.055104,0.014698,-0.002569,-380.20579430263155,36.41073533513597,-477.40765068556493,-9.488114195275685,-0.039901,0.007922,6184.4,6436.2,0.606017,0.626867,0.000000,1.5141,1.0000,,,,,
1.6680,1778836334.234408,139,2.321708,0.055127,0.027164,1.5758,0.0974,0.014276,2.389487,0.070893,0.020268,1.5888,2.330945,0.055748,0.027263,1.5343,0.0309,0.012906,1.372280,0.0000,2.330945,-0.000000,-0.000000,5.0000,0.000000,-0.670277,2013.0245,0,1,clay,1.0000,0.500000,0,0,0.000000,0.000000,0.000000,0,nan,0.00,0.000000,0.9972,0.0000,0.000000,1.6656,0.42,5.19,6.04,5.14,0.070893,1.1612,-3.4112,0.008000,0.059231,0.8039,0.037812,0.032439,-0.005043,-493.9014190704778,582.5592291057469,-517.6209365122608,-73.72964359882633,-0.047148,-0.002922,6183.4,6437.1,0.607674,0.627593,0.000000,1.5260,1.0000,,,,,
1.6800,1778836334.246493,140,2.337256,0.019685,0.020283,1.6076,0.0561,0.016778,2.408674,0.071721,0.020464,1.6073,2.346612,0.020258,0.020379,1.5501,0.0335,0.012537,1.365999,0.0000,2.346612,-0.000000,-0.000000,5.0000,0.000000,-0.672886,1993.7893,0,1,clay,1.0000,0.500000,0,0,0.000000,0.000000,0.000000,0,nan,0.00,0.000000,0.9974,0.0000,0.000000,1.6575,0.43,5.20,6.07,5.25,0.071721,1.1725,-3.3927,0.008000,0.064600,0.3533,0.041852,0.030466,-0.002443,-301.6618333102239,547.6920948404586,-520.7742358036146,-91.81418854516642,-0.048026,-0.005779,6185.0,6435.6,0.604932,0.618150,0.000000,1.5418,1.0000,,,,,
1.6920,1778836334.258466,141,2.488413,0.080657,0.015099,1.6703,0.0987,0.020905,2.428063,0.072574,0.020686,1.6224,2.497940,0.081246,0.015196,1.5749,0.0421,0.012833,1.356999,0.0000,2.497940,-0.000000,0.000000,5.0000,0.000000,-0.674201,1966.5225,0,1,clay,1.0000,0.500000,0,0,0.000000,0.000000,0.000000,0,nan,0.00,0.000000,0.9975,0.0000,0.000000,1.6494,0.44,5.19,6.06,5.12,0.072574,1.1852,-3.3776,0.008000,0.080276,-0.1890,0.054987,0.041634,0.005325,-254.4118634917934,197.48981945427565,-542.4756471408871,-133.35084930741579,-0.054402,-0.012369,6187.3,6433.3,0.600968,0.606117,0.000000,1.5667,1.0000,,,,,
1.7040,1778836334.270360,142,2.418127,0.134034,0.026776,1.7594,-0.0405,0.021078,2.447645,0.073459,0.020929,1.6389,2.427845,0.134643,0.026875,1.6122,0.0280,0.012988,1.348595,0.0000,2.427845,-0.000000,0.000000,5.0000,0.000000,-0.678352,1926.5710,0,1,clay,1.0000,0.500000,0,0,0.000000,0.000000,0.000000,0,nan,0.00,0.000000,0.9976,0.0000,0.000000,1.6413,0.43,5.18,6.04,5.12,0.073459,1.1991,-3.3611,0.008000,0.070815,0.6226,0.066657,0.011134,-0.003650,-291.3969505268027,-108.41492111607292,-504.49233676854783,-76.63166842098491,-0.042030,-0.000505,6189.4,6431.2,0.597256,0.586454,0.000000,1.6040,1.0000,,,,,
1.7160,1778836334.282354,143,2.438039,0.075402,0.018119,1.6740,0.0511,0.018321,2.467428,0.074328,0.021126,1.6569,2.447811,0.075941,0.018216,1.6256,0.0305,0.012847,1.338017,0.0000,2.447811,-0.000000,0.000000,5.0000,0.000000,-0.672556,1908.6052,0,1,clay,1.0000,0.500000,0,0,0.000000,0.000000,0.000000,0,nan,0.00,0.000000,0.9977,0.0000,0.000000,1.6332,0.43,5.16,6.02,5.10,0.074328,1.2104,-3.3431,0.008000,0.031147,0.0248,0.045033,0.018182,-0.000825,-276.418732662628,632.6265431667372,-504.2160872554245,-87.05859967043517,-0.043215,-0.002776,6192.1,6428.5,0.592590,0.607287,0.000000,1.6175,1.0000,,,,,
1.7280,1778836334.294371,144,2.452377,-0.040904,0.013585,1.7169,-0.0014,0.013879,2.487442,0.075199,0.021303,1.6753,2.462245,-0.040459,0.013676,1.6448,0.0245,0.012136,1.333037,0.0000,2.462245,-0.000000,0.000000,5.0000,0.000000,-0.668679,1885.7559,0,1,clay,1.0000,0.500000,0,0,0.000000,0.000000,0.000000,0,nan,0.00,0.000000,0.9978,0.0000,0.000000,1.6252,0.43,5.17,6.02,5.21,0.075199,1.2206,-3.3247,0.008000,0.190053,-0.6105,0.043105,0.014907,-0.003242,-300.4714202534394,695.9218316990382,-479.1368352442698,-70.7505803376494,-0.036891,0.000762,6193.4,6427.2,0.590372,0.593432,0.000000,1.6368,1.0000,,,,,
1.7400,1778836334.306478,145,2.492396,0.088045,0.011788,1.7026,0.0771,0.017409,2.507654,0.076079,0.021499,1.6917,2.502390,0.088523,0.011878,1.6575,0.0316,0.012056,1.321226,0.0000,2.502390,0.000000,0.000000,5.0000,0.000000,-0.661207,1872.9828,0,1,clay,1.0000,0.500000,0,0,0.000000,0.000000,0.000000,0,nan,0.00,0.000000,0.9979,0.0000,0.000000,1.6173,0.44,5.19,6.06,5.29,0.076079,1.2318,-3.3083,0.008000,0.124554,-0.9579,0.022021,0.034721,-0.000500,-330.012118537052,118.49422036681196,-493.7648996912243,-100.33146401766845,-0.041813,-0.004948,6196.3,6424.2,0.585155,0.598018,0.000000,1.6495,1.0000,,,,,
1.7520,1778836334.318372,146,2.596619,0.165437,0.011776,1.7302,0.0595,0.017544,2.528059,0.076960,0.021697,1.7080,2.606754,0.165937,0.011867,1.6731,0.0347,0.011997,1.315765,0.0000,2.606754,0.000000,0.000000,5.0000,0.000000,-0.656967,1858.5450,0,1,clay,1.0000,0.500000,0,0,0.000000,0.000000,0.000000,0,nan,0.00,0.000000,0.9980,0.0000,0.000000,1.6094,0.44,5.19,6.07,5.19,0.076960,1.2432,-3.2920,0.008000,0.112544,-1.0997,0.022103,0.029233,-0.004951,-352.09887912940655,184.18564159779305,-501.69943464114914,-117.26844827597819,-0.043559,-0.007383,6197.7,6422.8,0.582732,0.593425,0.000000,1.6651,1.0000,,,,,
1.7640,1778836334.330337,147,2.481691,0.062914,0.026867,1.7009,-0.0061,0.011232,2.548675,0.077823,0.021850,1.7259,2.491854,0.063505,0.026951,1.6800,0.0271,0.011082,1.314702,0.0000,2.491854,-0.000000,0.000000,5.0000,0.000000,-0.654706,1847.8449,0,1,clay,1.0000,0.500000,0,0,0.000000,0.000000,0.000000,0,nan,0.00,0.000000,0.9981,0.0000,0.000000,1.6015,0.44,5.20,6.08,5.26,0.077823,1.2519,-3.2741,0.008000,0.106160,0.4859,0.012837,0.024271,-0.004715,-325.637419262347,439.30168575940786,-471.1140045153485,-93.1164229766243,-0.036356,-0.003003,6198.0,6422.6,0.582250,0.599234,0.000000,1.6720,1.0000,,,,,
1.7760,1778836334.342384,148,2.599815,0.132425,0.021891,1.7992,0.0416,0.011525,2.569524,0.078668,0.021980,1.7453,2.610137,0.132970,0.021970,1.7047,0.0284,0.010484,1.319019,0.0000,2.610137,0.000000,0.000000,5.0000,0.000000,-0.666401,1822.7235,0,1,clay,1.0000,0.500000,0,0,0.000000,0.000000,0.000000,0,nan,0.00,0.000000,0.9982,0.0000,0.000000,1.5935,0.44,5.20,6.08,5.22,0.078668,1.2594,-3.2547,0.008000,0.133752,-0.3818,0.025083,0.017666,-0.007746,-348.2340033404614,499.415972583033,-484.19405987185553,-118.9233438209801,-0.035730,-0.004884,6196.9,6423.6,0.584152,0.573162,0.000000,1.6966,1.0000,,,,,
1.7880,1778836334.354361,149,2.568365,0.102018,0.024477,1.6814,-0.0603,0.015034,2.590574,0.079531,0.022136,1.7613,2.578667,0.102487,0.024554,1.7017,0.0135,0.010250,1.314031,0.0000,2.578667,0.000000,0.000000,5.0000,0.000000,-0.665632,1824.6617,0,1,clay,1.0000,0.500000,0,0,0.000000,0.000000,0.000000,0,nan,0.00,0.000000,0.9983,0.0000,0.000000,1.5855,0.44,5.20,6.07,5.16,0.079531,1.2683,-3.2387,0.008000,0.099263,0.1630,0.006995,-0.000419,-0.004950,-351.2839563784764,-123.00945878871416,-414.462930930701,-48.41993637734373,-0.024716,0.005883,6198.2,6422.4,0.581980,0.602329,0.000000,1.6937,1.0000,,,,,
1.8000,1778836334.366401,150,2.700539,0.109055,0.029034,1.7986,0.0386,0.014048,2.611821,0.080404,0.022301,1.7775,2.710952,0.109594,0.029110,1.7219,0.0169,0.010126,1.306055,0.0000,2.710952,0.000000,-0.000000,5.0000,0.000000,-0.664131,1802.8751,0,1,clay,1.0000,0.500000,0,0,0.000000,0.000000,0.000000,0,nan,0.00,0.000000,0.9984,0.0000,0.000000,1.5776,0.44,5.26,6.14,5.65,0.080404,1.2778,-3.2225,0.008000,0.049140,0.7193,0.003376,-0.002557,-0.006424,-257.82101481198583,-83.20119870101492,-425.9825166013022,-67.25443302418181,-0.026580,0.003040,6200.2,6420.4,0.578455,0.577020,0.000000,1.7140,1.0000,,,,,
1.8120,1778836334.378368,151,2.651754,0.079302,0.022856,1.6956,-0.0210,0.009830,2.633278,0.081275,0.022426,1.7962,2.662261,0.079728,0.022927,1.7185,0.0104,0.009324,1.312064,0.0000,2.662261,0.000000,-0.000000,5.0000,0.000000,-0.667287,1805.3193,0,1,clay,1.0000,0.500000,0,0,0.000000,0.000000,0.000000,0,nan,0.00,0.000000,0.9985,0.0000,0.000000,1.5696,0.43,5.28,6.15,5.36,0.081275,1.2849,-3.2038,0.008000,0.090184,-0.3047,-0.036562,-0.000453,-0.005398,-298.97449992709437,441.20900570519234,-395.84746269014204,-48.29803812848724,-0.020874,0.006738,6198.7,6421.9,0.581123,0.600475,0.000000,1.7105,1.0000,,,,,
1.8240,1778836334.390348,152,2.580101,0.079438,0.025515,1.7688,0.0364,0.009943,2.654960,0.082142,0.022544,1.8141,2.590689,0.079912,0.025582,1.7298,0.0140,0.008830,1.311803,0.0000,2.590689,0.000000,0.000000,5.0000,0.000000,-0.672508,1793.1347,0,1,clay,1.0000,0.500000,0,0,0.000000,0.000000,0.000000,0,nan,0.00,0.000000,0.9985,0.0000,0.000000,1.5615,0.43,5.26,6.12,5.14,0.082142,1.2917,-3.1859,0.008000,0.030482,0.3446,-0.037662,0.005673,-0.003913,-304.32948874032576,412.09610548059624,-413.3504047493218,-74.49298288125814,-0.022595,0.003216,6198.7,6421.9,0.581019,0.581253,0.000000,1.7218,1.0000,,,,,
1.8360,1778836334.402460,153,2.647554,0.217416,0.025131,1.8641,-0.0225,0.011874,2.676842,0.083036,0.022691,1.8306,2.658294,0.217844,0.025197,1.7574,0.0079,0.008643,1.312257,0.0000,2.658294,0.000000,-0.000000,5.0000,0.000000,-0.685837,1770.1338,0,1,clay,1.0000,0.500000,0,0,0.000000,0.000000,0.000000,0,nan,0.00,0.000000,0.9986,0.0000,0.000000,1.5533,0.44,5.23,6.10,5.09,0.083036,1.3001,-3.1694,0.008000,0.252181,0.5868,-0.028795,0.000877,-0.004514,-322.01756500691283,-139.2100497960925,-395.5420770300111,-61.57702799128801,-0.017542,0.007285,6198.6,6422.0,0.581230,0.559841,0.000000,1.7493,1.0000,,,,,
1.8480,1778836334.414351,154,2.752569,0.055863,0.037053,1.7944,0.0890,0.011516,2.698921,0.083940,0.022837,1.8473,2.763321,0.056503,0.037118,1.7660,0.0202,0.008565,1.306045,0.0000,2.763321,-0.000000,-0.000000,5.0000,0.000000,-0.687163,1754.1920,0,1,clay,1.0000,0.500000,0,0,0.000000,0.000000,0.000000,0,nan,0.00,0.000000,0.9987,0.0000,0.000000,1.5450,0.44,5.24,6.12,5.30,0.083940,1.3085,-3.1527,0.008000,0.093353,1.3733,-0.031602,0.022046,0.005969,-280.9856376884134,117.37774106218447,-445.2560728925729,-116.69644940001768,-0.025895,-0.001791,6200.1,6420.4,0.578517,0.578561,0.000000,1.7580,1.0000,,,,,
1.8600,1778836334.426397,155,2.720192,0.170223,0.026627,1.8797,0.0711,0.007396,2.721209,0.084829,0.022943,1.8656,2.731103,0.170796,0.026686,1.7896,0.0275,0.007973,1.301737,0.0000,2.731103,0.000000,-0.000000,5.0000,0.000000,-0.692449,1732.5563,0,1,clay,1.0000,0.500000,0,0,0.000000,0.000000,0.000000,0,nan,0.00,0.000000,0.9987,0.0000,0.000000,1.5367,0.44,5.23,6.10,5.14,0.084829,1.3145,-3.1344,0.008000,0.053883,0.7769,-0.023137,0.017024,-0.007962,-498.10253218688695,385.2141922072102,-472.0665099674925,-161.13181727416168,-0.029607,-0.007776,6201.2,6419.3,0.576620,0.555580,0.000000,1.7816,1.0000,,,,,
1.8720,1778836334.438389,156,2.662464,0.002649,0.013913,1.8102,0.0061,0.012402,2.743708,0.085737,0.023072,1.8817,2.673381,0.003054,0.013973,1.7950,0.0232,0.008036,1.294364,0.0000,2.673381,0.000000,-0.000000,5.0000,0.000000,-0.686460,1721.0460,0,1,clay,1.0000,0.500000,0,0,0.000000,0.000000,0.000000,0,nan,0.00,0.000000,0.9988,0.0000,0.000000,1.5285,0.43,5.23,6.10,5.23,0.085737,1.3219,-3.1183,0.008000,0.070086,-0.8105,-0.024400,0.021203,-0.002408,-337.3321549549826,186.50015092953262,-448.3157505881832,-137.2882688805489,-0.026604,-0.004617,6203.1,6417.5,0.573374,0.572961,0.000000,1.7871,1.0000,,,,,
1.8840,1778836334.450423,157,2.789041,0.142877,0.014341,1.9659,0.0671,0.010949,2.766386,0.086676,0.023222,1.8972,2.800176,0.143331,0.014401,1.8296,0.0293,0.008019,1.284773,0.0000,2.800176,-0.000000,-0.000000,5.0000,0.000000,-0.686650,1687.6380,0,1,clay,1.0000,0.500000,0,0,0.000000,0.000000,0.000000,0,nan,0.00,0.000000,0.9989,0.0000,0.000000,1.5202,0.44,5.23,6.10,5.24,0.086676,1.3305,-3.1028,0.008000,0.008752,-0.4971,-0.014867,0.022880,-0.008329,-313.01857583618886,-2.9654822297808607,-471.2637349297572,-171.10171993933264,-0.030028,-0.008796,6205.5,6415.0,0.569124,0.538467,0.000000,1.8217,1.0000,,,,,
1.8960,1778836334.462326,158,2.828250,0.085946,0.031098,1.9946,0.0009,0.011452,2.789260,0.087606,0.023343,1.9138,2.839574,0.086554,0.031157,1.8630,0.0239,0.007997,1.279275,0.0000,2.839574,-0.000000,-0.000000,5.0000,0.000000,-0.690014,1650.9372,0,1,clay,1.0000,0.500000,0,0,0.000000,0.000000,0.000000,0,nan,0.00,0.000000,0.9989,0.0000,0.000000,1.5119,0.43,5.20,6.07,5.05,0.087606,1.3375,-3.0862,0.008000,0.083003,0.3162,0.022074,0.030163,-0.002144,-311.8424084760766,269.55356472494907,-456.9932879397421,-157.4463306400675,-0.025782,-0.005022,6206.9,6413.6,0.566696,0.532745,0.000000,1.8552,1.0000,,,,,
1.9080,1778836334.474338,159,2.865142,0.084105,0.022231,1.9246,0.0636,0.009093,2.812356,0.088546,0.023459,1.9328,2.876505,0.084646,0.022288,1.8764,0.0293,0.007738,1.282428,0.0000,2.876505,-0.000000,-0.000000,5.0000,0.000000,-0.698826,1636.4693,0,1,clay,1.0000,0.500000,0,0,0.000000,0.000000,0.000000,0,nan,0.00,0.000000,0.9990,0.0000,0.000000,1.5036,0.43,5.21,6.08,5.23,0.088546,1.3441,-3.0672,0.008000,0.038260,-0.4522,0.016045,0.031094,-0.007272,-531.5370128917823,136.22358448657045,-483.22523319652294,-192.3200125107141,-0.028723,-0.008995,6206.1,6414.4,0.568089,0.544772,0.000000,1.8686,1.0000,,,,,
1.9200,1778836334.486355,160,2.814421,0.001543,0.028892,1.9703,0.0273,0.011816,2.835633,0.089490,0.023598,1.9455,2.825918,0.002156,0.028949,1.8960,0.0280,0.007837,1.267192,0.0000,2.825918,-0.000000,-0.000000,5.0000,0.000000,-0.693544,1614.6656,0,1,clay,1.0000,0.500000,0,0,0.000000,0.000000,0.000000,0,nan,0.00,0.000000,0.9990,0.0000,0.000000,1.4952,0.44,5.20,6.08,5.16,0.089490,1.3521,-3.0545,0.008000,0.086793,0.2883,0.038576,0.035597,-0.004432,-277.7691774585743,-502.5178785945693,-467.0615839774215,-180.29635031183983,-0.027653,-0.007911,6210.0,6410.6,0.561389,0.538164,0.000000,1.8883,1.0000,,,,,
1.9320,1778836334.498409,161,2.905966,0.034707,0.017501,1.9238,0.0799,0.012248,2.859074,0.090480,0.023756,1.9613,2.917540,0.035242,0.017560,1.9028,0.0353,0.008020,1.257701,0.0000,2.917540,-0.000000,0.000000,5.0000,0.000000,-0.683476,1607.2950,0,1,clay,1.0000,0.500000,0,0,0.000000,0.000000,0.000000,0,nan,0.00,0.000000,0.9991,0.0000,0.000000,1.4870,0.45,5.20,6.10,5.19,0.090480,1.3611,-3.0387,0.008000,0.151777,-0.5136,0.034155,0.038919,-0.008221,-330.0366660804397,26.012933606395038,-481.99062420929715,-203.39651688702224,-0.032369,-0.012380,6212.4,6408.2,0.557189,0.550774,0.000000,1.8952,1.0000,,,,,
1.9440,1778836334.510407,162,2.883168,0.104428,0.021754,2.0172,0.0664,0.011014,2.882729,0.091479,0.023887,1.9798,2.894870,0.105039,0.021812,1.9265,0.0391,0.008025,1.256249,0.0000,2.894870,-0.000000,-0.000000,5.0000,0.000000,-0.684575,1584.7472,0,1,clay,1.0000,0.500000,0,0,0.000000,0.000000,0.000000,0,nan,0.00,0.000000,0.9991,0.0000,0.000000,1.4788,0.45,5.19,6.09,5.17,0.091479,1.3686,-3.0202,0.008000,0.129705,-0.2468,0.030199,0.047394,-0.007429,-551.8441676789521,297.1916396386715,-498.491167708635,-227.33147912577442,-0.034246,-0.014659,6212.8,6407.8,0.556519,0.525082,0.000000,1.9188,1.0000,,,,,
1.9560,1778836334.522336,163,2.987008,0.131827,0.023894,2.0834,0.0046,0.010283,2.906586,0.092436,0.024017,1.9954,2.998895,0.132420,0.023951,1.9583,0.0324,0.007875,1.248949,0.0000,2.998895,-0.000000,0.000000,5.0000,0.000000,-0.686255,1551.6606,0,1,clay,1.0000,0.500000,0,0,0.000000,0.000000,0.000000,0,nan,0.00,0.000000,0.9992,0.0000,0.000000,1.4706,0.45,5.20,6.10,5.26,0.092436,1.3761,-3.0046,0.008000,0.080601,-0.8068,0.054021,0.040395,0.000749,-645.432632194391,-507.54037369037707,-479.76462624814883,-207.73739445271053,-0.029255,-0.010347,6214.6,6405.9,0.553297,0.507969,0.000000,1.9507,1.0000,,,,,
1.9680,1778836334.534321,164,2.886059,0.080809,0.017705,2.0139,-0.0760,0.014527,2.930626,0.093444,0.024188,2.0104,2.898030,0.081212,0.017765,1.9705,0.0140,0.008200,1.242785,0.0000,2.898030,-0.000000,-0.000000,5.0000,0.000000,-0.684325,1537.6650,0,1,clay,1.0000,0.500000,0,0,0.000000,0.000000,0.000000,0,nan,0.00,0.000000,0.9992,0.0000,0.000000,1.4624,0.44,5.21,6.10,5.27,0.093444,1.3859,-2.9896,0.008000,0.101492,-0.5603,0.043164,0.005994,-0.006548,-317.64233106335934,-223.36920073864042,-412.8983715120904,-124.97117498693012,-0.018239,0.001648,6216.2,6404.4,0.550581,0.527987,0.000000,1.9629,1.0000,,,,,
1.9800,1778836334.547055,165,2.900629,0.030035,0.022307,1.9771,0.0042,0.013118,2.954866,0.094490,0.024347,2.0289,2.912635,0.030481,0.022368,1.9732,0.0120,0.008356,1.237147,0.0000,2.912635,-0.000000,0.000000,5.0000,0.000000,-0.678228,1533.7907,0,1,clay,1.0000,0.500000,0,0,0.000000,0.000000,0.000000,0,nan,0.00,0.000000,0.9992,0.0000,0.000000,1.4542,0.44,5.22,6.11,5.28,0.094490,1.3950,-2.9711,0.008000,0.052217,0.4315,0.041190,0.013212,0.001750,-259.9502953342786,323.45403613687574,-398.39812316219104,-109.39778158358436,-0.017163,0.003118,6217.6,6403.0,0.548089,0.535566,0.000000,1.9656,1.0000,,,,,
1.9920,1778836334.558433,166,3.091127,0.081510,0.026769,2.1044,0.0612,0.014742,2.979307,0.095550,0.024510,2.0447,3.103345,0.082072,0.026834,2.0000,0.0194,0.008793,1.228875,0.0000,3.103345,0.000000,0.000000,5.0000,0.000000,-0.672649,1503.6824,0,1,clay,1.0000,0.500000,0,0,0.000000,0.000000,0.000000,0,nan,0.00,0.000000,0.9993,0.0000,0.000000,1.4462,0.45,5.23,6.13,5.26,0.095550,1.4043,-2.9553,0.008000,0.128040,0.6627,0.034458,0.022737,0.007092,-405.9239502937845,381.4219405132895,-430.6571846209609,-142.65364897900633,-0.021878,-0.001016,6219.7,6400.9,0.544428,0.502928,0.000000,1.9925,1.0000,,,,,
2.0040,1778836334.570482,167,3.020580,0.132046,0.030401,2.0379,0.0716,0.015036,3.003941,0.096603,0.024690,2.0598,3.032878,0.132711,0.030468,2.0088,0.0271,0.009181,1.220514,0.0000,3.032878,0.000000,0.000000,5.0000,0.000000,-0.664811,1497.5533,0,1,clay,1.0000,0.500000,0,0,0.000000,0.000000,0.000000,0,nan,0.00,0.000000,0.9993,0.0000,0.000000,1.4382,0.46,5.23,6.14,5.26,0.096603,1.4146,-2.9402,0.008000,0.036244,-0.0891,0.010382,0.030411,0.002937,-302.09443986431467,176.16416534732622,-452.0728244437935,-168.00952597405987,-0.026800,-0.005252,6221.8,6398.7,0.540725,0.521633,0.000000,2.0013,1.0000,,,,,
2.0160,1778836334.582360,168,2.916820,0.139651,0.025009,2.0437,-0.0112,0.016553,3.028755,0.097706,0.024872,2.0766,2.929156,0.140209,0.025080,2.0169,0.0201,0.009612,1.208134,0.0000,2.929156,-0.000000,0.000000,5.0000,0.000000,-0.651322,1490.4403,0,1,clay,1.0000,0.500000,0,0,0.000000,0.000000,0.000000,0,nan,0.00,0.000000,0.9993,0.0000,0.000000,1.4304,0.45,5.24,6.14,5.30,0.097706,1.4251,-2.9234,0.008000,0.154428,0.1116,0.004865,0.015647,-0.001348,-256.0780559447163,80.46111766701665,-415.65117292981074,-123.11114053024203,-0.022988,-0.000416,6225.0,6395.6,0.535236,0.519534,0.000000,2.0095,1.0000,,,,,
2.0280,1778836334.594445,169,2.979389,0.094413,0.020378,2.1114,0.0781,0.013241,3.053793,0.098804,0.025026,2.0943,2.991872,0.094976,0.020449,2.0367,0.0288,0.009635,1.205242,0.0000,2.991872,-0.000000,0.000000,5.0000,0.000000,-0.645263,1466.6946,0,1,clay,1.0000,0.500000,0,0,0.000000,0.000000,0.000000,0,nan,0.00,0.000000,0.9994,0.0000,0.000000,1.4226,0.45,5.24,6.14,5.19,0.098804,1.4339,-2.9057,0.008000,0.090130,-0.5360,0.006504,0.030194,0.001850,-429.0938712347849,353.9417791051918,-449.80648476588226,-167.25442914684518,-0.027816,-0.005623,6225.7,6394.8,0.533926,0.500372,0.000000,2.0292,1.0000,,,,,
2.0400,1778836334.606477,170,3.047804,0.109562,0.035739,2.1197,-0.0101,0.017314,3.079039,0.099926,0.025205,2.1119,3.060402,0.110278,0.035813,2.0542,0.0216,0.010100,1.204653,0.0000,3.060402,0.000000,0.000000,5.0000,0.000000,-0.645353,1447.8532,0,1,clay,1.0000,0.500000,0,0,0.000000,0.000000,0.000000,0,nan,0.00,0.000000,0.9994,0.0000,0.000000,1.4149,0.46,5.22,6.14,5.16,0.099926,1.4441,-2.8881,0.008000,0.089363,0.9956,0.018139,0.016381,0.000720,-381.49415298791166,202.7725842079428,-434.0222799106174,-138.65837721434133,-0.023894,-0.000742,6225.9,6394.7,0.533651,0.497961,0.000000,2.0467,1.0000,,,,,
2.0520,1778836334.618440,171,3.091994,0.211351,0.024213,2.1499,0.0167,0.016721,3.104473,0.101085,0.025397,2.1278,3.104743,0.211920,0.024290,2.0741,0.0201,0.010435,1.201339,0.0000,3.104743,0.000000,0.000000,5.0000,0.000000,-0.646265,1429.9789,0,1,clay,1.0000,0.500000,0,0,0.000000,0.000000,0.000000,0,nan,0.00,0.000000,0.9994,0.0000,0.000000,1.4071,0.47,5.23,6.17,5.28,0.101085,1.4551,-2.8722,0.008000,0.097000,0.0916,0.014637,0.013826,0.002877,-269.10779707087613,173.28515937799,-434.2275430298515,-134.59374644294695,-0.023143,0.000517,6226.7,6393.8,0.532191,0.493516,0.000000,2.0667,1.0000,,,,,
2.0640,1778836334.630396,172,3.079346,0.086735,0.018780,2.1162,0.0192,0.012184,3.130123,0.102227,0.025550,2.1465,3.092163,0.087226,0.018854,2.0837,0.0193,0.010091,1.198454,0.0000,3.092163,0.000000,0.000000,5.0000,0.000000,-0.645094,1414.1027,0,1,clay,1.0000,0.500000,0,0,0.000000,0.000000,0.000000,0,nan,0.00,0.000000,0.9995,0.0000,0.000000,1.3994,0.47,5.22,6.15,5.12,0.102227,1.4639,-2.8535,0.008000,0.127616,-0.3414,-0.006866,0.018822,0.006343,-350.5076701198796,377.68414844422085,-429.02259363918296,-135.31357130918076,-0.022177,0.000566,6227.4,6393.1,0.530921,0.497021,0.000000,2.0763,1.0000,,,,,
2.0760,1778836334.642347,173,3.185785,0.101786,0.025325,2.1827,0.0168,0.013638,3.155988,0.103428,0.025732,2.1635,3.198682,0.102354,0.025398,2.1043,0.0183,0.010040,1.200752,0.0000,3.198682,0.000000,-0.000000,5.0000,0.000000,-0.649694,1389.5725,0,1,clay,1.0000,0.500000,0,0,0.000000,0.000000,0.000000,0,nan,0.00,0.000000,0.9995,0.0000,0.000000,1.3916,0.46,5.23,6.16,5.30,0.103428,1.4743,-2.8365,0.008000,0.091930,0.3861,0.002151,0.028291,0.008423,-439.0013665434298,-495.00914241288854,-436.5052409941405,-144.04882178779044,-0.021267,0.001050,6226.9,6393.7,0.531926,0.481514,0.000000,2.0969,1.0000,,,,,
2.0880,1778836334.654437,174,3.158440,0.136324,0.019893,2.1157,-0.0580,0.013132,3.182044,0.104624,0.025913,2.1786,3.171379,0.136734,0.019965,2.1079,0.0054,0.009811,1.195479,0.0000,3.171379,0.000000,-0.000000,5.0000,0.000000,-0.648108,1387.4144,0,1,clay,1.0000,0.500000,0,0,0.000000,0.000000,0.000000,0,nan,0.00,0.000000,0.9995,0.0000,0.000000,1.3838,0.46,5.23,6.15,5.23,0.104624,1.4847,-2.8214,0.008000,0.110149,-0.1897,0.003627,0.008789,0.002185,-265.01121995843164,220.7749921489543,-379.80272468026146,-82.0717160290133,-0.013708,0.008256,6228.2,6392.4,0.529613,0.501708,0.000000,2.1005,1.0000,,,,,
2.1000,1778836334.666481,175,3.232065,0.158402,0.021039,2.2129,0.0457,0.010144,3.208298,0.105764,0.026046,2.1967,3.245158,0.158867,0.021108,2.1297,0.0118,0.009364,1.204306,0.0000,3.245158,0.000000,-0.000000,5.0000,0.000000,-0.659057,1362.8168,0,1,clay,1.0000,0.500000,0,0,0.000000,0.000000,0.000000,0,nan,0.00,0.000000,0.9995,0.0000,0.000000,1.3759,0.47,5.22,6.15,5.14,0.105764,1.4924,-2.8033,0.008000,0.098117,-0.3824,-0.000635,0.014741,0.004008,-380.41009974124546,368.69991698287447,-425.49085062786173,-137.80451786383443,-0.016585,0.004000,6226.0,6394.6,0.533509,0.476988,0.000000,2.1223,1.0000,,,,,
2.1120,1778836334.678292,176,3.229098,0.130184,0.025285,2.2353,-0.0050,0.014287,3.234762,0.106954,0.026210,2.2138,3.242252,0.130686,0.025354,2.1515,0.0087,0.009538,1.200348,0.0000,3.242252,0.000000,-0.000000,5.0000,0.000000,-0.665322,1338.4249,0,1,clay,1.0000,0.500000,0,0,0.000000,0.000000,0.000000,0,nan,0.00,0.000000,0.9996,0.0000,0.000000,1.3679,0.46,5.23,6.14,5.33,0.106954,1.5017,-2.7862,0.008000,0.013600,-0.3496,0.013302,0.008138,0.005356,-343.33311484261344,124.08801973494371,-418.843662715122,-128.89858509524075,-0.014846,0.005845,6227.0,6393.6,0.531781,0.469954,0.000000,2.1442,1.0000,,,,,
2.1240,1778836334.690405,177,3.215749,0.038574,0.025590,2.2619,0.0936,0.018675,3.261427,0.108206,0.026402,2.2301,3.229109,0.039187,0.025666,2.1743,0.0222,0.010364,1.197935,0.0000,3.229109,0.000000,-0.000000,5.0000,0.000000,-0.670763,1312.0304,0,1,clay,1.0000,0.500000,0,0,0.000000,0.000000,0.000000,0,nan,0.00,0.000000,0.9996,0.0000,0.000000,1.3599,0.46,5.24,6.17,5.29,0.108206,1.5127,-2.7699,0.008000,0.139178,-0.0259,0.029204,0.031835,0.011499,-270.91578863570686,11.401432462003129,-472.6639278823167,-188.96639948365697,-0.022858,-0.000844,6227.6,6393.0,0.530742,0.467873,0.000000,2.1669,1.0000,,,,,
2.1360,1778836334.702431,178,3.300770,0.126761,0.022869,2.2425,0.0218,0.012075,3.288284,0.109389,0.026541,2.2463,3.314213,0.127330,0.022942,2.1889,0.0215,0.010058,1.194011,0.0000,3.314213,-0.000000,-0.000000,5.0000,0.000000,-0.670859,1295.2045,0,1,clay,1.0000,0.500000,0,0,0.000000,0.000000,0.000000,0,nan,0.00,0.000000,0.9996,0.0000,0.000000,1.3518,0.46,5.21,6.13,5.07,0.109389,1.5207,-2.7537,0.008000,0.107923,0.0835,0.024391,0.023896,0.008120,-419.8105734138405,239.43371910947454,-469.3237820625311,-190.99083419966598,-0.021954,-0.000782,6228.5,6392.0,0.529023,0.471653,0.000000,2.1816,1.0000,,,,,
2.1480,1778836334.714397,179,3.381045,0.095520,0.025141,2.2960,-0.0485,0.016661,3.315367,0.110629,0.026708,2.2659,3.394539,0.096043,0.025216,2.2110,0.0095,0.010400,1.193996,0.0000,3.394539,-0.000000,-0.000000,5.0000,0.000000,-0.671985,1266.9349,0,1,clay,1.0000,0.500000,0,0,0.000000,0.000000,0.000000,0,nan,0.00,0.000000,0.9996,0.0000,0.000000,1.3438,0.45,5.19,6.10,5.08,0.110629,1.5303,-2.7341,0.008000,0.118334,-0.6694,0.029086,0.012348,0.008199,-439.6007009920179,185.9535223739884,-443.30259092257467,-147.87019656739778,-0.015604,0.006132,6228.5,6392.0,0.529005,0.456238,0.000000,2.2037,1.0000,,,,,
2.1600,1778836334.726380,180,3.313684,0.067608,0.015738,2.2016,0.0150,0.015704,3.342651,0.111912,0.026898,2.2817,3.327096,0.068008,0.015814,2.2106,0.0101,0.010590,1.188002,0.0000,3.327096,-0.000000,-0.000000,5.0000,0.000000,-0.668392,1269.2540,0,1,clay,1.0000,0.500000,0,0,0.000000,0.000000,0.000000,0,nan,0.00,0.000000,0.9996,0.0000,0.000000,1.3357,0.44,5.19,6.08,5.17,0.111912,1.5412,-2.7183,0.008000,0.152906,-0.5498,0.009058,0.017287,0.012691,-276.43921558583025,69.60093161110646,-436.9788783608776,-140.8797508944538,-0.016103,0.005983,6230.1,6390.5,0.526350,0.482503,0.000000,2.2033,1.0000,,,,,
2.1720,1778836334.738354,181,3.462159,0.135769,0.027980,2.3100,-0.1127,0.011589,3.370133,0.113137,0.027045,2.2986,3.475690,0.136197,0.028053,2.2312,-0.0103,0.010054,1.184148,0.0000,3.475690,-0.000000,0.000000,5.0000,0.000000,-0.662281,1242.7167,0,1,clay,1.0000,0.500000,0,0,0.000000,0.000000,0.000000,0,nan,0.00,0.000000,0.9996,0.0000,0.000000,1.3278,0.44,5.18,6.07,5.15,0.113137,1.5496,-2.7014,0.008000,0.166900,0.4651,0.020416,-0.004104,0.015099,-403.11259576945554,169.68768472417347,-361.71486401975324,-57.31569909977522,-0.004661,0.016315,6231.1,6389.5,0.524638,0.457759,0.000000,2.2240,1.0000,,,,,
2.1840,1778836334.750370,182,3.382852,0.132750,0.030698,2.2889,-0.0383,0.014305,3.397826,0.114407,0.027215,2.3158,3.396451,0.133188,0.030771,2.2438,-0.0146,0.010072,1.188886,0.0000,3.396451,-0.000000,-0.000000,5.0000,0.000000,-0.668433,1233.1949,0,1,clay,1.0000,0.500000,0,0,0.000000,0.000000,0.000000,0,nan,0.00,0.000000,0.9997,0.0000,0.000000,1.3198,0.45,5.20,6.09,5.27,0.114407,1.5593,-2.6842,0.008000,0.033880,0.2461,0.012157,-0.013820,0.009703,-441.71330875505157,59.88787553793733,-359.99721165267135,-51.03312281730822,-0.002396,0.018512,6229.9,6390.7,0.526713,0.459883,0.000000,2.2365,1.0000,,,,,
2.1960,1778836334.762420,183,3.383143,0.163074,0.030785,2.3147,0.0482,0.015324,3.425711,0.115698,0.027393,2.3322,3.396904,0.163591,0.030860,2.2589,-0.0039,0.010307,1.181616,0.0000,3.396904,-0.000000,-0.000000,5.0000,0.000000,-0.667497,1218.4619,0,1,clay,1.0000,0.500000,0,0,0.000000,0.000000,0.000000,0,nan,0.00,0.000000,0.9997,0.0000,0.000000,1.3118,0.45,5.19,6.10,5.15,0.115698,1.5695,-2.6678,0.008000,0.020130,0.5637,0.024187,0.007320,0.012618,-332.5029120590649,137.5416226605542,-398.5360197202773,-97.49051020606302,-0.008165,0.012934,6231.7,6388.9,0.523529,0.458527,0.000000,2.2516,1.0000,,,,,
2.2080,1778836334.774403,184,3.374213,0.052072,0.030779,2.4060,-0.0408,0.012722,3.453795,0.116959,0.027544,2.3491,3.388157,0.052553,0.030852,2.2888,-0.0098,0.010082,1.182327,0.0000,3.388157,-0.000000,-0.000000,5.0000,0.000000,-0.672474,1183.5236,0,1,clay,1.0000,0.500000,0,0,0.000000,0.000000,0.000000,0,nan,0.00,0.000000,0.9997,0.0000,0.000000,1.3037,0.46,5.21,6.12,5.31,0.116959,1.5782,-2.6509,0.008000,0.141462,0.5005,0.031374,-0.003677,0.011619,-625.8550422904713,182.51005263747484,-391.8889263746861,-90.31458843686573,-0.004754,0.015601,6231.5,6389.1,0.523840,0.436058,0.000000,2.2815,1.0000,,,,,
2.2200,1778836334.786576,185,3.428013,0.067700,0.030870,2.3793,0.0545,0.014320,3.482088,0.118245,0.027717,2.3652,3.442118,0.068261,0.030944,2.3077,0.0010,0.010203,1.173300,0.0000,3.442118,-0.000000,0.000000,5.0000,0.000000,-0.667371,1160.8129,0,1,clay,1.0000,0.500000,0,0,0.000000,0.000000,0.000000,0,nan,0.00,0.000000,0.9997,0.0000,0.000000,1.2957,0.46,5.20,6.12,5.14,0.118245,1.5881,-2.6348,0.008000,0.076670,0.2614,0.028895,0.012250,0.014118,-380.8394335644333,80.57866183159513,-424.81456094010645,-136.5580585460732,-0.010305,0.009954,6233.8,6386.8,0.519874,0.442235,0.000000,2.3005,1.0000,,,,,
2.2320,1778836334.798335,186,3.548423,0.241167,0.032631,2.3770,0.0473,0.014529,3.510557,0.119569,0.027900,2.3811,3.562574,0.241805,0.032705,2.3224,0.0086,0.010340,1.165041,0.0000,3.562574,0.000000,0.000000,5.0000,0.000000,-0.655682,1147.3576,0,1,clay,1.0000,0.500000,0,0,0.000000,0.000000,0.000000,0,nan,0.00,0.000000,0.9997,0.0000,0.000000,1.2878,0.46,5.21,6.12,5.26,0.119569,1.5985,-2.6189,0.008000,0.217912,0.3397,0.021128,0.010581,0.009792,-272.6303009754959,169.93954183820892,-442.5725399191093,-165.2729498056025,-0.014149,0.006095,6235.9,6384.7,0.516208,0.447474,0.000000,2.3153,1.0000,,,,,
2.2440,1778836334.810428,187,3.530131,0.086020,0.036894,2.4611,0.0063,0.013663,3.539223,0.120885,0.028070,2.3969,3.544456,0.086720,0.036967,2.3506,0.0079,0.010299,1.161535,0.0000,3.544456,0.000000,0.000000,5.0000,0.000000,-0.650801,1111.7464,0,1,clay,1.0000,0.500000,0,0,0.000000,0.000000,0.000000,0,nan,0.00,0.000000,0.9997,0.0000,0.000000,1.2800,0.45,5.20,6.10,5.17,0.120885,1.6083,-2.6031,0.008000,0.050119,0.7417,0.035160,0.013612,0.014109,-460.36713437748,232.49970825742912,-446.8298779521924,-173.40234080220227,-0.013590,0.006265,6236.8,6383.8,0.514630,0.426384,0.000000,2.3435,1.0000,,,,,
2.2560,1778836334.822383,188,3.506074,0.189421,0.032583,2.5750,-0.0548,0.014895,3.568072,0.122212,0.028259,2.4119,3.520654,0.189998,0.032658,2.3954,-0.0026,0.010414,1.154007,0.0000,3.520654,0.000000,0.000000,5.0000,0.000000,-0.650647,1071.3841,0,1,clay,1.0000,0.500000,0,0,0.000000,0.000000,0.000000,0,nan,0.00,0.000000,0.9998,0.0000,0.000000,1.2722,0.45,5.20,6.09,5.16,0.122212,1.6191,-2.5881,0.008000,0.138685,0.3625,0.057864,0.007331,0.015151,-400.14311526294233,96.79927989086679,-422.6051612277883,-140.54758702785765,-0.008238,0.011460,6238.7,6381.9,0.511289,0.400324,0.000000,2.3883,1.0000,,,,,
2.2680,1778836334.834338,189,3.670871,0.127059,0.031383,2.3311,-0.0088,0.014653,3.597100,0.123555,0.028441,2.4274,3.685353,0.127610,0.031458,2.3842,-0.0036,0.010457,1.150580,0.0000,3.685353,0.000000,-0.000000,5.0000,0.000000,-0.638801,1070.7723,0,1,clay,1.0000,0.500000,0,0,0.000000,0.000000,0.000000,0,nan,0.00,0.000000,0.9998,0.0000,0.000000,1.2645,0.45,5.21,6.11,5.32,0.123555,1.6296,-2.5726,0.008000,0.133757,0.8313,0.047866,0.001924,0.010448,-409.171089214735,87.09635086296086,-408.5058718908394,-124.05026186508745,-0.007855,0.012043,6239.6,6381.0,0.509772,0.460258,0.000000,2.3772,1.0000,,,,,
2.2800,1778836334.846454,190,3.621258,0.093081,0.026508,2.4158,-0.0517,0.014731,3.626324,0.124908,0.028626,2.4435,3.635832,0.093512,0.026583,2.3917,-0.0115,0.010467,1.146915,0.0000,3.635832,0.000000,0.000000,5.0000,0.000000,-0.631987,1064.4356,0,1,clay,1.0000,0.500000,0,0,0.000000,0.000000,0.000000,0,nan,0.00,0.000000,0.9998,0.0000,0.000000,1.2569,0.45,5.19,6.08,5.08,0.124908,1.6401,-2.5565,0.008000,0.092229,-0.1462,0.035099,0.007403,0.016861,-488.2067456246136,187.63088995837168,-378.06834637748864,-85.85768737352367,-0.004022,0.015922,6240.5,6380.0,0.508127,0.437198,0.000000,2.3847,1.0000,,,,,
2.2920,1778836334.858391,191,3.622848,0.116878,0.023002,2.5239,-0.0310,0.020291,3.655736,0.126282,0.028835,2.4588,3.637563,0.117252,0.023083,2.4186,-0.0144,0.011329,1.139528,0.0000,3.637563,0.000000,0.000000,5.0000,0.000000,-0.626264,1038.0512,0,1,clay,1.0000,0.500000,0,0,0.000000,0.000000,0.000000,0,nan,0.00,0.000000,0.9998,0.0000,0.000000,1.2494,0.45,5.21,6.11,5.29,0.126282,1.6521,-2.5412,0.008000,0.023475,-0.5029,0.048977,0.007541,0.019610,-372.8236336542037,-53.353887585646774,-372.96315356398196,-68.32342995063638,-0.003316,0.017965,6242.4,6378.2,0.504844,0.414007,0.000000,2.4116,1.0000,,,,,
2.3040,1778836334.870349,192,3.702589,0.019591,0.030491,2.4499,0.0504,0.017352,3.685333,0.127687,0.029043,2.4753,3.717359,0.020154,0.030575,2.4260,-0.0033,0.011660,1.138762,0.0000,3.717359,0.000000,-0.000000,5.0000,0.000000,-0.621297,1024.8571,0,1,clay,1.0000,0.500000,0,0,0.000000,0.000000,0.000000,0,nan,0.00,0.000000,0.9998,0.0000,0.000000,1.2420,0.45,5.24,6.14,5.44,0.127687,1.6640,-2.5247,0.008000,0.171932,-0.0802,0.041996,0.013310,0.017925,-433.4168372178849,155.09423646206415,-415.76422180280065,-120.77446352898707,-0.008908,0.012786,6242.6,6378.0,0.504492,0.431224,0.000000,2.4190,1.0000,,,,,
2.3160,1778836334.882473,193,3.796232,0.172718,0.024388,2.5414,0.0050,0.016377,3.715127,0.129094,0.029253,2.4908,3.811253,0.173208,0.024472,2.4497,-0.0019,0.011748,1.134481,0.0000,3.811253,-0.000000,-0.000000,5.0000,0.000000,-0.617453,1001.0713,0,1,clay,1.0000,0.500000,0,0,0.000000,0.000000,0.000000,0,nan,0.00,0.000000,0.9998,0.0000,0.000000,1.2346,0.45,5.25,6.15,5.28,0.129094,1.6761,-2.5092,0.008000,0.211692,-0.4282,0.035715,0.020055,0.021389,-469.44376107528586,102.37840580412895,-424.4653792405213,-133.83130141704004,-0.009574,0.012036,6243.7,6376.9,0.502601,0.408618,0.000000,2.4427,1.0000,,,,,
2.3280,1778836334.894327,194,3.742286,0.213127,0.032123,2.4888,0.0433,0.020560,3.745098,0.130508,0.029478,2.5056,3.757352,0.213792,0.032213,2.4586,0.0057,0.012459,1.131759,0.0000,3.757352,-0.000000,-0.000000,5.0000,0.000000,-0.615497,997.8880,0,1,clay,1.0000,0.500000,0,0,0.000000,0.000000,0.000000,0,nan,0.00,0.000000,0.9996,0.0000,0.000000,1.2272,0.45,5.25,6.15,5.28,0.130508,1.6890,-2.4944,0.008000,0.152773,0.0091,0.026643,0.020622,0.019232,-433.5800762578591,42.22016401935244,-448.5902627792101,-161.97221444834202,-0.013699,0.009024,6244.4,6376.2,0.501388,0.423824,0.000000,2.4516,1.0000,,,,,
2.3400,1778836334.906421,195,3.727897,0.115785,0.029790,2.5583,0.0398,0.018830,3.775256,0.131956,0.029710,2.5215,3.743090,0.116459,0.029881,2.4792,0.0111,0.012803,1.130143,0.0000,3.743090,0.000000,-0.000000,5.0000,0.000000,-0.617701,974.1563,0,1,clay,1.0000,0.500000,0,0,0.000000,0.000000,0.000000,0,nan,0.00,0.000000,0.9992,0.0000,0.000000,1.2198,0.45,5.23,6.12,5.13,0.131956,1.7023,-2.4785,0.008000,0.151592,-0.2263,0.033375,0.025715,0.022803,-533.7344567155592,51.59953820445298,-469.16289072321354,-191.88492992093578,-0.016415,0.006624,6244.8,6375.8,0.500669,0.406911,0.000000,2.4723,1.0000,,,,,
2.3520,1778836334.918426,196,3.842226,0.074165,0.029620,2.5270,0.0102,0.019129,3.805614,0.133370,0.029941,2.5373,3.857441,0.074837,0.029714,2.4898,0.0107,0.013097,1.124922,0.0000,3.857441,-0.000000,-0.000000,5.0000,0.000000,-0.613034,956.9360,0,1,clay,1.0000,0.500000,0,0,0.000000,0.000000,0.000000,0,nan,0.00,0.000000,0.9987,0.0000,0.000000,1.2124,0.45,5.23,6.12,5.22,0.133370,1.7155,-2.4627,0.008000,0.067261,-0.4800,0.016110,0.030912,0.030190,-425.9199803129355,-63.68909967351752,-465.47424786106524,-185.79513308167483,-0.016352,0.007072,6246.1,6374.4,0.498365,0.412970,0.000000,2.4829,1.0000,,,,,
2.3640,1778836334.930330,197,3.848382,0.035304,0.035235,2.5438,-0.0114,0.020488,3.836151,0.134863,0.030207,2.5543,3.863652,0.036041,0.035331,2.5016,0.0067,0.013507,1.125336,0.0000,3.863652,-0.000000,-0.000000,5.0000,0.000000,-0.613206,944.8703,0,1,clay,1.0000,0.500000,0,0,0.000000,0.000000,0.000000,0,nan,0.00,0.000000,0.9980,0.0000,0.000000,1.2051,0.44,5.21,6.10,5.11,0.134863,1.7308,-2.4457,0.008000,0.186189,0.0880,-0.016089,0.029621,0.029733,-438.4484269215475,-23.184175918147048,-462.74259547357235,-172.97504077827531,-0.014776,0.009274,6246.0,6374.5,0.498534,0.409208,0.000000,2.4947,1.0000,,,,,
2.3760,1778836334.943048,198,3.881714,0.077979,0.027757,2.5505,0.0611,0.021479,3.866891,0.136323,0.030463,2.5703,3.897028,0.078666,0.027857,2.5123,0.0156,0.014058,1.118564,0.0000,3.897028,-0.000000,-0.000000,5.0000,0.000000,-0.608283,933.7198,0,1,clay,1.0000,0.500000,0,0,0.000000,0.000000,0.000000,0,nan,0.00,0.000000,0.9972,0.0000,0.000000,1.1978,0.45,5.20,6.09,5.11,0.136323,1.7454,-2.4297,0.008000,0.071879,-0.2719,0.006181,0.040263,0.029894,-558.936752443736,121.89839972127055,-478.7327384224751,-201.43933577241978,-0.019225,0.005564,6247.7,6372.8,0.495541,0.404145,0.000000,2.5055,1.0000,,,,,
2.3880,1778836334.954443,199,3.832444,0.105183,0.029492,2.6056,0.0142,0.021089,3.897823,0.137728,0.030714,2.5856,3.847892,0.105901,0.029594,2.5317,0.0149,0.014409,1.114031,0.0000,3.847892,-0.000000,-0.000000,5.0000,0.000000,-0.606777,919.1251,0,1,clay,1.0000,0.500000,0,0,0.000000,0.000000,0.000000,0,nan,0.00,0.000000,0.9962,0.0000,0.000000,1.1905,0.46,5.20,6.12,5.24,0.137728,1.7598,-2.4144,0.008000,0.042715,0.1067,0.018469,0.037546,0.023997,-631.7559502039447,-295.9827854865515,-478.7609268199508,-200.0521149245162,-0.019052,0.006123,6248.9,6371.7,0.493528,0.393844,0.000000,2.5249,1.0000,,,,,
2.4000,1778836334.966394,200,3.847275,0.109870,0.033337,2.6014,0.0403,0.020609,3.928947,0.139147,0.030964,2.6024,3.862797,0.110678,0.033441,2.5465,0.0187,0.014655,1.113883,0.0000,3.862797,-0.000000,-0.000000,5.0000,0.000000,-0.608981,905.2426,0,1,clay,1.0000,0.500000,0,0,0.000000,0.000000,0.000000,0,nan,0.00,0.000000,0.9951,0.0000,0.000000,1.1832,0.45,5.21,6.12,5.26,0.139147,1.7741,-2.3976,0.008000,0.034707,0.5226,0.007152,0.044151,0.025673,-539.3639274403479,63.924237852375086,-491.29289834068504,-221.4766974219197,-0.020846,0.004523,6248.9,6371.6,0.493458,0.392790,0.000000,2.5397,1.0000,,,,,
2.4120,1778836334.978445,201,4.036882,0.101603,0.030002,2.5600,0.0501,0.023900,3.960278,0.140597,0.031232,2.6192,4.052431,0.102398,0.030111,2.5504,0.0234,0.015321,1.111340,0.0000,4.052431,0.000000,0.000000,5.0000,0.000000,-0.604486,891.8271,0,1,clay,1.0000,0.500000,0,0,0.000000,0.000000,0.000000,0,nan,0.00,0.000000,0.9938,0.0000,0.000000,1.1759,0.45,5.20,6.10,5.11,0.140597,1.7895,-2.3808,0.008000,0.105754,-0.0996,0.003747,0.041931,0.023830,-494.85301533568276,-275.20345351908657,-500.0367735455436,-233.1563875310069,-0.023494,0.002936,6249.6,6371.0,0.492341,0.400861,0.000000,2.5436,1.0000,,,,,
2.4240,1778836334.990335,202,4.076897,0.160295,0.031868,2.6103,-0.0024,0.024207,3.991804,0.142065,0.031530,2.6361,4.092463,0.161092,0.031980,2.5633,0.0185,0.015888,1.108715,0.0000,4.092463,0.000000,0.000000,5.0000,0.000000,-0.602153,880.8327,0,1,clay,1.0000,0.500000,0,0,0.000000,0.000000,0.000000,0,nan,0.00,0.000000,0.9924,0.0000,0.000000,1.1687,0.45,5.19,6.08,5.14,0.142065,1.8066,-2.3639,0.008000,0.029229,0.3564,-0.006614,0.049973,0.041914,-541.4757555857584,-93.73768419103112,-493.5067336037646,-212.8585889819526,-0.021593,0.005666,6250.3,6370.3,0.491163,0.389886,0.000000,2.5565,1.0000,,,,,
2.4360,1778836335.002439,203,4.070206,0.135629,0.041327,2.6057,0.0740,0.021370,4.023546,0.143538,0.031814,2.6542,4.085821,0.136634,0.041439,2.5728,0.0273,0.015992,1.113042,0.0000,4.085821,0.000000,0.000000,5.0000,0.000000,-0.607555,872.2385,0,1,clay,1.0000,0.500000,0,0,0.000000,0.000000,0.000000,0,nan,0.00,0.000000,0.9909,0.0000,0.000000,1.1614,0.45,5.19,6.08,5.17,0.143538,1.8228,-2.3458,0.008000,0.111249,0.4508,-0.005734,0.046742,0.030350,-444.8395427479646,158.34479488992056,-515.2499859701245,-256.6566692883381,-0.025492,0.001729,6249.2,6371.4,0.493068,0.389198,0.000000,2.5660,1.0000,,,,,
2.4480,1778836335.014436,204,4.052629,0.080028,0.040246,2.6343,-0.0803,0.025465,4.055485,0.145009,0.032117,2.6697,4.068301,0.080902,0.040363,2.5860,0.0086,0.016541,1.107565,0.0000,4.068301,0.000000,0.000000,5.0000,0.000000,-0.608483,859.0453,0,1,clay,1.0000,0.500000,0,0,0.000000,0.000000,0.000000,0,nan,0.00,0.000000,0.9893,0.0000,0.000000,1.1541,0.45,5.19,6.08,5.22,0.145009,1.8402,-2.3303,0.008000,0.077648,0.5205,-0.012983,0.022930,0.032519,-374.2496019763001,-287.72293923521363,-482.56161077894285,-178.09699238130003,-0.017476,0.010676,6250.5,6370.0,0.490661,0.384652,0.000000,2.5793,1.0000,,,,,
2.4600,1778836335.026432,205,4.074033,0.169682,0.024438,2.6167,-0.0221,0.024736,4.087628,0.146506,0.032423,2.6886,4.089759,0.170278,0.024557,2.5933,0.0032,0.016923,1.114598,0.0000,4.089759,0.000000,0.000000,5.0000,0.000000,-0.617461,854.3590,0,1,clay,1.0000,0.500000,0,0,0.000000,0.000000,0.000000,0,nan,0.00,0.000000,0.9876,0.0000,0.000000,1.1467,0.44,5.19,6.08,5.19,0.146506,1.8577,-2.3114,0.008000,0.090241,-0.3773,-0.015756,0.011577,0.027138,-432.4513795026013,153.66735574306276,-485.53947340332275,-167.87507228702805,-0.015346,0.013405,6248.8,6371.8,0.493768,0.387697,0.000000,2.5865,1.0000,,,,,
2.4720,1778836335.038342,206,4.158350,0.161594,0.028492,2.6462,-0.0085,0.025031,4.119978,0.148013,0.032731,2.7045,4.174137,0.162246,0.028613,2.6048,0.0011,0.017300,1.112053,0.0000,4.174137,0.000000,-0.000000,5.0000,0.000000,-0.620726,839.9486,0,1,clay,1.0000,0.500000,0,0,0.000000,0.000000,0.000000,0,nan,0.00,0.000000,0.9858,0.0000,0.000000,1.1392,0.44,5.20,6.08,5.26,0.148013,1.8754,-2.2955,0.008000,0.122341,-0.4693,-0.016041,0.010249,0.026970,-262.6024854058252,136.4338292543628,-483.2455719462397,-158.84752720693336,-0.014655,0.014585,6249.4,6371.2,0.492668,0.381771,0.000000,2.5981,1.0000,,,,,
2.4840,1778836335.050493,207,4.178093,0.141439,0.031480,2.6887,0.0884,0.027667,4.152523,0.149572,0.033071,2.7216,4.194066,0.142250,0.031608,2.6224,0.0156,0.018068,1.111704,0.0000,4.194066,0.000000,-0.000000,5.0000,0.000000,-0.626575,823.2791,0,1,clay,1.0000,0.500000,0,0,0.000000,0.000000,0.000000,0,nan,0.00,0.000000,0.9838,0.0000,0.000000,1.1317,0.45,5.18,6.09,5.09,0.149572,1.8948,-2.2784,0.008000,0.060132,0.1271,-0.008576,0.024587,0.029879,-218.23161925373785,131.25329967601573,-515.7341569849161,-223.2073492149723,-0.021539,0.008642,6249.5,6371.1,0.492532,0.372077,0.000000,2.6156,1.0000,,,,,
2.4960,1778836335.062340,208,4.124438,0.137305,0.034219,2.7116,0.0515,0.027427,4.185273,0.151175,0.033409,2.7381,4.140423,0.138200,0.034350,2.6409,0.0212,0.018679,1.110822,0.0000,4.140423,0.000000,0.000000,5.0000,0.000000,-0.634443,810.0097,0,1,clay,1.0000,0.500000,0,0,0.000000,0.000000,0.000000,0,nan,0.00,0.000000,0.9818,0.0000,0.000000,1.1241,0.44,5.20,6.09,5.30,0.151175,1.9142,-2.2619,0.008000,0.031015,0.1824,-0.008903,0.031044,0.030654,-202.844759616351,312.49657511182556,-528.4920926985303,-249.63641762051674,-0.024240,0.006580,6249.7,6370.9,0.492148,0.367177,0.000000,2.6342,1.0000,,,,,
2.5080,1778836335.074310,209,4.220714,0.274505,0.030517,2.7947,0.0401,0.029469,4.218227,0.152778,0.033754,2.7554,4.236905,0.275373,0.030653,2.6720,0.0238,0.019463,1.109359,0.0000,4.236905,0.000000,-0.000000,5.0000,0.000000,-0.644466,788.0117,0,1,clay,1.0000,0.500000,0,0,0.000000,0.000000,0.000000,0,nan,0.00,0.000000,0.9797,0.0000,0.000000,1.1164,0.44,5.20,6.07,5.16,0.152778,1.9340,-2.2446,0.008000,0.183157,-0.2515,0.007370,0.032266,0.031883,-174.99546821495758,297.26658960332355,-539.4302347470592,-268.76580301691445,-0.025636,0.005993,6250.0,6370.5,0.491524,0.348604,0.000000,2.6653,1.0000,,,,,
2.5200,1778836335.086343,210,4.269977,0.235300,0.020523,2.7973,0.0150,0.026907,4.251383,0.154409,0.034088,2.7722,4.286295,0.235997,0.020660,2.6976,0.0218,0.019715,1.108874,0.0000,4.286295,-0.000000,-0.000000,5.0000,0.000000,-0.654278,760.7736,0,1,clay,1.0000,0.500000,0,0,0.000000,0.000000,0.000000,0,nan,0.00,0.000000,0.9775,0.0000,0.000000,1.1085,0.43,5.21,6.07,5.28,0.154409,1.9531,-2.2278,0.008000,0.126110,-0.6371,0.029273,0.027052,0.031454,-208.6223677565802,284.33715229178114,-542.1781514059476,-273.477164872116,-0.024642,0.007014,6250.2,6370.4,0.491333,0.347944,0.000000,2.6908,1.0000,,,,,
2.5320,1778836335.098402,211,4.323338,0.188140,0.027765,2.7397,0.0186,0.025361,4.284754,0.155998,0.034399,2.7901,4.339743,0.188950,0.027902,2.7070,0.0206,0.019651,1.106947,0.0000,4.339743,-0.000000,-0.000000,5.0000,0.000000,-0.660867,748.5673,0,1,clay,1.0000,0.500000,0,0,0.000000,0.000000,0.000000,0,nan,0.00,0.000000,0.9752,0.0000,0.000000,1.1006,0.43,5.22,6.08,5.28,0.155998,1.9709,-2.2099,0.008000,0.029044,-0.3325,0.026127,0.029189,0.032851,-285.42630232174736,285.67054536574057,-540.6700085743929,-272.65397532591714,-0.024033,0.007408,6250.6,6369.9,0.490513,0.359702,0.000000,2.7003,1.0000,,,,,
2.5440,1778836335.110312,212,4.311239,0.146483,0.038195,2.7085,0.0379,0.026048,4.318340,0.157611,0.034702,2.8084,4.327671,0.147482,0.038333,2.7086,0.0230,0.019708,1.109685,0.0000,4.327671,-0.000000,-0.000000,5.0000,0.000000,-0.667254,746.2105,0,1,clay,1.0000,0.500000,0,0,0.000000,0.000000,0.000000,0,nan,0.00,0.000000,0.9728,0.0000,0.000000,1.0926,0.43,5.25,6.12,5.45,0.157611,1.9883,-2.1916,0.008000,0.032081,-0.2775,0.017750,0.028339,0.033552,-215.7383232396452,344.51907703777226,-546.4682158206587,-285.30458838537334,-0.025056,0.006445,6249.9,6370.6,0.491742,0.366199,0.000000,2.7019,1.0000,,,,,
2.5560,1778836335.122284,213,4.418599,0.138560,0.038612,2.7541,0.0084,0.024284,4.352137,0.159221,0.034984,2.8261,4.435164,0.139550,0.038748,2.7188,0.0199,0.019468,1.109341,0.0000,4.435164,-0.000000,0.000000,5.0000,0.000000,-0.672355,732.7011,0,1,clay,1.0000,0.500000,0,0,0.000000,0.000000,0.000000,0,nan,0.00,0.000000,0.9703,0.0000,0.000000,1.0845,0.43,5.24,6.10,5.16,0.159221,2.0044,-2.1739,0.008000,0.101933,-0.1951,0.015228,0.035083,0.035356,-227.8030248074517,332.6230003802922,-544.7679460152226,-281.57050134440345,-0.023490,0.007542,6250.0,6370.6,0.491615,0.355520,0.000000,2.7120,1.0000,,,,,
2.5680,1778836335.134423,214,4.416327,0.140029,0.036463,2.9098,-0.0597,0.024214,4.386142,0.160851,0.035275,2.8434,4.433103,0.140897,0.036598,2.7570,0.0060,0.019285,1.109589,0.0000,4.433103,-0.000000,0.000000,5.0000,0.000000,-0.686024,702.4864,0,1,clay,1.0000,0.500000,0,0,0.000000,0.000000,0.000000,0,nan,0.00,0.000000,0.9677,0.0000,0.000000,1.0763,0.43,5.24,6.10,5.27,0.160851,2.0211,-2.1566,0.008000,0.078133,0.5852,0.045509,0.022874,0.036299,-197.9070606883722,287.53727798520475,-540.1786475968674,-255.90276042061527,-0.017193,0.013112,6249.9,6370.6,0.491735,0.318093,0.000000,2.7503,1.0000,,,,,
2.5800,1778836335.146364,215,4.431930,0.231981,0.045893,2.8249,0.0206,0.023673,4.420363,0.162494,0.035540,2.8605,4.448790,0.233024,0.046027,2.7715,0.0083,0.019091,1.104290,0.0000,4.448790,-0.000000,0.000000,5.0000,0.000000,-0.692849,696.9345,0,1,clay,1.0000,0.500000,0,0,0.000000,0.000000,0.000000,0,nan,0.00,0.000000,0.9650,0.0000,0.000000,1.0680,0.43,5.25,6.11,5.27,0.162494,2.0363,-2.1395,0.008000,0.059447,0.8909,0.048682,0.027035,0.036639,-224.10495480692555,350.6283843998798,-539.7247434123133,-266.32628771561303,-0.017876,0.011908,6251.2,6369.3,0.489433,0.339137,0.000000,2.7647,1.0000,,,,,
2.5920,1778836335.158344,216,4.538807,0.162543,0.027544,2.7705,0.0590,0.020723,4.454788,0.164110,0.035802,2.8785,4.555716,0.163326,0.027673,2.7726,0.0166,0.018507,1.103963,0.0000,4.555716,0.000000,0.000000,5.0000,0.000000,-0.695537,686.2211,0,1,clay,1.0000,0.500000,0,0,0.000000,0.000000,0.000000,0,nan,0.00,0.000000,0.9623,0.0000,0.000000,1.0596,0.43,5.25,6.11,5.25,0.164110,2.0513,-2.1215,0.008000,0.083106,-0.3364,0.032254,0.026528,0.032224,-233.34401896300685,457.95546493768484,-546.2836391886991,-299.40221784111844,-0.020850,0.007947,6251.3,6369.2,0.489310,0.351303,0.000000,2.7658,1.0000,,,,,
2.6040,1778836335.170431,217,4.498481,0.186500,0.046415,2.9221,0.0341,0.022530,4.489426,0.165784,0.036075,2.8963,4.515591,0.187626,0.046543,2.8028,0.0191,0.018327,1.101136,0.0000,4.515591,0.000000,0.000000,5.0000,0.000000,-0.705199,668.4079,0,1,clay,1.0000,0.500000,0,0,0.000000,0.000000,0.000000,0,nan,0.00,0.000000,0.9594,0.0000,0.000000,1.0512,0.44,5.23,6.11,5.13,0.165784,2.0669,-2.1037,0.008000,0.100274,0.5842,0.044059,0.025274,0.030558,-236.7275712538931,314.2116074028202,-552.6077285947312,-320.8869553351843,-0.021478,0.006642,6252.0,6368.5,0.488073,0.318338,0.000000,2.7961,1.0000,,,,,
2.6160,1778836335.182341,218,4.454293,0.240866,0.038271,2.9387,0.0053,0.022714,4.524280,0.167433,0.036316,2.9146,4.471528,0.241836,0.038398,2.8304,0.0163,0.018210,1.102365,0.0000,4.471528,-0.000000,0.000000,5.0000,0.000000,-0.719165,653.3545,0,1,clay,1.0000,0.500000,0,0,0.000000,0.000000,0.000000,0,nan,0.00,0.000000,0.9565,0.0000,0.000000,1.0425,0.44,5.26,6.13,5.41,0.167433,2.0808,-2.0854,0.008000,0.069035,0.3250,0.040741,0.020240,0.030083,-348.6460586099961,237.84097493245815,-558.0629775921037,-329.85380525579535,-0.019998,0.007600,6251.7,6368.9,0.488636,0.314116,0.000000,2.8237,1.0000,,,,,
2.6280,1778836335.194352,219,4.573068,0.107107,0.035342,2.9127,-0.0758,0.020650,4.559383,0.169115,0.036553,2.9356,4.590470,0.107924,0.035466,2.8477,0.0003,0.017701,1.098405,0.0000,4.590470,0.000000,0.000000,5.0000,0.000000,-0.730963,630.9493,0,1,clay,1.0000,0.500000,0,0,0.000000,0.000000,0.000000,0,nan,0.00,0.000000,0.9535,0.0000,0.000000,1.0338,0.43,5.27,6.14,5.33,0.169115,2.0944,-2.0644,0.008000,0.140734,0.7282,0.032478,0.010586,0.038714,-188.39739792967998,276.5842883574314,-543.2436686392973,-285.01278271550274,-0.013107,0.013660,6252.7,6367.9,0.486931,0.320541,0.000000,2.8409,1.0000,,,,,
2.6400,1778836335.206415,220,4.614440,0.133557,0.031252,3.0010,0.0205,0.019128,4.594732,0.170811,0.036802,2.9578,4.632095,0.134327,0.031372,2.8787,0.0037,0.017171,1.108435,0.0000,4.632095,0.000000,0.000000,5.0000,0.000000,-0.758844,610.1546,0,1,clay,1.0000,0.500000,0,0,0.000000,0.000000,0.000000,0,nan,0.00,0.000000,0.9504,0.0000,0.000000,1.0246,0.44,5.27,6.15,5.28,0.170811,2.1086,-2.0422,0.008000,0.068322,0.0793,0.054189,0.006248,0.027888,-314.11950938331984,383.6091034137622,-566.8142112493877,-333.7472759611024,-0.013893,0.011716,6250.1,6370.4,0.491398,0.296974,0.000000,2.8719,1.0000,,,,,
2.6520,1778836335.218310,221,4.636925,0.141469,0.040382,3.0829,0.0852,0.019425,4.630355,0.172487,0.037028,2.9782,4.654806,0.142495,0.040499,2.9195,0.0174,0.016881,1.105910,0.0000,4.654806,0.000000,0.000000,5.0000,0.000000,-0.786853,584.7763,0,1,clay,1.0000,0.500000,0,0,0.000000,0.000000,0.000000,0,nan,0.00,0.000000,0.9473,0.0000,0.000000,1.0152,0.44,5.25,6.12,5.15,0.172487,2.1216,-2.0218,0.008000,0.044509,0.0045,0.093127,0.023727,0.030931,-249.97395039024946,381.66853393309844,-581.6901887220724,-390.8488658635735,-0.018763,0.005861,6250.7,6369.9,0.490358,0.279097,0.000000,2.9127,1.0000,,,,,
2.6640,1778836335.230455,222,4.611706,0.186906,0.037791,2.9467,0.0268,0.018842,4.666214,0.174168,0.037235,2.9991,4.629593,0.187889,0.037906,2.9261,0.0186,0.016474,1.109095,0.0000,4.629593,0.000000,0.000000,5.0000,0.000000,-0.806993,583.5616,0,1,clay,1.0000,0.500000,0,0,0.000000,0.000000,0.000000,0,nan,0.00,0.000000,0.9440,0.0000,0.000000,1.0055,0.44,5.26,6.14,5.30,0.174168,2.1334,-2.0009,0.008000,0.100094,-0.1664,0.089594,0.025548,0.029496,-310.7341553305283,325.47901873002775,-586.6552047620914,-402.8388086390645,-0.018861,0.005077,6249.9,6370.7,0.491836,0.313155,0.000000,2.9193,1.0000,,,,,
2.6760,1778836335.242381,223,4.698479,0.151530,0.037174,3.0237,0.0443,0.014233,4.702308,0.175849,0.037413,3.0163,4.716528,0.152522,0.037282,2.9463,0.0225,0.015474,1.110534,0.0000,4.716528,0.000000,-0.000000,5.0000,0.000000,-0.829721,568.4941,0,1,clay,1.0000,0.500000,0,0,0.000000,0.000000,0.000000,0,nan,0.00,0.000000,0.9406,0.0000,0.000000,0.9956,0.44,5.26,6.14,5.25,0.175849,2.1436,-1.9837,0.008000,0.010458,-0.0775,0.071499,0.038327,0.030881,-232.32119147367487,260.6806045770132,-592.8916551843016,-426.11031819630114,-0.019512,0.002754,6249.5,6371.1,0.492530,0.299824,0.000000,2.9395,1.0000,,,,,
2.6880,1778836335.254338,224,4.764323,0.136831,0.029368,2.9738,-0.0218,0.013731,4.738591,0.177578,0.037598,3.0321,4.782410,0.137620,0.029470,2.9529,0.0144,0.014529,1.104841,0.0000,4.782410,-0.000000,-0.000000,5.0000,0.000000,-0.840828,562.4246,0,1,clay,1.0000,0.500000,0,0,0.000000,0.000000,0.000000,0,nan,0.00,0.000000,0.9372,0.0000,0.000000,0.9855,0.44,5.25,6.12,5.17,0.177578,2.1542,-1.9679,0.008000,0.119366,-1.0638,0.064244,0.026316,0.027745,-226.29916371267566,133.47808150843662,-585.2594463503704,-409.56558109782503,-0.015704,0.005191,6250.9,6369.7,0.490076,0.314127,0.000000,2.9461,1.0000,,,,,
2.7000,1778836335.266339,225,4.821800,0.160898,0.042025,3.0365,-0.0492,0.010899,4.775060,0.179272,0.037763,3.0460,4.839947,0.161831,0.042117,2.9703,0.0032,0.013337,1.094858,0.0000,4.839947,-0.000000,-0.000000,5.0000,0.000000,-0.846265,553.4864,0,1,clay,1.0000,0.500000,0,0,0.000000,0.000000,0.000000,0,nan,0.00,0.000000,0.9336,0.0000,0.000000,0.9753,0.44,5.23,6.11,5.17,0.179272,2.1637,-1.9540,0.008000,0.018105,0.7162,0.080633,0.016750,0.034617,-213.53589619096832,37.19714609063486,-571.1994904421944,-384.4683118467611,-0.010508,0.008594,6253.4,6367.2,0.485694,0.305511,0.000000,2.9636,1.0000,,,,,
2.7120,1778836335.278297,226,4.858718,0.022600,0.027622,3.0555,-0.0116,0.011675,4.811684,0.181005,0.037934,3.0584,4.876918,0.023246,0.027709,2.9880,0.0006,0.012531,1.082506,0.0000,4.876918,-0.000000,-0.000000,5.0000,0.000000,-0.844909,538.1960,0,1,clay,1.0000,0.500000,0,0,0.000000,0.000000,0.000000,0,nan,0.00,0.000000,0.9300,0.0000,0.000000,0.9652,0.43,5.23,6.10,5.20,0.181005,2.1734,-1.9416,0.008000,0.193636,-1.1891,0.068447,0.005224,0.025418,-176.1208392355622,37.3996023110831,-557.2470083730275,-373.5880058312315,-0.008879,0.008938,6256.5,6364.1,0.480246,0.302910,0.000000,2.9814,1.0000,,,,,
2.7240,1778836335.290401,227,4.868323,0.209119,0.037075,3.0826,0.0293,0.013598,4.848474,0.182761,0.038115,3.0710,4.886612,0.209969,0.037159,3.0075,0.0055,0.012204,1.072893,0.0000,4.886612,-0.000000,-0.000000,5.0000,0.000000,-0.843740,533.8082,0,1,clay,1.0000,0.500000,0,0,0.000000,0.000000,0.000000,0,nan,0.00,0.000000,0.9263,0.0000,0.000000,0.9551,0.43,5.23,6.09,5.23,0.182761,2.1838,-1.9290,0.008000,0.123871,-0.1801,0.060309,0.018001,0.032293,-102.64209921920005,-0.05654850936582534,-553.6090485398214,-383.7175816266644,-0.010403,0.006767,6259.0,6361.6,0.475995,0.297966,0.000000,3.0010,1.0000,,,,,
2.7360,1778836335.302423,228,4.895227,0.210751,0.033130,3.0579,-0.0650,0.015449,4.885388,0.184557,0.038325,3.0797,4.913614,0.211452,0.033214,3.0184,-0.0067,0.012127,1.053130,0.0000,4.913614,-0.000000,0.000000,5.0000,0.000000,-0.829373,527.6859,0,1,clay,1.0000,0.500000,0,0,0.000000,0.000000,0.000000,0,nan,0.00,0.000000,0.9225,0.0000,0.000000,0.9451,0.44,5.23,6.10,5.22,0.184557,2.1959,-1.9203,0.008000,0.092190,-0.2352,0.054490,0.012822,0.033766,-154.74171674175022,-38.00773866381573,-517.0227294562607,-327.49564643717235,-0.005762,0.011312,6264.0,6356.6,0.467269,0.306225,0.000000,3.0120,1.0000,,,,,
2.7480,1778836335.314473,229,4.918420,0.107850,0.036955,3.0138,0.0850,0.015641,4.922460,0.186406,0.038554,3.0920,4.936806,0.108725,0.037040,3.0187,0.0091,0.012215,1.038087,0.0000,4.936806,-0.000000,0.000000,5.0000,0.000000,-0.808476,522.9976,0,1,clay,1.0000,0.500000,0,0,0.000000,0.000000,0.000000,0,nan,0.00,0.000000,0.9187,0.0000,0.000000,0.9354,0.44,5.24,6.11,5.29,0.186406,2.2090,-1.9080,0.008000,0.038582,0.2215,0.022763,0.025283,0.029472,-138.2641653759659,64.05378976483864,-514.0586909577287,-349.6337039485583,-0.011708,0.005378,6267.8,6352.8,0.460589,0.315940,0.000000,3.0123,1.0000,,,,,
2.7600,1778836335.326394,230,4.954750,0.227804,0.038021,3.0510,-0.0039,0.017661,4.959647,0.188283,0.038795,3.0970,4.973208,0.228689,0.038108,3.0260,0.0066,0.012519,1.011307,0.0000,4.973208,-0.000000,0.000000,5.0000,0.000000,-0.776664,524.6861,0,1,clay,1.0000,0.500000,0,0,0.000000,0.000000,0.000000,0,nan,0.00,0.000000,0.9148,0.0000,0.000000,0.9261,0.44,5.24,6.12,5.27,0.188283,2.2228,-1.9030,0.008000,0.069510,-0.2387,-0.010308,0.012406,0.026031,-78.00928290875963,89.41335423281365,-477.7227595092625,-305.04419521962427,-0.010972,0.006511,6274.6,6346.0,0.448711,0.312862,0.000000,3.0198,1.0000,,,,,
2.7720,1778836335.338964,231,4.984451,0.128624,0.046607,3.0508,0.0484,0.017740,4.996976,0.190239,0.039071,3.1122,5.002980,0.129720,0.046696,3.0320,0.0136,0.012816,1.006644,0.0000,5.002980,0.000000,0.000000,5.0000,-1.000000,-0.758937,516.6805,0,1,clay,1.0000,0.500000,0,0,0.000000,0.000000,0.000000,0,nan,0.00,-0.022727,0.9108,0.0000,-0.012000,0.9170,0.44,5.23,6.11,5.14,0.190239,2.2386,-1.8878,0.008000,0.097560,0.4041,-0.011211,0.020409,0.027376,-86.55094277971514,1306.0890563941807,-484.0348259052233,-320.4185809521756,-0.013734,0.004084,6275.8,6344.7,0.446572,0.300430,0.000000,3.0258,1.0000,,,,,
2.7840,1778836335.350420,232,5.079902,0.160249,0.042128,3.1513,0.0645,0.021162,5.034622,0.192099,0.039331,3.1390,5.098522,0.161306,0.042213,3.0563,0.0192,0.010683,1.018701,-0.0181,5.098522,0.000000,0.000000,5.0000,-1.000000,-0.777439,505.2651,0,1,clay,1.0000,0.500000,0,0,0.000000,0.000000,0.000000,0,nan,0.00,-0.045455,0.9068,0.0000,-0.024000,0.9076,0.44,5.25,6.13,5.37,0.192099,2.2535,-1.8610,0.008000,0.069590,0.1890,-0.007286,0.026731,0.027108,-108.18352066321283,596.6529330713761,-82.93621561747054,-367.5114933659818,-0.029217,0.001471,6272.8,6347.8,0.451841,0.222648,-1.000000,3.0501,1.0000,,,,,
2.7960,1778836335.362440,233,5.066067,0.099020,0.041696,3.1426,-0.0482,0.011126,5.072496,0.193902,0.039506,3.1525,5.084889,0.099967,0.041767,3.0743,0.0046,0.007341,1.016549,-0.0301,5.084889,0.000000,0.000000,5.0000,-1.000000,-0.791643,493.3459,0,1,clay,1.0000,0.500000,0,0,0.000000,0.000000,0.000000,0,nan,0.00,-0.068182,0.9028,0.0000,-0.036000,0.8981,0.44,5.25,6.14,5.26,0.193902,2.2635,-1.8475,0.008000,0.052206,0.6172,0.004591,0.017000,0.027161,-153.41028043368254,-619.9487720059651,-90.89845120425451,-344.94732651817617,-0.035882,0.005419,6273.3,6347.2,0.450950,0.224696,-1.000000,3.0680,1.0000,,,,,
2.8080,1778836335.374415,234,5.117923,0.271187,0.040987,3.0971,0.0570,0.013486,5.110475,0.195720,0.039681,3.1593,5.136830,0.272154,0.041049,3.0798,0.0103,0.004625,0.991793,-0.0422,5.136830,0.000000,0.000000,5.0000,-1.000000,-0.780465,498.4494,0,1,clay,1.0000,0.500000,0,0,0.000000,0.000000,0.000000,0,nan,0.00,-0.090909,0.8987,0.0000,-0.048000,0.8888,0.45,5.25,6.15,5.24,0.195720,2.2735,-1.8407,0.008000,0.096146,-0.1412,-0.006186,0.030550,0.026509,-201.18832487934247,-252.27845181407793,-130.23182721765215,-336.35729296183075,-0.050506,0.002225,6279.6,6341.0,0.440064,0.248189,-1.000000,3.0736,1.0000,,,,,
2.8200,1778836335.386417,235,5.186574,0.117784,0.033569,3.2118,0.1318,0.019444,5.148501,0.197680,0.039905,3.1645,5.205614,0.118729,0.033627,3.1062,0.0274,0.003000,0.941140,-0.0541,5.205614,0.000000,-0.000000,5.0000,-1.000000,-0.739218,475.6604,0,1,clay,1.0000,0.500000,0,0,0.000000,0.000000,0.000000,0,nan,0.00,-0.113636,0.8946,0.0000,-0.060000,0.8799,0.45,5.26,6.15,5.29,0.197680,2.2864,-1.8355,0.008000,0.085072,0.2639,0.004119,0.060944,0.036240,-344.7269430230742,-506.3690607968638,-258.4404434654132,-335.7250337265006,-0.069758,-0.004376,6292.4,6328.2,0.417665,0.231837,-1.000000,3.1004,1.0000,,,,,
2.8320,1778836335.398368,236,5.199985,0.205372,0.035558,3.1853,-0.0186,0.019637,5.186563,0.199660,0.040132,3.1712,5.219117,0.206277,0.035612,3.1225,0.0150,0.001127,0.923300,-0.0661,5.219117,0.000000,-0.000000,5.0000,-1.000000,-0.707905,470.5626,0,1,clay,1.0000,0.500000,0,0,0.000000,0.000000,0.000000,0,nan,0.00,-0.136364,0.8905,0.0000,-0.072000,0.8714,0.44,5.24,6.13,5.17,0.199660,2.2994,-1.8288,0.008000,0.022388,-0.1617,0.001996,0.087425,0.083258,-519.2457053805922,2997.5978767021534,-344.16535657147955,-284.9986922554875,-0.078242,-0.000272,6297.0,6323.6,0.409675,0.247863,-1.000000,3.1168,1.0000,,,,,
2.8440,1778836335.410379,237,5.272827,0.192357,0.050209,3.2225,-0.0355,0.007405,5.224670,0.201473,0.040213,3.1768,5.292032,0.193438,0.050246,3.1427,0.0017,-0.002680,0.888823,-0.0781,5.292032,-0.000000,-0.000000,5.0000,-1.000000,-0.670471,459.7713,0,1,clay,1.0000,0.500000,0,0,0.000000,0.000000,0.000000,0,nan,0.00,-0.159091,0.8863,0.0000,-0.084000,0.8634,0.44,5.23,6.12,5.18,0.201473,2.3041,-1.8232,0.008000,0.065151,0.9043,0.013514,0.043653,0.035575,-849.0368234266682,1986.0981570042181,-450.1223029376349,-211.8252255320849,-0.085152,0.002755,6305.8,6314.8,0.394363,0.239399,-1.000000,3.1373,1.0000,,,,,
2.8560,1778836335.422379,238,5.261325,0.141216,0.040773,3.1389,0.0150,0.002627,5.262878,0.203120,0.040212,3.1881,5.280485,0.142072,0.040789,3.1430,-0.0008,-0.006871,0.882473,-0.0901,5.280485,-0.000000,-0.000000,5.0000,-1.000000,-0.643486,456.7173,0,1,clay,1.0000,0.500000,0,0,0.000000,0.000000,0.000000,0,nan,0.00,-0.181818,0.8822,0.0000,-0.096000,0.8556,0.44,5.23,6.11,5.23,0.203120,2.3040,-1.8119,0.008000,0.029429,0.1439,0.015080,0.031663,0.032378,-926.8552600624446,-1183.2058145897452,-577.9929951448992,-215.30252210673552,-0.095789,0.001574,6307.4,6313.1,0.391452,0.262294,-1.000000,3.1376,1.0000,,,,,
2.8680,1778836335.434326,239,5.309809,0.128068,0.043081,3.1596,-0.0328,0.010267,5.301188,0.204818,0.040273,3.1985,5.328989,0.128891,0.043087,3.1472,-0.0114,-0.009609,0.875502,-0.1021,5.328989,-0.000000,-0.000000,5.0000,-1.000000,-0.627049,453.6961,0,1,clay,1.0000,0.500000,0,0,0.000000,0.000000,0.000000,0,nan,0.00,-0.204545,0.8781,0.0000,-0.108000,0.8481,0.44,5.22,6.09,5.15,0.204818,2.3075,-1.8015,0.008000,0.119822,0.2132,0.014682,0.023802,0.032857,-1007.9506694861352,-509.20932448182157,-693.962960485894,-174.55578191296672,-0.104480,0.004371,6309.2,6311.3,0.388301,0.253348,-1.000000,3.1418,1.0000,,,,,
2.8800,1778836335.446331,240,5.233160,0.237419,0.036598,3.1550,-0.0211,0.008077,5.339604,0.206509,0.040337,3.2102,5.252319,0.238061,0.036593,3.1497,-0.0183,-0.012547,0.873755,-0.1141,5.252319,-0.000000,-0.000000,5.0000,-1.000000,-0.613305,456.9321,0,1,clay,1.0000,0.500000,0,0,0.000000,0.000000,0.000000,0,nan,0.00,-0.227273,0.8740,0.0000,-0.120000,0.8408,0.44,5.21,6.08,5.17,0.206509,2.3112,-1.7898,0.008000,0.115692,-0.6520,0.011730,0.017654,0.034907,-1144.5714836623365,25.487287066087447,-815.2935718014814,-156.72868285058325,-0.114329,0.005668,6309.7,6310.8,0.387481,0.258796,-1.000000,3.1444,1.0000,,,,,
2.8920,1778836335.458380,241,5.367689,0.150710,0.043702,3.1050,-0.1616,0.010264,5.378164,0.208179,0.040403,3.2223,5.386819,0.151283,0.043687,3.1421,-0.0485,-0.015203,0.872109,-0.1261,5.386819,-0.000000,-0.000000,5.0000,-1.000000,-0.608962,456.4225,0,1,clay,1.0000,0.500000,0,0,0.000000,0.000000,0.000000,0,nan,0.00,-0.250000,0.8699,0.0000,-0.132000,0.8335,0.44,5.22,6.10,5.27,0.208179,2.3149,-1.7777,0.008000,0.045040,0.0241,-0.021447,-0.014400,0.037646,-1374.2751570740404,-114.88472848095216,-838.4340044333445,-18.07704578517462,-0.116153,0.015635,6310.2,6310.4,0.386719,0.266530,-1.000000,3.1368,1.0000,,,,,
2.9040,1778836335.470454,242,5.527617,0.209818,0.037283,3.2662,-0.0063,0.000565,5.416859,0.209657,0.040385,3.2332,5.546939,0.210265,0.037249,3.1670,-0.0466,-0.019194,0.855825,-0.1381,5.546939,0.000000,0.000000,5.0000,-1.000000,-0.610872,444.6602,0,1,clay,1.0000,0.500000,0,0,0.000000,0.000000,0.000000,0,nan,0.00,-0.272727,0.8658,0.0000,-0.144000,0.8261,0.44,5.24,6.12,5.32,0.209657,2.3139,-1.7668,0.008000,0.165836,-0.2990,-0.014102,0.003745,0.044300,-1390.8965754131711,231.18202396004972,-1000.0694548031638,-38.58426947138308,-0.128591,0.012955,6314.3,6306.3,0.379521,0.231772,-1.000000,3.1618,1.0000,,,,,
2.9160,1778836335.482342,243,5.506266,0.206030,0.034383,3.2578,-0.0193,-0.000149,5.455720,0.211024,0.040328,3.2486,5.525743,0.206397,0.034332,3.1857,-0.0477,-0.023010,0.860646,-0.1501,5.525743,0.000000,0.000000,5.0000,-1.000000,-0.623381,435.4766,0,1,clay,1.0000,0.500000,0,0,0.000000,0.000000,0.000000,0,nan,0.00,-0.295455,0.8617,0.0000,-0.156000,0.8186,0.44,5.24,6.13,5.29,0.211024,2.3106,-1.7514,0.008000,0.101502,-0.4084,0.001461,0.019587,0.063019,-1609.3546000783083,205.1413800645421,-1109.1333083598036,-77.07504951894316,-0.140079,0.011544,6313.1,6307.5,0.381658,0.230513,-1.000000,3.1804,1.0000,,,,,
2.9280,1778836335.494417,244,5.515304,0.209543,0.040905,3.1751,-0.0286,-0.005975,5.494753,0.212234,0.040235,3.2615,5.534787,0.209992,0.040832,3.1847,-0.0506,-0.027411,0.860496,-0.1621,5.534787,0.000000,0.000000,5.0000,-1.000000,-0.630052,436.2629,0,1,clay,1.0000,0.500000,0,0,0.000000,0.000000,0.000000,0,nan,0.00,-0.318182,0.8577,0.0000,-0.168000,0.8111,0.44,5.25,6.13,5.30,0.212234,2.3053,-1.7385,0.008000,0.077223,0.3998,-0.020918,0.003014,0.051779,-1522.0791305167147,-240.45280614211174,-1196.589143128122,-91.5210812478302,-0.150514,0.010435,6313.1,6307.5,0.381626,0.250259,-1.000000,3.1794,1.0000,,,,,
2.9400,1778836335.506492,245,5.542502,0.221596,0.038315,3.2523,0.0352,-0.007651,5.533975,0.213383,0.040125,3.2799,5.562131,0.222026,0.038221,3.1987,-0.0425,-0.031711,0.852240,-0.1741,5.562131,0.000000,0.000000,5.0000,-1.000000,-0.633265,429.5669,0,1,clay,1.0000,0.500000,0,0,0.000000,0.000000,0.000000,0,nan,0.00,-0.340909,0.8536,0.0000,-0.180000,0.8035,0.44,5.24,6.13,5.16,0.213383,2.2990,-1.7201,0.008000,0.011648,0.1484,-0.021331,0.033818,0.065806,-1965.6659473150555,-178.4975260342719,-1304.5247262031367,-151.22896766710733,-0.164993,0.005449,6315.2,6305.4,0.378004,0.227179,-1.000000,3.1935,1.0000,,,,,
2.9520,1778836335.518347,246,5.583586,0.183123,0.041355,3.2556,-0.1170,-0.015155,5.573405,0.214327,0.039943,3.2936,5.603250,0.183450,0.041236,3.2108,-0.0623,-0.036769,0.855874,-0.1861,5.603250,0.000000,0.000000,5.0000,-0.373652,-0.646626,422.0404,0,1,clay,1.0000,0.500000,0,0,0.000000,0.000000,0.000000,0,nan,0.00,-0.349401,0.8495,0.0000,-0.184484,0.7957,0.44,5.22,6.11,5.13,0.214327,2.2886,-1.7064,0.008000,0.034399,-0.4940,-0.026076,0.016715,0.059338,-1580.1053646393295,738.2542678830049,-1330.2252050816792,-106.55086137830708,-0.169063,0.009877,6314.2,6306.3,0.379613,0.228545,-1.000000,3.2055,1.0000,,,,,
2.9640,1778836335.530377,247,5.670611,0.204832,0.045358,3.3803,0.0279,-0.014744,5.613019,0.215155,0.039725,3.3099,5.690412,0.205287,0.045223,3.2446,-0.0522,-0.039248,0.857298,-0.1868,5.690412,0.000000,-0.000000,5.0000,-0.733024,-0.675466,406.4906,0,1,clay,1.0000,0.500000,0,0,0.000000,0.000000,0.000000,0,nan,0.00,-0.366061,0.8454,0.0000,-0.193280,0.7876,0.44,5.22,6.10,5.19,0.215155,2.2760,-1.6901,0.008000,0.091760,0.3011,0.008124,0.031279,0.060683,-2182.0184006353443,529.684918988502,-1946.6207109809739,-193.6232938051416,-0.176020,0.004709,6313.9,6306.7,0.380272,0.196514,-0.373652,3.2393,1.0000,,,,,
2.9760,1778836335.542401,248,5.599522,0.190465,0.043442,3.3512,0.0203,-0.018683,5.652844,0.215838,0.039446,3.3253,5.619441,0.190894,0.043285,3.2663,-0.0467,-0.043468,0.861938,-0.1978,5.619441,0.000000,0.000000,5.0000,-0.059522,-0.700323,396.3911,0,1,clay,1.0000,0.500000,0,0,0.000000,0.000000,0.000000,0,nan,0.00,-0.367414,0.8413,0.0000,-0.193994,0.7792,0.44,5.22,6.11,5.27,0.215838,2.2601,-1.6747,0.008000,0.067129,0.0754,0.026257,0.058603,0.074944,-1693.1557607802615,15.450113271568625,-1711.1476619266173,-259.32655951548963,-0.185936,0.000675,6312.6,6307.9,0.382397,0.205727,-0.733024,3.2610,1.0000,,,,,
2.9880,1778836335.554418,249,5.683359,0.252564,0.037062,3.2825,-0.0496,-0.032564,5.692871,0.216305,0.039069,3.3414,5.703409,0.252785,0.036877,3.2705,-0.0528,-0.047389,0.861860,-0.1944,5.703409,0.000000,-0.000000,5.0000,-1.000000,-0.720197,396.2886,0,1,clay,1.0000,0.500000,0,0,0.000000,0.000000,0.000000,0,nan,0.00,-0.390141,0.8372,0.0000,-0.205994,0.7706,0.45,5.23,6.14,5.26,0.216305,2.2385,-1.6586,0.008000,0.116425,0.0988,0.028056,0.075669,0.094115,-2044.1140302741076,809.3762428203286,-1768.8996806509285,-271.89968640051023,-0.182065,0.000185,6312.6,6308.0,0.382439,0.220976,-0.059522,3.2652,1.0000,,,,,
3.0000,1778836335.566283,250,5.670003,0.267598,0.034897,3.3699,-0.0287,-0.037701,5.733101,0.216626,0.038629,3.3591,5.690086,0.267704,0.034677,3.2907,-0.0567,-0.054232,0.867192,-0.2121,5.690086,0.000000,-0.000000,5.0000,-1.000000,-0.743821,387.7458,0,1,clay,1.0000,0.500000,0,0,0.000000,0.000000,0.000000,0,nan,0.00,-0.412868,0.8331,0.0000,-0.217994,0.7616,0.44,5.24,6.12,5.30,0.216626,2.2133,-1.6409,0.008000,0.114118,-0.4165,0.056123,0.078073,0.075111,-1779.904758938981,221.4552252866058,-1463.3612436264164,-314.12822197105595,-0.191208,-0.001960,6311.2,6309.3,0.384839,0.198950,-1.000000,3.2854,1.0000,,,,,
3.0120,1778836335.578457,251,5.779991,0.141674,0.032243,3.2774,-0.0543,-0.045079,5.773533,0.216723,0.038087,3.3735,5.800088,0.141624,0.031985,3.2892,-0.0643,-0.061018,0.867942,-0.2241,5.800088,-0.000000,-0.000000,5.0000,1.000000,-0.764011,383.1527,0,1,clay,1.0000,0.500000,0,0,0.000000,0.000000,0.000000,0,nan,0.00,-0.390141,0.8289,0.0000,-0.205994,0.7525,0.43,5.24,6.11,5.26,0.216723,2.1822,-1.6265,0.008000,0.110782,-0.1769,0.031240,0.083777,0.089383,-1869.4667627757353,378.9227533004603,-1499.6248958485003,-328.124880378409,-0.198632,-0.002921,6311.0,6309.6,0.385236,0.226974,-1.000000,3.2839,1.0000,,,,,
3.0240,1778836335.590382,252,5.766453,0.207543,0.042822,3.4861,-0.0009,-0.042721,5.814162,0.216784,0.037562,3.3912,5.786801,0.207737,0.042552,3.3284,-0.0564,-0.060705,0.872078,-0.1999,5.786801,-0.000000,-0.000000,5.0000,0.631786,-0.794669,367.8965,0,1,clay,1.0000,0.500000,0,0,0.000000,0.000000,0.000000,0,nan,0.00,-0.375782,0.8247,0.0000,-0.198413,0.7429,0.44,5.22,6.09,5.09,0.216784,2.1521,-1.6088,0.008000,0.077951,0.6183,0.051271,0.089932,0.084757,-1766.552913424694,246.10829740797953,-1530.0327668927193,-383.7431818652209,-0.186549,-0.006529,6309.9,6310.6,0.387117,0.172813,1.000000,3.3230,1.0000,,,,,
3.0360,1778836335.602361,253,5.829439,0.243705,0.038114,3.4314,-0.0989,-0.045116,5.855001,0.216611,0.036910,3.4062,5.849873,0.243701,0.037829,3.3493,-0.0683,-0.062433,0.876999,-0.1946,5.849873,-0.000000,-0.000000,5.0000,-0.021187,-0.828865,359.6923,0,1,clay,1.0000,0.500000,0,0,0.000000,0.000000,0.000000,0,nan,0.00,-0.376264,0.8204,0.0000,-0.198667,0.7330,0.44,5.23,6.11,5.31,0.216611,2.1148,-1.5938,0.008000,0.038531,0.0013,0.073277,0.079565,0.086137,-1719.9901196750066,63.17901858170367,-1460.520103733563,-374.90311562265936,-0.172948,-0.003969,6308.6,6311.9,0.389368,0.192473,0.631786,3.3440,1.0000,,,,,
3.0480,1778836335.614391,254,5.805773,0.170543,0.039436,3.3716,-0.0121,-0.077631,5.896027,0.216023,0.036038,3.4236,5.826268,0.170512,0.039098,3.3548,-0.0642,-0.070326,0.890934,-0.1988,5.826268,-0.000000,-0.000000,5.0000,1.000000,-0.861708,355.1928,0,1,clay,1.0000,0.500000,0,0,0.000000,0.000000,0.000000,0,nan,0.00,-0.353536,0.8161,0.0000,-0.186667,0.7227,0.44,5.24,6.11,5.26,0.216023,2.0648,-1.5764,0.008000,0.093761,0.2513,0.065366,0.077777,0.075044,-1801.8971689160041,-61.075624688864934,-1742.9055886243113,-470.36996058899933,-0.170318,-0.010160,6305.1,6315.5,0.395616,0.201266,-0.021187,3.3493,1.0000,,,,,
3.0600,1778836335.626369,255,5.950316,0.245631,0.036472,3.5212,-0.1761,-0.080493,5.937295,0.215219,0.035093,3.4407,5.971066,0.245335,0.036097,3.3880,-0.0863,-0.074041,0.887762,-0.1805,5.971066,-0.000000,0.000000,5.0000,-0.148336,-0.899479,342.4853,0,1,clay,1.0000,0.500000,0,0,0.000000,0.000000,0.000000,0,nan,0.00,-0.356908,0.8117,0.0000,-0.188447,0.7119,0.44,5.23,6.12,5.20,0.215219,2.0107,-1.5593,0.008000,0.066152,-0.0623,0.086225,0.056060,0.064480,-1386.7837648142097,3.432945544176789,-1428.9407050924858,-442.486371363398,-0.146634,-0.005910,6305.8,6314.8,0.394309,0.174809,1.000000,3.3826,1.0000,,,,,
3.0720,1778836335.638391,256,6.042263,0.282847,0.034484,3.4282,-0.1159,-0.069756,5.978754,0.214479,0.034229,3.4585,6.063089,0.282405,0.034082,3.3968,-0.0968,-0.078724,0.876981,-0.1894,6.063089,0.000000,0.000000,5.0000,-1.000000,-0.918605,339.3850,0,1,clay,1.0000,0.500000,0,0,0.000000,0.000000,0.000000,0,nan,0.00,-0.379635,0.8072,0.0000,-0.200447,0.7008,0.45,5.24,6.14,5.29,0.214479,1.9612,-1.5415,0.008000,0.079077,-0.3904,0.061091,0.041181,0.063390,-1667.2425173057443,-37.93545622450239,-1759.9085340109716,-418.60149673069884,-0.143305,-0.004944,6308.5,6312.1,0.389653,0.196745,-0.148336,3.3914,1.0000,,,,,
3.0840,1778836335.650378,257,6.055697,0.242828,0.032231,3.5880,-0.0281,-0.084994,6.020422,0.213461,0.033231,3.4740,6.076754,0.242315,0.031785,3.4348,-0.0920,-0.086941,0.868438,-0.2066,6.076754,0.000000,0.000000,5.0000,0.214890,-0.937242,321.4830,0,1,clay,1.0000,0.500000,0,0,0.000000,0.000000,0.000000,0,nan,0.00,-0.374751,0.8027,0.0000,-0.197869,0.6896,0.44,5.25,6.13,5.27,0.213461,1.9040,-1.5260,0.008000,0.120022,-0.3843,0.076996,0.044605,0.055180,-1360.5797484740538,-50.35857938246505,-1340.347250583377,-490.2273616772728,-0.155223,-0.010552,6310.6,6310.0,0.385933,0.167776,-1.000000,3.4295,1.0000,,,,,
3.0960,1778836335.662299,258,6.142696,0.129257,0.030986,3.5455,-0.0368,-0.082150,6.062283,0.212458,0.032289,3.4911,6.163868,0.128719,0.030518,3.4572,-0.0863,-0.089489,0.861825,-0.1966,6.163868,0.000000,-0.000000,5.0000,1.000000,-0.956196,308.4095,0,1,clay,1.0000,0.500000,0,0,0.000000,0.000000,0.000000,0,nan,0.00,-0.352024,0.7981,0.0000,-0.185869,0.6781,0.44,5.23,6.11,5.16,0.212458,1.8500,-1.5089,0.008000,0.166182,-0.0660,0.095287,0.054794,0.054196,-1489.5480938301757,-213.28201782155193,-1513.9618766421431,-524.9277539299717,-0.152243,-0.014265,6312.3,6308.3,0.383060,0.176830,0.214890,3.4519,1.0000,,,,,
3.1080,1778836335.674432,259,6.110624,0.227234,0.027837,3.5641,-0.0506,-0.080141,6.104346,0.211415,0.031353,3.5052,6.131896,0.226633,0.027359,3.4788,-0.0824,-0.089423,0.844781,-0.1798,6.131896,0.000000,0.000000,5.0000,0.803699,-0.955599,301.9884,0,1,clay,1.0000,0.500000,0,0,0.000000,0.000000,0.000000,0,nan,0.00,-0.333758,0.7935,0.0000,-0.176224,0.6666,0.44,5.25,6.13,5.37,0.211415,1.7964,-1.4948,0.008000,0.098580,-0.0812,0.096197,0.064032,0.060389,-982.3768511185937,643.868667940627,-1423.5432399954948,-537.1368992483633,-0.139381,-0.016245,6316.5,6304.0,0.375583,0.179656,1.000000,3.4736,1.0000,,,,,
3.1200,1778836335.686412,260,6.072607,0.344938,0.036324,3.5020,-0.0484,-0.089177,6.146563,0.210124,0.030293,3.5175,6.093955,0.344501,0.035826,3.4844,-0.0794,-0.091312,0.850749,-0.1713,6.093955,0.344501,-0.444750,5.0000,-1.000000,-0.960518,307.2711,0,1,clay,1.0000,0.500000,0,0,0.000000,0.000000,0.000000,0,nan,0.00,-0.356485,0.7887,0.0000,-0.188224,0.6551,0.43,5.27,6.13,5.33,0.210124,1.7357,-1.4825,0.008000,0.216497,0.5982,0.103152,0.058717,0.044975,-1520.320777197931,38.77022125996268,-1338.661397467018,-574.519754479817,-0.128206,-0.018863,6315.0,6305.5,0.378221,0.196120,0.803699,3.4791,1.0000,,,,,
3.1320,1778836335.698462,261,6.159222,0.199473,0.030955,3.5526,-0.0637,-0.102752,6.188953,0.208516,0.029077,3.5311,6.180734,0.198831,0.030410,3.4986,-0.0841,-0.099992,0.848716,-0.1944,6.180734,0.000000,-0.000000,5.0000,0.978091,-0.973987,293.4205,0,1,clay,1.0000,0.500000,0,0,0.000000,0.000000,0.000000,0,nan,0.00,-0.334256,0.7839,0.0000,-0.176487,0.6434,0.44,5.25,6.13,5.19,0.208516,1.6660,-1.4689,0.008000,0.039612,-0.3167,0.077793,0.071020,0.061421,-1128.1734180506237,-45.84965755132973,-1253.6318457981001,-615.366875895818,-0.137073,-0.021347,6315.5,6305.0,0.377346,0.188564,-1.000000,3.4934,1.0000,,,,,
3.1440,1778836335.710425,262,6.243668,0.211015,0.037210,3.6048,-0.0343,-0.101865,6.231530,0.206833,0.027888,3.5496,6.265275,0.210521,0.036649,3.5201,-0.0769,-0.100405,0.838164,-0.1705,6.265275,-0.000000,-0.000000,5.0000,0.501769,-0.984800,284.7094,0,1,clay,1.0000,0.500000,0,0,0.000000,0.000000,0.000000,0,nan,0.00,-0.322852,0.7790,0.0000,-0.170466,0.6316,0.44,5.24,6.12,5.18,0.206833,1.5979,-1.4504,0.008000,0.065066,0.3222,0.077870,0.074182,0.045889,-1470.9566682321642,-1102.7250039553182,-1384.495033362527,-651.4668667418173,-0.124675,-0.024804,6318.2,6302.4,0.372718,0.177443,0.978091,3.5149,1.0000,,,,,
3.1560,1778836335.722445,263,6.343273,0.309578,0.024433,3.5615,-0.1428,-0.085499,6.274277,0.205300,0.026852,3.5607,6.364908,0.308709,0.023871,3.5291,-0.0918,-0.100221,0.844730,-0.1674,6.364908,0.308709,-0.402294,5.0000,-1.000000,-1.007053,285.2947,0,1,clay,1.0000,0.500000,0,0,0.000000,0.000000,0.000000,0,nan,0.00,-0.345579,0.7741,0.0000,-0.182466,0.6195,0.44,5.25,6.13,5.29,0.205300,1.5385,-1.4393,0.008000,0.230958,-0.4373,0.080042,0.045757,0.040376,-1077.6097685881525,-315.06330478067304,-1206.9107916746505,-592.0300029017992,-0.113491,-0.020138,6316.5,6304.1,0.375644,0.190515,0.501769,3.5239,1.0000,,,,,
3.1680,1778836335.735019,264,6.335620,0.301960,0.024836,3.5419,-0.1737,-0.089286,6.317207,0.203593,0.025759,3.5789,6.357411,0.300940,0.024254,3.5326,-0.1130,-0.104833,0.842340,-0.1886,6.357411,0.300940,-0.392415,5.0000,-1.000000,-1.017280,283.2924,0,1,clay,1.0000,0.500000,0,0,0.000000,0.000000,0.000000,0,nan,0.00,-0.368307,0.7691,0.0000,-0.194466,0.6073,0.46,5.23,6.15,5.13,0.203593,1.4759,-1.4211,0.008000,0.069507,-0.2210,0.050584,0.046365,0.051789,-1513.6010650215976,-1379.8800234958042,-1065.2622249359201,-546.4133410378568,-0.119263,-0.015067,6317.1,6303.5,0.374665,0.192505,-1.000000,3.5274,1.0000,,,,,
3.1800,1778836335.746352,265,6.455925,0.144275,0.025427,3.6841,0.0059,-0.089363,6.360328,0.201817,0.024689,3.5936,6.477781,0.143358,0.024834,3.5629,-0.0984,-0.108062,0.846314,-0.2006,6.477781,-0.000000,0.000000,5.0000,1.000000,-1.048121,265.9860,0,1,clay,1.0000,0.500000,0,0,0.000000,0.000000,0.000000,0,nan,0.00,-0.345579,0.7640,0.0000,-0.182466,0.5947,0.45,5.24,6.14,5.31,0.201817,1.4146,-1.4064,0.008000,0.137932,-0.0448,0.073228,0.081749,0.064348,-1136.1046257893731,-1753.0008761277973,-1243.0307467747275,-613.25511487013,-0.136504,-0.020674,6316.1,6304.5,0.376432,0.161174,-1.000000,3.5577,1.0000,,,,,
3.1920,1778836335.758345,266,6.325797,0.212616,0.029648,3.6298,-0.0516,-0.079899,6.403669,0.200068,0.023703,3.6122,6.347786,0.211847,0.029069,3.5769,-0.0918,-0.103755,0.846212,-0.1763,6.347786,-0.000000,-0.000000,5.0000,1.000000,-1.060185,263.3503,0,1,clay,1.0000,0.500000,0,0,0.000000,0.000000,0.000000,0,nan,0.00,-0.322852,0.7588,0.0000,-0.170466,0.5820,0.45,5.25,6.15,5.31,0.200068,1.3581,-1.3878,0.008000,0.096706,0.3757,0.050046,0.076252,0.060476,-1412.0737065093763,-1468.4495092961865,-1354.004295124399,-607.959797750127,-0.126217,-0.021208,6316.0,6304.5,0.376477,0.168331,1.000000,3.5717,1.0000,,,,,
3.2040,1778836335.770450,267,6.425865,0.287581,0.021090,3.6489,-0.1259,-0.069043,6.447182,0.198418,0.022853,3.6254,6.448002,0.286601,0.020532,3.5918,-0.0999,-0.099213,0.835967,-0.1643,6.448002,-0.000000,0.000000,5.0000,-0.771395,-1.068941,259.8705,0,1,clay,1.0000,0.500000,0,0,0.000000,0.000000,0.000000,0,nan,0.00,-0.340384,0.7536,0.0000,-0.179723,0.5692,0.45,5.26,6.16,5.28,0.198418,1.3094,-1.3746,0.008000,0.190805,-0.0274,0.043225,0.049737,0.050940,-1250.2096328577518,-1033.746735999548,-1243.4403915989474,-553.6906842699552,-0.112579,-0.016605,6318.6,6302.0,0.371994,0.167928,1.000000,3.5866,1.0000,,,,,
3.2160,1778836335.782488,268,6.481139,0.263043,0.017628,3.6491,-0.0781,-0.076231,6.490845,0.196427,0.021844,3.6371,6.503368,0.261974,0.017067,3.6038,-0.1025,-0.101503,0.821167,-0.1845,6.503368,0.000000,0.000000,5.0000,0.141419,-1.067570,253.5641,0,1,clay,1.0000,0.500000,0,0,0.000000,0.000000,0.000000,0,nan,0.00,-0.337170,0.7483,0.0000,-0.178026,0.5564,0.45,5.26,6.17,5.30,0.196427,1.2516,-1.3629,0.008000,0.049335,-0.0452,0.035423,0.082006,0.092077,-1581.234773661963,-2398.3964237976443,-1320.299721564454,-552.3591807285984,-0.122475,-0.016151,6322.3,6298.2,0.365486,0.169043,-0.771395,3.5987,1.0000,,,,,
3.2280,1778836335.794334,269,6.559499,0.220138,0.026830,3.6665,-0.0824,-0.092944,6.534680,0.194061,0.020684,3.6521,6.581826,0.219254,0.026256,3.6168,-0.1023,-0.102681,0.804225,-0.1772,6.581826,0.000000,0.000000,5.0000,0.995033,-1.060827,246.5422,0,1,clay,1.0000,0.500000,0,0,0.000000,0.000000,0.000000,0,nan,0.00,-0.314555,0.7429,0.0000,-0.166085,0.5437,0.45,5.27,6.17,5.30,0.194061,1.1851,-1.3479,0.008000,0.163082,0.0078,0.042399,0.088930,0.095051,-1562.5087140853184,-1703.0677949020132,-1452.5667847573886,-569.7396506514357,-0.119693,-0.017075,6326.6,6293.9,0.358003,0.161312,0.141419,3.6118,1.0000,,,,,
3.2400,1778836335.806438,270,6.678818,0.241290,0.004811,3.5911,-0.0950,-0.087094,6.578697,0.191753,0.019641,3.6695,6.701129,0.239909,0.004240,3.6129,-0.1024,-0.100488,0.813582,-0.1599,6.701129,0.000000,-0.000000,5.0000,1.000000,-1.072595,247.7002,0,1,clay,1.0000,0.500000,0,0,0.000000,0.000000,0.000000,0,nan,0.00,-0.291828,0.7374,0.0000,-0.154085,0.5308,0.45,5.26,6.17,5.24,0.191753,1.1253,-1.3305,0.008000,0.157879,-0.8938,0.024365,0.050731,0.055383,-1623.653826597853,-247.22756218577936,-1246.7406589972443,-564.249086414489,-0.106467,-0.016672,6324.3,6296.3,0.362120,0.177889,0.995033,3.6078,1.0000,,,,,
3.2520,1778836335.818311,271,6.587319,0.182656,0.017082,3.6816,-0.0962,-0.083852,6.622904,0.189409,0.018640,3.6836,6.609657,0.181558,0.016521,3.6271,-0.1026,-0.098191,0.808901,-0.1479,6.609657,0.000000,0.000000,5.0000,1.000000,-1.073817,241.6170,0,1,clay,1.0000,0.500000,0,0,0.000000,0.000000,0.000000,0,nan,0.00,-0.269101,0.7319,0.0000,-0.142085,0.5179,0.45,5.27,6.16,5.32,0.189409,1.0680,-1.3164,0.008000,0.035301,-0.5458,0.018222,0.043534,0.060065,-1701.8213784289287,-1440.108157436899,-1139.6815218157908,-555.8779000230702,-0.093934,-0.015909,6325.4,6295.1,0.360075,0.157525,1.000000,3.6221,1.0000,,,,,
3.2640,1778836335.830361,272,6.752354,0.213077,0.011741,3.7307,-0.1932,-0.089651,6.667264,0.186846,0.017548,3.6962,6.774865,0.211742,0.011179,3.6480,-0.1193,-0.096972,0.785566,-0.1359,6.774865,-0.000000,-0.000000,5.0000,0.846541,-1.070518,233.3975,0,1,clay,1.0000,0.500000,0,0,0.000000,0.000000,0.000000,0,nan,0.00,-0.249861,0.7264,0.0000,-0.131927,0.5051,0.45,5.28,6.18,5.30,0.186846,1.0054,-1.3038,0.008000,0.085933,-0.1208,0.029536,0.041894,0.071289,-1327.297105258818,-122.87115564230726,-1007.7004673561388,-486.8027406925514,-0.076041,-0.010632,6331.3,6289.2,0.349782,0.149573,1.000000,3.6431,1.0000,,,,,
3.2760,1778836335.842441,273,6.683671,0.282870,0.031984,3.7978,-0.1453,-0.097191,6.711800,0.184067,0.016373,3.7113,6.706446,0.281943,0.031412,3.6780,-0.1245,-0.097198,0.788189,-0.1267,6.706446,0.000000,-0.000000,5.0000,-1.000000,-1.078124,227.6530,0,1,clay,1.0000,0.500000,0,0,0.000000,0.000000,0.000000,0,nan,0.00,-0.272588,0.7207,0.0000,-0.143927,0.4921,0.45,5.25,6.16,5.11,0.184067,0.9381,-1.2887,0.008000,0.027745,1.0435,0.056211,0.052919,0.077850,-1372.306482684718,-1668.5247034418178,-871.1740748316768,-484.94513593749576,-0.063316,-0.009601,6330.7,6289.9,0.350938,0.130298,0.846541,3.6731,1.0000,,,,,
3.2880,1778836335.854319,274,6.822795,0.164860,0.013730,3.7369,-0.1770,-0.092623,6.756525,0.181211,0.015225,3.7269,6.845483,0.163421,0.013146,3.6901,-0.1387,-0.101671,0.760804,-0.1501,6.845483,-0.000000,-0.000000,5.0000,1.000000,-1.069460,216.9394,0,1,clay,1.0000,0.500000,0,0,0.000000,0.000000,0.000000,0,nan,0.00,-0.249861,0.7150,0.0000,-0.131927,0.4793,0.45,5.25,6.15,5.26,0.181211,0.8723,-1.2731,0.008000,0.041428,-0.0170,0.037849,0.010200,0.052942,-1344.8727355885578,-468.39769124632153,-686.9416458547821,-423.52985614429866,-0.071778,-0.006737,6337.6,6283.0,0.338849,0.145289,-1.000000,3.6854,1.0000,,,,,
3.3000,1778836335.866441,275,6.812891,0.169792,0.021941,3.7350,-0.0796,-0.095827,6.801411,0.178304,0.014095,3.7427,6.835659,0.168605,0.021359,3.6998,-0.1273,-0.099239,0.774866,-0.1258,6.835659,-0.000000,-0.000000,5.0000,1.000000,-1.081401,214.6400,0,1,clay,1.0000,0.500000,0,0,0.000000,0.000000,0.000000,0,nan,0.00,-0.227134,0.7093,0.0000,-0.119927,0.4663,0.45,5.25,6.15,5.25,0.178304,0.8076,-1.2573,0.008000,0.109955,0.1861,0.033487,0.041504,0.081301,-1347.1533490862469,-465.89453367310614,-890.2837843068083,-481.2033693026603,-0.061742,-0.009827,6334.1,6286.5,0.345036,0.144050,1.000000,3.6950,1.0000,,,,,
3.3120,1778836335.878362,276,6.804901,0.230194,0.010035,3.8006,-0.1281,-0.085586,6.846469,0.175449,0.013037,3.7549,6.827777,0.228749,0.009464,3.7202,-0.1272,-0.096305,0.769784,-0.1138,6.827777,-0.000000,-0.000000,5.0000,-0.473943,-1.089627,209.7501,0,1,clay,1.0000,0.500000,0,0,0.000000,0.000000,0.000000,0,nan,0.00,-0.237905,0.7035,0.0000,-0.125614,0.4532,0.45,5.25,6.14,5.22,0.175449,0.7469,-1.2451,0.008000,0.038105,-0.0330,0.040049,0.043850,0.074677,-1268.7467455926537,-184.00544674244543,-763.450086454305,-467.5128380349473,-0.049884,-0.008828,6335.3,6285.2,0.342824,0.131541,1.000000,3.7154,1.0000,,,,,
3.3240,1778836335.890481,277,6.981193,0.162210,0.013031,3.6585,-0.1873,-0.091792,6.891685,0.172422,0.011905,3.7693,7.004027,0.160736,0.012451,3.7092,-0.1409,-0.098842,0.766693,-0.1285,7.004027,0.000000,0.000000,5.0000,1.000000,-1.098765,210.1955,0,1,clay,1.0000,0.500000,0,0,0.000000,0.000000,0.000000,0,nan,0.00,-0.215178,0.6976,0.0000,-0.113614,0.4400,0.45,5.26,6.16,5.30,0.172422,0.6821,-1.2307,0.008000,0.141426,0.3503,0.018499,0.023774,0.067979,-1162.9966450440431,-385.14437336981416,-836.1316800959444,-418.33752990817015,-0.051577,-0.005551,6336.1,6284.5,0.341484,0.162452,-0.473943,3.7044,1.0000,,,,,
3.3360,1778836335.902409,278,6.967198,0.250471,0.017520,3.8419,-0.2002,-0.098040,6.937076,0.169182,0.010676,3.7835,6.990214,0.249032,0.016940,3.7358,-0.1499,-0.097051,0.765081,-0.1075,6.990214,-0.000000,0.000000,5.0000,-1.000000,-1.110397,205.0001,0,1,clay,1.0000,0.500000,0,0,0.000000,0.000000,0.000000,0,nan,0.00,-0.237905,0.6917,0.0000,-0.125614,0.4267,0.45,5.26,6.16,5.30,0.169182,0.6117,-1.2165,0.008000,0.053284,0.0878,0.033788,0.003472,0.059697,-1214.7927675980986,-1416.6025212188515,-648.0917726776827,-380.85322502452595,-0.035893,-0.002751,6336.5,6284.1,0.340799,0.117648,1.000000,3.7310,1.0000,,,,,
3.3480,1778836335.914415,279,6.970483,0.208946,0.009937,3.8482,-0.1517,-0.090585,6.982644,0.165967,0.009534,3.7989,6.993638,0.207301,0.009346,3.7584,-0.1543,-0.100743,0.758909,-0.1318,6.993638,-0.000000,0.000000,5.0000,0.186160,-1.119206,195.9875,0,1,clay,1.0000,0.500000,0,0,0.000000,0.000000,0.000000,0,nan,0.00,-0.233674,0.6858,0.0000,-0.123380,0.4133,0.45,5.26,6.16,5.23,0.165967,0.5463,-1.2011,0.008000,0.092124,0.9021,0.059482,-0.006719,0.049092,-1139.0770343152992,140.06191784684995,-466.3231427465362,-376.7459291894319,-0.048084,-0.002367,6338.0,6282.5,0.338107,0.116074,-1.000000,3.7537,1.0000,,,,,
3.3600,1778836335.926441,280,7.104355,0.184171,0.006615,3.7844,-0.2035,-0.090909,7.028379,0.162763,0.008430,3.8139,7.127506,0.182395,0.006028,3.7643,-0.1632,-0.099587,0.759829,-0.1222,7.127506,0.000000,0.000000,5.0000,1.000000,-1.135226,192.7937,0,1,clay,1.0000,0.500000,0,0,0.000000,0.000000,0.000000,0,nan,0.00,-0.210947,0.6798,0.0000,-0.111380,0.3997,0.45,5.27,6.16,5.32,0.162763,0.4830,-1.1861,0.008000,0.133177,-0.0050,0.051639,-0.022225,0.044331,-1151.3862661786097,-378.9876665680314,-759.9426008714778,-336.7365846870863,-0.043072,0.000571,6337.8,6282.8,0.338532,0.129822,0.186160,3.7596,1.0000,,,,,
3.3720,1778836335.938363,281,7.127840,0.156499,-0.000016,3.8451,-0.1831,-0.085661,7.074289,0.159564,0.007373,3.8295,7.151120,0.154567,-0.000590,3.7809,-0.1651,-0.095932,0.761597,-0.1052,7.151120,0.000000,0.000000,5.0000,1.000000,-1.152889,187.3498,0,1,clay,1.0000,0.500000,0,0,0.000000,0.000000,0.000000,0,nan,0.00,-0.188220,0.6737,0.0000,-0.099380,0.3858,0.45,5.28,6.17,5.35,0.159564,0.4224,-1.1705,0.008000,0.034198,-0.0858,0.049627,-0.017175,0.046719,-1021.7055766999599,559.0270186977805,-585.5649814703396,-318.970577349159,-0.030560,0.002337,6337.3,6283.2,0.339361,0.113354,1.000000,3.7762,1.0000,,,,,
3.3840,1778836335.950293,282,7.153192,0.201477,0.013587,3.8522,-0.1750,-0.083101,7.120348,0.156307,0.006310,3.8386,7.176575,0.199880,0.013028,3.7955,-0.1652,-0.092515,0.749170,-0.0932,7.176575,0.000000,-0.000000,5.0000,-0.464890,-1.156620,183.8871,0,1,clay,1.0000,0.500000,0,0,0.000000,0.000000,0.000000,0,nan,0.00,-0.198785,0.6675,0.0000,-0.104959,0.3720,0.44,5.23,6.11,4.98,0.156307,0.3615,-1.1614,0.008000,0.100920,-0.4644,0.034113,0.006280,0.075777,-1069.3091719889812,-359.46565338855976,-466.6849996156955,-288.8384242992805,-0.018795,0.003562,6340.4,6280.1,0.333921,0.114756,1.000000,3.7909,1.0000,,,,,
3.3960,1778836335.962427,283,7.212507,0.182949,0.014451,3.8946,-0.1594,-0.094916,7.166550,0.152842,0.005138,3.8544,7.235834,0.181369,0.013884,3.8156,-0.1661,-0.095596,0.759808,-0.1078,7.235834,0.000000,-0.000000,5.0000,-0.074571,-1.180068,177.8076,0,1,clay,1.0000,0.500000,0,0,0.000000,0.000000,0.000000,0,nan,0.00,-0.200480,0.6613,0.0000,-0.105854,0.3578,0.44,5.24,6.12,5.30,0.152842,0.2944,-1.1456,0.008000,0.044859,0.6573,0.044766,-0.017217,0.034461,-1129.0379699222449,-1403.8088167516794,-547.2504996198603,-312.0955914586714,-0.024573,0.002713,6337.8,6282.8,0.338604,0.100974,-0.464890,3.8110,1.0000,,,,,
3.4080,1778836335.974391,284,7.201535,0.072454,-0.000561,3.8502,-0.1898,-0.085631,7.212929,0.149326,0.004017,3.8693,7.224882,0.070501,-0.001123,3.8232,-0.1706,-0.094909,0.758423,-0.1063,7.224882,0.000000,-0.000000,5.0000,1.000000,-1.193219,174.2645,0,1,clay,1.0000,0.500000,0,0,0.000000,0.000000,0.000000,0,nan,0.00,-0.177753,0.6551,0.0000,-0.093854,0.3435,0.43,5.23,6.10,5.15,0.149326,0.2302,-1.1307,0.008000,0.075785,-0.6873,0.041272,-0.033094,0.035510,-895.1348144474855,-1466.1008491258244,-680.572737977304,-294.4578288992051,-0.024662,0.004384,6338.1,6282.5,0.338056,0.109069,-0.074571,3.8186,1.0000,,,,,
3.4200,1778836335.986384,285,7.138577,0.102816,0.013407,3.9012,-0.2127,-0.081416,7.259491,0.145981,0.003059,3.8840,7.162036,0.101177,0.012861,3.8392,-0.1756,-0.090736,0.753384,-0.0877,7.162036,0.000000,-0.000000,5.0000,1.000000,-1.196834,169.9222,0,1,clay,1.0000,0.500000,0,0,0.000000,0.000000,0.000000,0,nan,0.00,-0.155026,0.6487,0.0000,-0.081854,0.3291,0.44,5.22,6.10,5.15,0.145981,0.1753,-1.1160,0.008000,0.118556,0.7777,0.037380,-0.035340,0.042793,-902.5263432183258,-439.85995324769385,-390.99645528043925,-249.45277091913297,-0.011411,0.007233,6339.3,6281.2,0.335865,0.098742,1.000000,3.8346,1.0000,,,,,
3.4320,1778836335.998364,286,7.281682,0.111770,0.000319,3.9195,-0.1616,-0.073072,7.306191,0.142673,0.002173,3.8959,7.305193,0.109887,-0.000204,3.8556,-0.1708,-0.086094,0.751403,-0.0758,7.305193,-0.000000,-0.000000,5.0000,1.000000,-1.210709,164.8770,0,1,clay,1.0000,0.500000,0,0,0.000000,0.000000,0.000000,0,nan,0.00,-0.132298,0.6423,0.0000,-0.069854,0.3146,0.44,5.24,6.12,5.34,0.142673,0.1245,-1.1041,0.008000,0.096687,-0.1288,0.065151,-0.034002,0.035905,-623.4636112214655,-370.1255590023867,-275.23772144984815,-249.89085868889885,-0.001700,0.007655,6339.8,6280.7,0.334996,0.097126,1.000000,3.8510,1.0000,,,,,
3.4440,1778836336.010413,287,7.373758,0.182846,0.002494,3.9502,-0.1984,-0.081195,7.353050,0.139166,0.001175,3.9079,7.397452,0.181007,0.001982,3.8748,-0.1729,-0.083229,0.744994,-0.0637,7.397452,-0.000000,-0.000000,5.0000,-0.226849,-1.223564,160.7198,0,1,clay,1.0000,0.500000,0,0,0.000000,0.000000,0.000000,0,nan,0.00,-0.137454,0.6359,0.0000,-0.072576,0.2999,0.44,5.22,6.10,5.15,0.139166,0.0673,-1.0921,0.008000,0.043182,-0.2716,0.057920,-0.027194,0.046356,-791.8768475657972,-395.8140931734955,-113.25884208865938,-214.0273929137455,0.010818,0.009124,6341.4,6279.1,0.332212,0.088419,1.000000,3.8702,1.0000,,,,,
3.4560,1778836336.022458,288,7.434147,0.049699,0.003542,3.9510,-0.2329,-0.089604,7.400066,0.135463,0.000097,3.9243,7.457918,0.047807,0.003020,3.8904,-0.1836,-0.085522,0.745788,-0.0740,7.457918,-0.000000,0.000000,5.0000,1.000000,-1.240335,154.8384,0,1,clay,1.0000,0.500000,0,0,0.000000,0.000000,0.000000,0,nan,0.00,-0.114727,0.6294,0.0000,-0.060576,0.2850,0.44,5.23,6.11,5.24,0.135463,0.0056,-1.0757,0.008000,0.144751,0.2447,0.051531,-0.032873,0.048793,-711.7988167824114,-481.9270029386059,-130.6884740758098,-172.81244151478816,0.010874,0.011299,6341.2,6279.4,0.332595,0.087651,-0.226849,3.8858,1.0000,,,,,
3.4680,1778836336.034350,289,7.500293,0.013746,-0.007140,3.8788,-0.2341,-0.080121,7.447269,0.131768,-0.000936,3.9398,7.524005,0.011583,-0.007646,3.8890,-0.1886,-0.081597,0.744620,-0.0545,7.524005,0.000000,0.000000,5.0000,1.000000,-1.250805,155.2222,0,1,clay,1.0000,0.500000,0,0,0.000000,0.000000,0.000000,0,nan,0.00,-0.092000,0.6228,0.0000,-0.048576,0.2700,0.44,5.21,6.09,5.14,0.131768,-0.0537,-1.0602,0.008000,0.138836,-0.1838,0.044158,-0.049099,0.035306,-316.1736713731349,-527.9401623662986,88.37980433748817,-139.4600573868796,0.024718,0.013955,6341.5,6279.1,0.332120,0.104957,1.000000,3.8845,1.0000,,,,,
3.4800,1778836336.046372,290,7.482939,0.093998,-0.002810,4.0453,-0.1327,-0.067196,7.494644,0.128350,-0.001789,3.9537,7.506815,0.092062,-0.003290,3.9201,-0.1752,-0.076562,0.726745,-0.0425,7.506815,0.000000,0.000000,5.0000,1.000000,-1.247842,146.4744,0,1,clay,1.0000,0.500000,0,0,0.000000,0.000000,0.000000,0,nan,0.00,-0.069272,0.6161,0.0000,-0.036576,0.2550,0.44,5.21,6.09,5.17,0.128350,-0.1025,-1.0463,0.008000,0.054374,0.4225,0.058546,-0.054051,0.018101,62.900662467030614,87.21754558938983,211.06088988548845,-158.21119090240603,0.031509,0.012049,6346.0,6274.6,0.324251,0.072150,1.000000,3.9156,1.0000,,,,,
3.4920,1778836336.058349,291,7.544050,0.127315,-0.005677,4.0111,-0.1322,-0.073069,7.542203,0.124876,-0.002681,3.9714,7.568007,0.125403,-0.006140,3.9385,-0.1638,-0.072955,0.728415,-0.0305,7.568007,0.000000,0.000000,5.0000,0.439037,-1.257023,142.4463,0,1,clay,1.0000,0.500000,0,0,0.000000,0.000000,0.000000,0,nan,0.00,-0.059294,0.6094,0.0000,-0.031307,0.2399,0.44,5.19,6.08,5.12,0.124876,-0.1536,-1.0286,0.008000,0.048046,-0.5416,0.063642,-0.038765,0.025270,-130.7231566891968,-187.08195484217993,326.44643704560764,-193.2304918497636,0.039923,0.010031,6345.6,6275.0,0.324977,0.077431,1.000000,3.9341,1.0000,,,,,
3.5040,1778836336.070449,292,7.585301,0.120860,-0.006792,3.9163,-0.1594,-0.081770,7.589929,0.121296,-0.003641,3.9840,7.609205,0.118943,-0.007255,3.9351,-0.1604,-0.072630,0.730531,-0.0286,7.609205,0.000000,0.000000,5.0000,0.090520,-1.265090,143.1032,0,1,clay,1.0000,0.500000,0,0,0.000000,0.000000,0.000000,0,nan,0.00,-0.057237,0.6026,0.0000,-0.030221,0.2248,0.44,5.19,6.08,5.19,0.121296,-0.2086,-1.0160,0.008000,0.047059,-0.6369,0.039029,-0.021984,0.041429,-42.06151008392524,-88.6632208454705,401.1562650483125,-204.91470759249557,0.044678,0.009066,6345.0,6275.5,0.325932,0.101796,0.439037,3.9306,1.0000,,,,,
3.5160,1778836336.082435,293,7.542765,0.146463,0.006273,4.0099,-0.1683,-0.079791,7.637839,0.117784,-0.004547,3.9994,7.566776,0.144865,0.005811,3.9504,-0.1598,-0.072673,0.728697,-0.0297,7.566776,0.000000,0.000000,5.0000,-1.000000,-1.270278,140.3126,0,1,clay,1.0000,0.500000,0,0,0.000000,0.000000,0.000000,0,nan,0.00,-0.079964,0.5958,0.0000,-0.042221,0.2095,0.44,5.21,6.09,5.28,0.117784,-0.2605,-1.0006,0.008000,0.126262,0.9676,0.046923,-0.055453,-0.002270,160.53496837063645,-322.74199680131665,428.51154800585954,-208.52060552130146,0.045281,0.008847,6345.5,6275.1,0.325142,0.075610,0.090520,3.9460,1.0000,,,,,
3.5280,1778836336.094397,294,7.740875,0.142531,-0.005246,4.0137,-0.1769,-0.064052,7.685920,0.114499,-0.005324,4.0136,7.764989,0.140651,-0.005702,3.9635,-0.1636,-0.073238,0.725933,-0.0483,7.764989,-0.000000,-0.000000,5.0000,-0.683164,-1.284721,136.1564,0,1,clay,1.0000,0.500000,0,0,0.000000,0.000000,0.000000,0,nan,0.00,-0.095491,0.5889,0.0000,-0.050419,0.1941,0.44,5.22,6.11,5.32,0.114499,-0.3051,-0.9864,0.008000,0.206258,-0.5176,0.044573,-0.048895,0.007895,404.6917445506901,16.075649201299825,185.27799286148255,-196.66476274267507,0.032082,0.010409,6346.2,6274.4,0.323942,0.078108,-1.000000,3.9591,1.0000,,,,,
3.5400,1778836336.106405,295,7.673709,0.132501,0.004130,4.0533,-0.1078,-0.059192,7.734187,0.111359,-0.006048,4.0299,7.698031,0.130933,0.003687,3.9818,-0.1536,-0.071853,0.726736,-0.0546,7.698031,0.000000,-0.000000,5.0000,-0.467718,-1.295776,132.3731,0,1,clay,1.0000,0.500000,0,0,0.000000,0.000000,0.000000,0,nan,0.00,-0.106121,0.5820,0.0000,-0.056032,0.1786,0.44,5.23,6.12,5.29,0.111359,-0.3465,-0.9701,0.008000,0.056163,0.7416,0.046585,-0.043414,0.003870,480.65403871894404,-264.80722029185256,22.118498794698027,-232.6108288687904,0.019063,0.008681,6345.9,6274.6,0.324347,0.066028,-0.683164,3.9773,1.0000,,,,,
3.5520,1778836336.118340,296,7.805887,0.166232,-0.009203,4.1354,-0.0868,-0.054041,7.782623,0.108357,-0.006706,4.0415,7.830368,0.164446,-0.009628,4.0123,-0.1418,-0.069769,0.715612,-0.0589,7.830368,-0.000000,-0.000000,5.0000,-0.343961,-1.305758,125.6035,0,1,clay,1.0000,0.500000,0,0,0.000000,0.000000,0.000000,0,nan,0.00,-0.113938,0.5749,0.0000,-0.060159,0.1629,0.44,5.23,6.10,5.18,0.108357,-0.3842,-0.9585,0.008000,0.025734,-0.1640,0.058642,-0.025368,0.009989,391.5972773549109,-85.18806331453231,-144.11445622702735,-254.78821380293223,0.007923,0.006677,6348.7,6271.8,0.319464,0.047071,-0.467718,4.0079,1.0000,,,,,
3.5640,1778836336.130994,297,7.726488,0.078669,-0.006605,4.0096,-0.1618,-0.050783,7.831220,0.105489,-0.007310,4.0558,7.750999,0.076953,-0.007013,4.0125,-0.1453,-0.067499,0.698181,-0.0623,7.750999,-0.000000,-0.000000,5.0000,1.000000,-1.290783,123.6553,0,1,clay,1.0000,0.500000,0,0,0.000000,0.000000,0.000000,0,nan,0.00,-0.091211,0.5679,0.0000,-0.048159,0.1474,0.44,5.24,6.13,5.35,0.105489,-0.4188,-0.9442,0.008000,0.135354,-0.0615,0.043253,-0.044670,-0.009378,292.5886112334769,621.7890912653614,-223.62721452606397,-194.13410373041245,0.003119,0.009007,6353.1,6267.4,0.311798,0.077822,-0.343961,4.0082,1.0000,,,,,
3.5760,1778836336.142479,298,7.912490,0.080785,-0.010977,4.0884,-0.1334,-0.050830,7.879968,0.102600,-0.007941,4.0695,7.937221,0.079018,-0.011361,4.0280,-0.1397,-0.061845,0.692905,-0.0420,7.937221,-0.000000,0.000000,5.0000,1.000000,-1.290675,119.4348,0,1,clay,1.0000,0.500000,0,0,0.000000,0.000000,0.000000,0,nan,0.00,-0.068483,0.5607,0.0000,-0.036159,0.1319,0.45,5.25,6.15,5.28,0.102600,-0.4550,-0.9305,0.008000,0.104052,0.2767,0.060253,-0.032477,-0.001093,-9.739779242378262,17.686910303396985,-64.83203366373752,-180.09457994426327,0.012980,0.009476,6354.5,6266.1,0.309447,0.061084,1.000000,4.0238,1.0000,,,,,
3.5880,1778836336.154385,299,7.937634,0.081620,-0.002734,4.0636,-0.1109,-0.065208,7.928859,0.099624,-0.008637,4.0794,7.962471,0.080109,-0.003114,4.0356,-0.1314,-0.059772,0.669464,-0.0300,7.962471,-0.000000,0.000000,5.0000,1.000000,-1.270919,116.5585,0,1,clay,1.0000,0.500000,0,0,0.000000,0.000000,0.000000,0,nan,0.00,-0.045756,0.5536,0.0000,-0.024159,0.1167,0.46,5.27,6.18,5.37,0.099624,-0.4949,-0.9206,0.008000,0.044054,0.4705,0.038744,-0.032126,-0.003768,-123.39746254411472,555.5733473283054,118.91788562804288,-166.2331857216645,0.023354,0.007600,6360.4,6260.2,0.299103,0.067347,1.000000,4.0315,1.0000,,,,,
3.6000,1778836336.166343,300,7.949707,0.059311,-0.012705,4.0691,-0.1060,-0.067594,7.977895,0.096495,-0.009441,4.0921,7.974630,0.057598,-0.013083,4.0428,-0.1234,-0.058004,0.659960,-0.0180,7.974630,-0.000000,0.000000,5.0000,1.000000,-1.253833,114.4853,0,1,clay,1.0000,0.500000,0,0,0.000000,0.000000,0.000000,0,nan,0.00,-0.023029,0.5464,0.0000,-0.012159,0.1016,0.45,5.26,6.16,5.19,0.096495,-0.5409,-0.9079,0.008000,0.037644,0.0419,0.027363,-0.036825,-0.012558,-153.4567087182552,137.17599477080836,293.9265785399656,-186.1333842758209,0.033978,0.005661,6362.8,6257.7,0.294861,0.069443,1.000000,4.0387,1.0000,,,,,
3.6120,1778836336.178415,301,8.059119,0.084132,-0.003685,4.0731,-0.0740,-0.071800,8.027047,0.093276,-0.010293,4.1028,8.084105,0.082716,-0.004063,4.0494,-0.1109,-0.056770,0.652194,-0.0060,8.084105,0.000000,0.000000,5.0000,-0.105625,-1.243080,112.7096,0,1,clay,1.0000,0.500000,0,0,0.000000,0.000000,0.000000,0,nan,0.00,-0.025429,0.5369,0.0000,-0.013427,0.0867,0.46,5.29,6.21,5.52,0.093276,-0.5897,-0.8972,0.008000,0.056837,0.6207,0.037239,-0.030659,-0.018731,-25.63025118073847,-405.97933846480964,439.7626645389467,-235.28849295118766,0.043655,0.002226,6364.8,6255.7,0.291386,0.070513,1.000000,4.0454,1.0000,,,,,
3.6240,1778836336.190397,302,8.130657,0.057787,-0.014831,4.1703,-0.1886,-0.066758,8.076339,0.090144,-0.011086,4.1138,8.155888,0.055998,-0.015214,4.0736,-0.1236,-0.057974,0.643958,-0.0141,8.155888,0.000000,-0.000000,5.0000,1.000000,-1.238924,107.2576,0,1,clay,1.0000,0.500000,0,0,0.000000,0.000000,0.000000,0,nan,0.00,-0.002702,0.5280,0.0000,-0.001427,0.0718,0.45,5.30,6.20,5.30,0.090144,-0.6352,-0.8862,0.008000,0.179827,-0.7663,0.046262,-0.036136,-0.010178,291.481047226157,-184.36536248848734,592.0356507674167,-172.7510974988814,0.045324,0.005328,6366.9,6253.6,0.287735,0.048725,-0.105625,4.0696,1.0000,,,,,
3.6360,1778836336.202343,303,8.238238,0.083884,-0.015621,4.0289,-0.0718,-0.062502,8.125746,0.087099,-0.011844,4.1242,8.263424,0.082177,-0.015991,4.0657,-0.1097,-0.054216,0.642384,0.0048,8.263424,-0.000000,-0.000000,5.0000,0.134717,-1.236874,108.4097,0,1,clay,1.0000,0.500000,0,0,0.000000,0.000000,0.000000,0,nan,0.00,0.000360,0.5194,0.0000,0.000190,0.0570,0.45,5.28,6.19,5.19,0.087099,-0.6786,-0.8758,0.008000,0.081437,-0.1487,0.025561,-0.016809,-0.002286,403.26134707910154,193.01833938143068,583.6290107201874,-223.76660814814744,0.054206,0.002635,6367.3,6253.2,0.287030,0.083270,1.000000,4.0617,1.0000,,,,,
3.6480,1778836336.214278,304,8.130890,0.089120,-0.011670,4.1444,-0.0619,-0.053256,8.175265,0.084186,-0.012533,4.1321,8.156046,0.087608,-0.012026,4.0816,-0.0995,-0.052568,0.634474,0.0010,8.156046,0.000000,-0.000000,5.0000,-0.789961,-1.228727,105.5620,0,1,clay,1.0000,0.500000,0,0,0.000000,0.000000,0.000000,0,nan,0.00,-0.017594,0.5113,0.0000,-0.009290,0.0422,0.45,5.26,6.15,5.15,0.084186,-0.7181,-0.8679,0.008000,0.038389,-0.4682,0.023250,-0.003332,0.007122,447.3596134895307,1221.333628616255,644.1672350200095,-253.53121813472893,0.051845,0.000736,6369.4,6251.2,0.283513,0.057489,0.134717,4.0777,1.0000,,,,,
3.6600,1778836336.226448,305,8.281729,0.124628,-0.013211,4.1441,-0.0557,-0.054600,8.224894,0.081375,-0.013192,4.1419,8.306894,0.123139,-0.013564,4.0944,-0.0921,-0.053737,0.619651,-0.0142,8.306894,-0.000000,-0.000000,5.0000,-1.000000,-1.218648,102.5290,0,1,clay,1.0000,0.500000,0,0,0.000000,0.000000,0.000000,0,nan,0.00,-0.040321,0.5036,0.0000,-0.021290,0.0276,0.45,5.26,6.16,5.28,0.081375,-0.7558,-0.8581,0.008000,0.051476,0.1945,0.006679,0.005311,0.012312,359.8431626169636,-19.079489373596857,355.4253018790331,-272.13417166161895,0.038987,-0.001188,6373.1,6247.4,0.276937,0.062146,-0.789961,4.0905,1.0000,,,,,
3.6720,1778836336.238441,306,8.278532,0.035433,-0.014163,4.1697,-0.0592,-0.054612,8.274631,0.078547,-0.013866,4.1518,8.303822,0.033955,-0.014517,4.1097,-0.0872,-0.055204,0.611433,-0.0275,8.303822,-0.000000,-0.000000,5.0000,1.000000,-1.209488,98.7096,0,1,clay,1.0000,0.500000,0,0,0.000000,0.000000,0.000000,0,nan,0.00,-0.017594,0.4962,0.0000,-0.009290,0.0131,0.45,5.25,6.15,5.17,0.078547,-0.7945,-0.8482,0.008000,0.127193,-0.0229,0.023521,0.001661,-0.002016,605.583711014182,-464.827723191607,148.50377449529944,-290.1685191159754,0.024387,-0.002565,6375.2,6245.3,0.273286,0.055807,-1.000000,4.1059,1.0000,,,,,
3.6840,1778836336.250350,307,8.312923,0.058925,-0.016780,4.1703,-0.0542,-0.047990,8.324489,0.075947,-0.014415,4.1607,8.338215,0.057473,-0.017110,4.1220,-0.0773,-0.049596,0.596294,-0.0031,8.338215,-0.000000,-0.000000,5.0000,0.981141,-1.194098,95.7642,0,1,clay,1.0000,0.500000,0,0,0.000000,0.000000,0.000000,0,nan,0.00,0.004705,0.4892,0.0000,0.002484,-0.0012,0.45,5.23,6.13,5.16,0.075947,-0.8259,-0.8393,0.008000,0.028049,0.0439,0.021004,0.001778,-0.007589,659.1718124711273,288.12533144449264,330.2106076915622,-292.89736183635773,0.033575,-0.003369,6379.1,6241.5,0.266567,0.055448,1.000000,4.1183,1.0000,,,,,
3.6960,1778836336.262450,308,8.456251,-0.020056,-0.010138,4.1983,-0.0340,-0.039071,8.374459,0.073577,-0.014868,4.1695,8.481618,-0.021231,-0.010439,4.1374,-0.0664,-0.044246,0.582440,0.0085,8.481618,-0.000000,0.000000,5.0000,1.000000,-1.180428,92.0760,0,1,clay,1.0000,0.500000,0,0,0.000000,0.000000,0.000000,0,nan,0.00,0.027432,0.4825,0.0000,0.014484,-0.0154,0.45,5.22,6.12,5.15,0.073577,-0.8518,-0.8305,0.008000,0.118267,-0.0600,0.031253,0.003279,-0.010536,751.9933963585936,-47.6513206580521,452.8891609570033,-298.99965482903053,0.041430,-0.004241,6382.6,6238.0,0.260404,0.050244,0.981141,4.1338,1.0000,,,,,
3.7080,1778836336.274357,309,8.413408,0.095533,-0.018012,4.1217,-0.0867,-0.046016,8.424542,0.071148,-0.015382,4.1796,8.438694,0.094181,-0.018296,4.1350,-0.0663,-0.040552,0.573323,0.0206,8.438694,-0.000000,0.000000,5.0000,-0.924951,-1.162830,92.6518,0,1,clay,1.0000,0.500000,0,0,0.000000,0.000000,0.000000,0,nan,0.00,0.006410,0.4761,0.0000,0.003385,-0.0293,0.45,5.21,6.11,5.15,0.071148,-0.8813,-0.8204,0.008000,0.073567,0.0499,0.022634,-0.014451,-0.023268,432.7871169283147,-22.320913146989255,615.0841614749543,-266.49983477168564,0.053403,-0.003043,6384.9,6235.6,0.256334,0.065880,1.000000,4.1315,1.0000,,,,,
3.7200,1778836336.286347,310,8.510610,0.048838,-0.019483,4.2250,-0.1479,-0.052371,8.474746,0.068617,-0.015979,4.1901,8.535973,0.047345,-0.019777,4.1530,-0.0819,-0.044053,0.562538,-0.0023,8.535973,0.000000,0.000000,5.0000,0.112993,-1.149882,88.2538,0,1,clay,1.0000,0.500000,0,0,0.000000,0.000000,0.000000,0,nan,0.00,0.008978,0.4701,0.0000,0.004741,-0.0431,0.45,5.19,6.10,5.10,0.068617,-0.9156,-0.8099,0.008000,0.024920,-0.5582,0.034902,-0.036318,-0.027429,316.510832020881,259.52105047930945,470.43270781445676,-188.1443207862041,0.045413,0.000278,6387.7,6232.9,0.251521,0.041915,-0.924951,4.1496,1.0000,,,,,
3.7320,1778836336.298445,311,8.554816,0.073043,-0.007633,4.2250,-0.0800,-0.041471,8.525068,0.066198,-0.016498,4.1992,8.580278,0.071887,-0.007912,4.1677,-0.0792,-0.041366,0.577309,0.0054,8.580278,0.000000,0.000000,5.0000,-1.000000,-1.162371,86.9068,0,1,clay,1.0000,0.500000,0,0,0.000000,0.000000,0.000000,0,nan,0.00,-0.013749,0.4643,0.0000,-0.007259,-0.0571,0.46,5.18,6.10,5.12,0.066198,-0.9453,-0.8008,0.008000,0.045588,0.7666,0.026188,-0.036828,-0.034184,680.65565706024,-94.86109050725418,609.8853744299345,-202.16112264161364,0.045303,0.000649,6384.0,6236.6,0.258007,0.038375,0.112993,4.1642,1.0000,,,,,
3.7440,1778836336.310380,312,8.552700,0.048129,-0.026062,4.1160,-0.1034,-0.038792,8.575487,0.063912,-0.016944,4.2075,8.577992,0.046491,-0.026337,4.1583,-0.0846,-0.042605,0.568668,-0.0134,8.577992,0.000000,0.000000,5.0000,1.000000,-1.158052,87.7477,0,1,clay,1.0000,0.500000,0,0,0.000000,0.000000,0.000000,0,nan,0.00,0.008978,0.4588,0.0000,0.004741,-0.0710,0.45,5.18,6.09,5.14,0.063912,-0.9708,-0.7925,0.008000,0.117146,-0.2664,0.024906,-0.044338,-0.032403,529.9897800068383,453.8625028174714,280.9496400571019,-160.02559492027973,0.033219,0.002255,6386.2,6234.4,0.254215,0.070966,-1.000000,4.1548,1.0000,,,,,
3.7560,1778836336.322387,313,8.553132,0.111667,-0.013075,4.1883,-0.0424,-0.035779,8.626014,0.061673,-0.017390,4.2166,8.578399,0.110463,-0.013326,4.1647,-0.0728,-0.036970,0.557748,0.0108,8.578399,0.000000,0.000000,5.0000,-1.000000,-1.146582,86.9409,0,1,clay,1.0000,0.500000,0,0,0.000000,0.000000,0.000000,0,nan,0.00,-0.013749,0.4536,0.0000,-0.007259,-0.0847,0.45,5.19,6.08,5.25,0.061673,-0.9963,-0.7834,0.008000,0.048445,0.2411,0.016231,-0.038002,-0.028713,386.38153363205987,-189.05712847489974,471.13497839245895,-175.43767207019147,0.041957,0.000944,6388.9,6231.6,0.249371,0.052907,1.000000,4.1613,1.0000,,,,,
3.7680,1778836336.334395,314,8.641683,0.031706,-0.014993,4.1929,0.0380,-0.031130,8.676653,0.059538,-0.017790,4.2258,8.666995,0.030588,-0.015238,4.1708,-0.0548,-0.038165,0.549213,-0.0133,8.666995,0.000000,-0.000000,5.0000,0.673579,-1.135118,84.4769,0,1,clay,1.0000,0.500000,0,0,0.000000,0.000000,0.000000,0,nan,0.00,0.001560,0.4486,0.0000,0.000823,-0.0984,0.44,5.20,6.09,5.30,0.059538,-1.0193,-0.7742,0.008000,0.100833,0.2260,0.011081,-0.004565,-0.009535,375.91443659620876,-313.34322647966917,149.32291974003326,-257.9612456680317,0.023253,-0.003475,6391.1,6229.5,0.245573,0.051062,-1.000000,4.1674,1.0000,,,,,
3.7800,1778836336.346521,315,8.729708,0.095573,-0.022445,4.2614,-0.1023,-0.032458,8.727404,0.057468,-0.018169,4.2351,8.755303,0.094241,-0.022674,4.1889,-0.0602,-0.033828,0.537689,0.0049,8.755303,-0.000000,-0.000000,5.0000,-0.590303,-1.123646,81.3504,0,1,clay,1.0000,0.500000,0,0,0.000000,0.000000,0.000000,0,nan,0.00,-0.011856,0.4438,0.0012,-0.006260,-0.1119,0.46,5.22,6.13,5.31,0.057468,-1.0410,-0.7649,0.008000,0.086432,-0.1380,0.014798,-0.030898,-0.024184,343.4389691105202,159.32470196661552,344.5169358897616,-189.66693064280622,0.032441,-0.000626,6394.0,6226.5,0.240476,0.037863,0.673579,4.1856,1.0000,,,,,
3.7920,1778836336.358427,316,8.767297,0.002012,-0.012919,4.2187,-0.1285,-0.020570,8.778249,0.055585,-0.018444,4.2413,8.792993,0.000872,-0.013133,4.1953,-0.0730,-0.032797,0.525939,-0.0099,8.792993,-0.000000,-0.000000,5.0000,1.000000,-1.107893,79.2126,0,1,clay,1.0000,0.500000,0,0,0.000000,0.000000,0.000000,0,nan,0.00,0.010871,0.4391,0.0026,0.005740,-0.1251,0.46,5.23,6.14,5.26,0.055585,-1.0568,-0.7587,0.008000,0.037043,0.5242,0.010356,-0.045932,-0.021402,332.61096115234966,-427.8896694461083,264.8870935530874,-82.06936207303656,0.026643,0.003808,6397.0,6223.5,0.235263,0.050588,-0.590303,4.1920,1.0000,,,,,
3.8040,1778836336.370374,317,8.782893,0.070182,-0.019565,4.2265,-0.0069,-0.028252,8.829188,0.053674,-0.018759,4.2495,8.808670,0.068990,-0.019760,4.2018,-0.0572,-0.027920,0.502719,0.0119,8.808670,-0.000000,-0.000000,5.0000,-0.169443,-1.078664,77.2478,0,1,clay,1.0000,0.500000,0,0,0.000000,0.000000,0.000000,0,nan,0.00,0.007020,0.4345,0.0040,0.003707,-0.1381,0.46,5.22,6.13,5.17,0.053674,-1.0748,-0.7505,0.008000,0.156710,-0.2694,0.003021,-0.049637,-0.036338,359.08581750967846,69.83054601343815,390.53372457986575,-116.17775404644243,0.034626,0.001157,6402.9,6217.6,0.224973,0.049191,1.000000,4.1987,1.0000,,,,,
3.8160,1778836336.382426,318,8.783294,0.037345,-0.019555,4.3162,0.0058,-0.022382,8.880216,0.051856,-0.019029,4.2568,8.809207,0.036246,-0.019737,4.2245,-0.0458,-0.026967,0.498498,0.0027,8.809207,-0.000000,-0.000000,5.0000,0.329934,-1.064185,73.6760,0,1,clay,1.0000,0.500000,0,0,0.000000,0.000000,0.000000,0,nan,0.00,0.014518,0.4301,0.0055,0.007666,-0.1509,0.46,5.24,6.16,5.36,0.051856,-1.0903,-0.7432,0.008000,0.077577,0.1603,0.029084,-0.036657,-0.036173,236.96872204850155,479.80727259205383,465.7066391159772,-165.06815811648258,0.028247,-0.001091,6404.0,6216.5,0.223029,0.029315,-0.169443,4.2214,1.0000,,,,,
3.8280,1778836336.394370,319,8.942412,0.035012,-0.023895,4.2366,-0.0393,-0.030071,8.931313,0.050008,-0.019343,4.2629,8.968436,0.033823,-0.024072,4.2274,-0.0427,-0.025386,0.488144,0.0097,8.968436,-0.000000,0.000000,5.0000,0.617806,-1.046754,72.2475,0,1,clay,1.0000,0.500000,0,0,0.000000,0.000000,0.000000,0,nan,0.00,0.028560,0.4257,0.0070,0.015079,-0.1634,0.46,5.25,6.17,5.31,0.050008,-1.1083,-0.7371,0.008000,0.013929,0.0165,0.015078,-0.029727,-0.036737,174.79886116357022,-1107.3546401171222,404.91637347454144,-163.96767537770765,0.031439,-0.001432,6406.7,6213.9,0.218430,0.049242,0.329934,4.2244,1.0000,,,,,
3.8400,1778836336.406490,320,8.978135,0.070784,-0.030338,4.1711,-0.0229,-0.021101,8.982489,0.048196,-0.019627,4.2688,9.004161,0.069487,-0.030498,4.2170,-0.0365,-0.021851,0.476421,0.0189,9.004161,0.000000,0.000000,5.0000,-0.295412,-1.023789,73.1763,0,1,clay,1.0000,0.500000,0,0,0.000000,0.000000,0.000000,0,nan,0.00,0.021846,0.4215,0.0086,0.011534,-0.1757,0.47,5.24,6.17,5.20,0.048196,-1.1245,-0.7312,0.008000,0.024975,-1.0479,-0.011395,-0.012235,-0.020567,351.4706387199785,-762.2347105669462,446.24433024275356,-160.91656463730135,0.036892,-0.001764,6409.7,6210.9,0.213214,0.063557,0.617806,4.2141,1.0000,,,,,
3.8520,1778836336.418346,321,9.002336,0.121197,-0.017924,4.2911,-0.0339,-0.023985,9.033708,0.046461,-0.019896,4.2727,9.028420,0.120238,-0.018081,4.2319,-0.0359,-0.022186,0.471371,0.0097,9.028420,0.000000,0.000000,5.0000,-1.000000,-1.009601,71.7087,0,1,clay,1.0000,0.500000,0,0,0.000000,0.000000,0.000000,0,nan,0.00,-0.000882,0.4174,0.0103,-0.000466,-0.1878,0.46,5.24,6.17,5.24,0.046461,-1.1399,-0.7273,0.008000,0.101391,0.7262,0.013760,-0.016019,-0.027554,360.92422215338195,168.0903315649399,534.7766559841011,-157.32789879690665,0.032364,-0.001741,6411.0,6209.6,0.210916,0.039219,-0.295412,4.2290,1.0000,,,,,
3.8640,1778836336.430395,322,9.005665,0.082659,-0.026065,4.2337,0.0579,-0.026628,9.084992,0.044688,-0.020203,4.2770,9.031693,0.081586,-0.026227,4.2327,-0.0209,-0.024635,0.462463,-0.0066,9.031693,0.000000,0.000000,5.0000,-0.766270,-0.993523,70.4206,0,1,clay,1.0000,0.500000,0,0,0.000000,0.000000,0.000000,0,nan,0.00,-0.018297,0.4133,0.0120,-0.009661,-0.1997,0.46,5.23,6.14,5.15,0.044688,-1.1575,-0.7230,0.008000,0.014418,-0.5180,0.009363,0.005879,-0.020554,307.06540904296287,609.9175435315577,55.793627660341514,-256.5350732739153,0.015623,-0.006134,6413.3,6207.3,0.206939,0.053094,-1.000000,4.2299,1.0000,,,,,
3.8760,1778836336.442389,323,9.066605,0.107092,-0.017883,4.2834,0.1036,-0.027926,9.136337,0.043087,-0.020417,4.2811,9.092577,0.106366,-0.018050,4.2430,-0.0001,-0.026189,0.454048,-0.0144,9.092577,0.000000,0.000000,5.0000,-1.000000,-0.978815,68.9096,0,1,clay,1.0000,0.500000,0,0,0.000000,0.000000,0.000000,0,nan,0.00,-0.041024,0.4094,0.0138,-0.021661,-0.2115,0.45,5.23,6.12,5.22,0.043087,-1.1698,-0.7189,0.008000,0.095973,0.0671,0.014526,0.017213,-0.026062,529.694458543511,849.1316270825309,-204.06893637570556,-388.8454699567108,0.000585,-0.011841,6415.4,6205.1,0.203166,0.041405,-0.766270,4.2402,1.0000,,,,,
3.8880,1778836336.454352,324,9.253436,0.095824,-0.026389,4.2638,-0.0415,-0.013937,9.187731,0.041673,-0.020587,4.2856,9.279425,0.094832,-0.026548,4.2475,-0.0101,-0.026438,0.438613,-0.0278,9.279425,-0.000000,-0.000000,5.0000,-0.146830,-0.954435,66.7247,0,1,clay,1.0000,0.500000,0,0,0.000000,0.000000,0.000000,0,nan,0.00,-0.044361,0.4056,0.0156,-0.023423,-0.2229,0.45,5.23,6.12,5.22,0.041673,-1.1795,-0.7143,0.008000,0.082689,-0.0191,0.002113,0.016037,-0.018438,392.04528224800333,775.587909516468,-405.51034748950934,-307.72922888022254,-0.010500,-0.008731,6419.4,6201.2,0.196311,0.045427,-1.000000,4.2448,1.0000,,,,,
3.9000,1778836336.466410,325,9.285274,-0.065672,-0.032054,4.3076,-0.0580,-0.012452,9.239194,0.040286,-0.020762,4.2908,9.311326,-0.066849,-0.032199,4.2597,-0.0190,-0.024167,0.443530,-0.0243,9.311326,-0.000000,-0.000000,5.0000,1.000000,-0.947964,66.4417,0,1,clay,1.0000,0.500000,0,0,0.000000,0.000000,0.000000,0,nan,0.00,-0.021634,0.4018,0.0174,-0.011423,-0.2343,0.45,5.21,6.11,5.14,0.040286,-1.1896,-0.7092,0.008000,0.087713,-0.8962,0.009107,0.004041,-0.024424,97.55558925614741,1073.5903629618203,-356.5134350393323,-227.09002013678773,-0.010911,-0.005354,6418.2,6202.4,0.198415,0.034262,-0.146830,4.2570,1.0000,,,,,
3.9120,1778836336.478416,326,9.284034,0.034995,-0.021228,4.3114,0.0168,-0.022458,9.290713,0.038774,-0.021029,4.2972,9.310095,0.034163,-0.021363,4.2702,-0.0103,-0.020933,0.438151,-0.0053,9.310095,-0.000000,-0.000000,5.0000,1.000000,-0.941382,63.5770,0,1,clay,1.0000,0.500000,0,0,0.000000,0.000000,0.000000,0,nan,0.00,0.001093,0.3982,0.0193,0.000577,-0.2456,0.45,5.20,6.10,5.15,0.038774,-1.2048,-0.7028,0.008000,0.057566,0.0758,0.015432,0.006718,-0.023278,-37.73423454595326,-533.0128532610747,-224.96444816896587,-261.9470177549211,-0.000497,-0.006809,6419.5,6201.0,0.196016,0.031332,1.000000,4.2675,1.0000,,,,,
3.9240,1778836336.490413,327,9.425909,0.038987,-0.013749,4.3526,-0.0339,-0.024430,9.342311,0.037073,-0.021425,4.3033,9.452011,0.038338,-0.013878,4.2866,-0.0124,-0.018813,0.426758,0.0067,9.452011,-0.000000,0.000000,5.0000,-0.085848,-0.926297,60.8929,0,1,clay,1.0000,0.500000,0,0,0.000000,0.000000,0.000000,0,nan,0.00,-0.000858,0.3946,0.0212,-0.000453,-0.2567,0.44,5.21,6.10,5.25,0.037073,-1.2276,-0.6966,0.008000,0.195548,0.4976,0.009600,-0.005578,-0.027096,-457.3747258473755,-359.91626110081097,38.80836292636542,-232.35613598206987,0.012646,-0.005823,6422.4,6198.1,0.190962,0.019638,1.000000,4.2840,1.0000,,,,,
3.9360,1778836336.502415,328,9.398993,0.129579,-0.016013,4.3753,0.0188,-0.036351,9.393936,0.035343,-0.021818,4.3068,9.425204,0.128880,-0.016157,4.3040,-0.0072,-0.021830,0.391809,-0.0010,9.425204,-0.000000,0.000000,5.0000,-1.000000,-0.888006,59.1148,0,1,clay,1.0000,0.500000,0,0,0.000000,0.000000,0.000000,0,nan,0.00,-0.023585,0.3911,0.0232,-0.012453,-0.2674,0.44,5.21,6.09,5.18,0.035343,-1.2501,-0.6932,0.008000,0.114535,0.6072,0.025437,-0.002795,-0.032727,130.90963967669097,-623.2093448771119,202.67778667097758,-285.93355938867126,0.010999,-0.008319,6431.3,6189.3,0.175490,0.014392,-0.085848,4.3016,1.0000,,,,,
3.9480,1778836336.514441,329,9.446388,0.023274,-0.026040,4.2630,-0.0153,-0.018496,9.445632,0.033830,-0.022100,4.3108,9.472506,0.022298,-0.026186,4.2965,-0.0111,-0.023620,0.379854,-0.0185,9.472506,-0.000000,0.000000,5.0000,1.000000,-0.853133,57.9070,0,1,clay,1.0000,0.500000,0,0,0.000000,0.000000,0.000000,0,nan,0.00,-0.000858,0.3877,0.0251,-0.000453,-0.2776,0.44,5.21,6.09,5.22,0.033830,-1.2662,-0.6892,0.008000,0.033519,0.3806,0.029512,-0.009135,-0.035428,650.7700844309938,216.0408100430484,-251.81762130756337,-259.4177896885483,-0.001185,-0.007456,6434.4,6186.2,0.170105,0.039486,-1.000000,4.2942,1.0000,,,,,
3.9600,1778836336.527858,330,9.461578,0.072661,-0.023444,4.3651,-0.0294,-0.009385,9.497368,0.032542,-0.022254,4.3132,9.487814,0.071778,-0.023564,4.3102,-0.0114,-0.017554,0.375500,0.0056,9.487814,-0.000000,0.000000,5.0000,-0.322407,-0.832713,56.6805,0,1,clay,1.0000,0.500000,0,0,0.000000,0.000000,0.000000,0,nan,0.00,-0.008185,0.3843,0.0271,-0.004322,-0.2876,0.44,5.19,6.08,5.11,0.032542,-1.2750,-0.6868,0.008000,0.034410,-0.1802,0.028873,0.009481,-0.006465,570.1850355213195,347.6275634787669,15.985251864915668,-200.67045476177253,0.010600,-0.005392,6435.6,6185.0,0.168092,-0.008299,1.000000,4.3079,1.0000,,,,,
3.9720,1778836336.538375,331,9.544712,0.008372,-0.014918,4.4106,0.1162,0.027179,9.549156,0.031804,-0.022074,4.3145,9.571041,0.007933,-0.014988,4.3302,0.0100,-0.011167,0.401482,-0.0063,9.571041,0.000000,0.000000,5.0000,0.658368,-0.847797,55.7895,0,1,clay,1.0000,0.500000,0,0,0.000000,0.000000,0.000000,0,nan,0.00,0.006778,0.3810,0.0291,0.003579,-0.2978,0.45,5.19,6.08,5.16,0.031804,-1.2648,-0.6855,0.008000,0.106069,0.7891,0.048783,0.025259,0.000278,231.2649418759105,464.80617928998197,-143.21064644748614,-265.80811712889016,-0.002582,-0.007448,6429.0,6191.6,0.179506,0.019438,-0.322407,4.3278,1.0000,,,,,
3.9840,1778836336.550340,332,9.666249,0.051929,-0.019107,4.2138,0.0577,0.031459,9.601026,0.031470,-0.021665,4.3242,9.692399,0.051524,-0.019124,4.3080,0.0199,-0.001858,0.368084,0.0076,9.692399,0.000000,-0.000000,5.0000,-0.675599,-0.814361,56.0986,0,1,clay,1.0000,0.500000,0,0,0.000000,0.000000,0.000000,0,nan,0.00,-0.008577,0.3778,0.0311,-0.004529,-0.3076,0.44,5.20,6.08,5.27,0.031470,-1.2413,-0.6758,0.008000,0.155459,0.0895,0.017267,0.036303,0.020401,-284.25542819354433,939.6023646380207,-186.27695478592088,-222.251545761901,0.000142,-0.006214,6437.4,6183.1,0.164796,0.063784,0.658368,4.3057,1.0000,,,,,
3.9960,1778836336.562429,333,9.587029,0.005867,-0.029955,4.2945,-0.0587,0.041239,9.652956,0.031279,-0.021185,4.3290,9.613205,0.005149,-0.029930,4.3057,0.0035,0.002948,0.356375,-0.0086,9.613205,0.000000,0.000000,5.0000,1.000000,-0.788154,55.8848,0,1,clay,1.0000,0.500000,0,0,0.000000,0.000000,0.000000,0,nan,0.00,0.014150,0.3747,0.0331,0.007471,-0.3170,0.44,5.23,6.11,5.39,0.031279,-1.2138,-0.6710,0.008000,0.137500,-0.0437,0.012178,0.028692,0.034576,-1500.9792959728056,1515.4367131255603,-356.83540398326977,-13.60829943972037,-0.007616,0.000795,6440.5,6180.1,0.159540,0.048762,-0.675599,4.3035,1.0000,,,,,
4.0080,1778836336.574386,334,9.696090,-0.018288,-0.027609,4.3172,0.0072,-0.041292,9.704873,0.030144,-0.021296,4.3261,9.722442,-0.019003,-0.027624,4.3083,0.0071,-0.001136,0.346632,0.0136,9.722442,0.000000,-0.000000,5.0000,1.000000,-0.759961,55.0463,0,1,clay,1.0000,0.500000,0,0,0.000000,0.000000,0.000000,0,nan,0.00,0.036878,0.3716,0.0352,0.019471,-0.3261,0.45,5.22,6.11,5.16,0.030144,-1.2202,-0.6739,0.008000,0.079328,0.4015,0.002137,-0.001845,-0.013714,-2556.6521276689173,370.22949251459477,-27.18592675493929,-117.57294972406049,0.007617,-0.002853,6443.0,6177.6,0.155181,0.040845,1.000000,4.3062,1.0000,,,,,
4.0200,1778836336.586388,335,9.818115,0.034158,-0.019325,4.3487,-0.0216,-0.052490,9.756767,0.028143,-0.021888,4.3279,9.844499,0.033565,-0.019386,4.3165,0.0046,-0.006653,0.332656,0.0256,9.844499,-0.000000,-0.000000,4.9995,-0.668204,-0.727723,53.5949,0,1,clay,1.0000,0.500000,0,0,0.000000,0.000000,0.000000,0,nan,0.00,0.021691,0.3686,0.0372,0.011453,-0.3349,0.45,5.23,6.12,5.27,0.028143,-1.2541,-0.6716,0.008000,0.082345,0.2367,0.000419,-0.000661,-0.014868,-2941.5112388911357,157.8739295690724,289.42061396057466,-184.9336275193051,0.024308,-0.005352,6446.5,6174.0,0.148932,0.029595,1.000000,4.3144,1.0000,,,,,
4.0320,1778836336.598427,336,9.803740,0.075698,-0.019520,4.3812,0.0302,-0.062034,9.808678,0.025732,-0.022616,4.3312,9.830197,0.075030,-0.019641,4.3293,0.0077,-0.017236,0.324909,0.0074,9.830197,-0.000000,-0.000000,4.9995,-1.000000,-0.705694,52.7338,0,1,clay,1.0000,0.500000,0,0,0.000000,0.000000,0.000000,0,nan,0.00,-0.001036,0.3656,0.0392,-0.000547,-0.3433,0.44,5.23,6.12,5.28,0.025732,-1.2958,-0.6683,0.008000,0.090315,-0.2155,-0.001899,0.004647,-0.025702,-3043.0650914240787,-455.46327932395616,222.5226694772379,-328.1248804031835,0.018410,-0.010397,6448.6,6172.0,0.145424,0.021280,-0.668204,4.3273,1.0000,,,,,
4.0440,1778836336.610426,337,9.901059,0.019215,-0.020757,4.4490,-0.0144,-0.071765,9.860611,0.022959,-0.023449,4.3322,9.927708,0.018381,-0.020940,4.3528,0.0019,-0.027869,0.306521,-0.0067,9.927708,-0.000000,0.000000,4.9993,0.521623,-0.674453,50.4013,0,1,clay,1.0000,0.500000,0,0,0.000000,0.000000,0.000000,0,nan,0.00,0.010819,0.3627,0.0412,0.005712,-0.3514,0.45,5.22,6.11,5.15,0.022959,-1.3435,-0.6671,0.008000,0.108544,-0.1385,0.007666,0.024568,-0.005448,-2965.9201295796047,-892.2719615107349,36.268836847568025,-401.60233560526365,0.010758,-0.013155,6453.2,6167.3,0.137249,0.007845,-1.000000,4.3509,1.0000,,,,,
4.0560,1778836336.622406,338,9.961799,0.014865,-0.014762,4.3934,-0.0098,-0.070457,9.912566,0.019988,-0.024298,4.3347,9.988437,0.014126,-0.014980,4.3610,0.0019,-0.031909,0.303752,0.0089,9.988437,-0.000000,0.000000,4.9998,0.231078,-0.652869,49.8359,0,1,clay,1.0000,0.500000,0,0,0.000000,0.000000,0.000000,0,nan,0.00,0.016071,0.3598,0.0432,0.008485,-0.3593,0.45,5.22,6.11,5.19,0.019988,-1.3922,-0.6651,0.008000,0.060550,0.7899,0.024631,0.003840,-0.034613,-2523.951563624079,-415.1526512981423,254.7858144769382,-472.5198161205167,0.020229,-0.015501,6454.0,6166.6,0.135937,0.016832,0.521623,4.3591,1.0000,,,,,
4.0680,1778836336.634447,339,9.908838,0.012240,-0.024874,4.3624,0.0181,-0.101803,9.964453,0.016553,-0.025342,4.3385,9.935449,0.011149,-0.025158,4.3618,0.0057,-0.041671,0.333551,0.0099,9.935449,-0.000000,0.000000,4.9993,0.859620,-0.674285,51.0155,0,1,clay,1.0000,0.500000,0,0,0.000000,0.000000,0.000000,0,nan,0.00,0.035608,0.3570,0.0452,0.018801,-0.3674,0.45,5.20,6.09,5.13,0.016553,-1.4520,-0.6608,0.008000,0.046495,0.0255,0.012013,0.002555,-0.054133,-2008.0776241286148,144.04690187050676,462.36039891347605,-571.1260899605127,0.026585,-0.021024,6446.5,6174.1,0.149035,0.030917,0.231078,4.3598,1.0000,,,,,
4.0800,1778836336.646346,340,10.000898,0.002760,-0.028572,4.3957,-0.0615,-0.126630,10.016351,0.012321,-0.026793,4.3312,10.027460,0.001388,-0.028929,4.3685,-0.0033,-0.051528,0.300227,0.0240,10.027460,0.000000,0.000000,5.0000,1.000000,-0.647932,49.3197,0,1,clay,1.0000,0.500000,0,0,0.000000,0.000000,0.000000,0,nan,0.00,0.058335,0.3542,0.0472,0.030801,-0.3751,0.44,5.21,6.09,5.25,0.012321,-1.5351,-0.6688,0.008000,0.003747,-0.7143,-0.003664,-0.015577,-0.068293,-2719.6898446675355,-1816.8235511189428,689.999776035753,-604.1811460480976,0.045037,-0.023792,6454.9,6165.7,0.134374,0.011466,0.859620,4.3667,1.0000,,,,,
4.0920,1778836336.658376,341,10.077556,0.039012,-0.030805,4.2920,-0.0963,-0.145013,10.068219,0.007413,-0.028522,4.3308,10.104003,0.037369,-0.031240,4.3540,-0.0163,-0.061935,0.278119,0.0369,10.104003,0.000000,0.000000,5.0000,-0.091327,-0.605554,49.1998,0,1,clay,1.0000,0.500000,0,0,0.000000,0.000000,0.000000,0,nan,0.00,0.056259,0.3515,0.0492,0.029705,-0.3824,0.44,5.21,6.09,5.24,0.007413,-1.6342,-0.6692,0.008000,0.045979,-0.6586,0.007487,-0.037061,-0.086785,-2519.946298385825,-2348.1559458737916,1012.091720178642,-638.0755912372651,0.066573,-0.025988,6460.5,6160.0,0.124540,0.034285,1.000000,4.3523,1.0000,,,,,
4.1040,1778836336.670344,342,10.144449,-0.040677,-0.027720,4.3594,-0.1138,-0.159553,10.120074,0.002038,-0.030397,4.3329,10.170904,-0.042478,-0.028242,4.3552,-0.0324,-0.075640,0.254587,0.0291,10.170904,0.000000,-0.000000,5.0000,1.000000,-0.555735,48.4783,0,1,clay,1.0000,0.500000,0,0,0.000000,0.000000,0.000000,0,nan,0.00,0.078987,0.3488,0.0511,0.041705,-0.3891,0.44,5.21,6.08,5.16,0.002038,-1.7416,-0.6671,0.008000,0.106294,0.1097,0.012264,-0.050762,-0.105176,-1347.9228476510712,-2166.6879694180825,1804.7895973082952,-661.1422136174651,0.074885,-0.028012,6466.6,6154.0,0.114036,0.016162,-0.091327,4.3536,1.0000,,,,,
4.1160,1778836336.682463,343,10.164960,0.079350,-0.026247,4.2624,-0.0364,-0.130350,10.171985,-0.002926,-0.031888,4.3367,10.191340,0.077560,-0.026797,4.3373,-0.0283,-0.077982,0.215939,0.0478,10.191340,0.000000,-0.000000,5.0000,-1.000000,-0.488324,48.5546,0,1,clay,1.0000,0.500000,0,0,0.000000,0.000000,0.000000,0,nan,0.00,0.056259,0.3462,0.0530,0.029705,-0.3949,0.44,5.21,6.10,5.25,-0.002926,-1.8271,-0.6633,0.008000,0.110353,0.0854,-0.007016,-0.060632,-0.123270,560.4492631467491,-2411.4029492268073,1280.7153923222804,-841.7167993285545,0.089173,-0.030997,6476.4,6144.1,0.096840,0.037435,1.000000,4.3360,1.0000,,,,,
4.1280,1778836336.694368,344,10.190923,-0.035723,-0.026638,4.2775,-0.1076,-0.079778,10.223903,-0.007208,-0.032905,4.3352,10.217240,-0.037581,-0.027173,4.3259,-0.0433,-0.077837,0.204218,0.0236,10.217240,0.000000,-0.000000,5.0000,1.000000,-0.436996,48.8129,0,1,clay,1.0000,0.500000,0,0,0.000000,0.000000,0.000000,0,nan,0.00,0.078987,0.3436,0.0549,0.041705,-0.4002,0.44,5.20,6.08,5.14,-0.007208,-1.8853,-0.6648,0.008000,0.104324,-0.3774,-0.025084,-0.076381,-0.122952,1120.6217047628147,-2377.8231898518948,1194.345961005184,-830.3908363557674,0.078577,-0.026352,6479.5,6141.1,0.091484,0.037034,-1.000000,4.3246,1.0000,,,,,
4.1400,1778836336.706394,345,10.320408,-0.084716,-0.031219,4.3016,-0.1132,-0.062325,10.275835,-0.011130,-0.033695,4.3356,10.346656,-0.086670,-0.031704,4.3215,-0.0506,-0.068326,0.205592,0.0478,10.346656,-0.000000,-0.000000,4.9897,1.000000,-0.403448,49.6961,0,1,clay,1.0000,0.500000,0,0,0.000000,0.000000,0.000000,0,nan,0.00,0.101714,0.3410,0.0568,0.053705,-0.4050,0.44,5.20,6.09,5.21,-0.011130,-1.9306,-0.6541,0.008000,0.159927,-0.5646,-0.041648,-0.062651,-0.085173,1537.2310891608136,-214.71169667323682,1186.735141081594,-701.0250714427154,0.090671,-0.020976,6479.2,6141.3,0.091951,0.018434,1.000000,4.3202,1.0000,,,,,
4.1520,1778836336.718406,346,10.300297,0.049527,-0.030582,4.3820,-0.1021,-0.041908,10.327745,-0.014633,-0.034221,4.3322,10.326611,0.047652,-0.031006,4.3333,-0.0551,-0.057897,0.194049,0.0598,10.326611,-0.000000,-0.000000,4.9925,-0.785956,-0.378260,47.5680,0,1,clay,1.0000,0.500000,0,0,0.000000,0.000000,0.000000,0,nan,0.00,0.083851,0.3385,0.0586,0.044273,-0.4096,0.44,5.19,6.07,5.10,-0.014633,-1.9607,-0.6604,0.008000,0.076730,-0.3928,-0.051289,-0.080550,-0.087673,982.1766624864827,-549.5231346593761,1281.4706693707194,-560.2016194015945,0.100626,-0.015509,6482.2,6138.4,0.086763,0.014225,1.000000,4.3321,1.0000,,,,,
4.1640,1778836336.730426,347,10.380058,-0.043806,-0.032736,4.3599,-0.1250,-0.027795,10.379641,-0.017867,-0.034601,4.3305,10.406354,-0.045722,-0.033109,4.3386,-0.0672,-0.052145,0.180740,0.0395,10.406354,-0.000000,0.000000,4.9787,1.000000,-0.346321,47.1597,0,1,clay,1.0000,0.500000,0,0,0.000000,0.000000,0.000000,0,nan,0.00,0.106578,0.3360,0.0604,0.056273,-0.4137,0.44,5.19,6.07,5.20,-0.017867,-1.9825,-0.6482,0.008000,0.064256,-0.8345,-0.053838,-0.096709,-0.085079,1711.803874533753,-1539.475883008131,1276.8862323152991,-354.6709501725823,0.089617,-0.009034,6485.6,6135.0,0.080818,0.017260,-0.785956,4.3375,1.0000,,,,,
4.1760,1778836336.742421,348,10.376615,-0.022100,-0.035222,4.3861,-0.0689,-0.015945,10.431569,-0.020573,-0.034672,4.3316,10.402941,-0.023946,-0.035525,4.3482,-0.0618,-0.039610,0.203959,0.0623,10.402941,-0.000000,-0.000000,4.9795,0.682493,-0.354290,46.9654,0,1,clay,1.0000,0.500000,0,0,0.000000,0.000000,0.000000,0,nan,0.00,0.122090,0.3336,0.0621,0.064463,-0.4180,0.44,5.18,6.06,5.16,-0.020573,-1.9866,-0.6479,0.008000,0.017006,-0.3379,-0.048244,-0.105588,-0.085861,1008.7637414979049,-82.6452780686069,1233.9912381093598,-215.18177750189864,0.096965,-0.005413,6479.8,6140.8,0.090983,0.022380,1.000000,4.3469,1.0000,,,,,
4.1880,1778836336.754383,349,10.431697,-0.051067,-0.031241,4.3409,-0.0477,-0.005990,10.483516,-0.023194,-0.034745,4.3349,10.458068,-0.052667,-0.031480,4.3469,-0.0549,-0.029190,0.191164,0.0686,10.458068,-0.000000,0.000000,4.9662,0.532213,-0.341261,46.8107,0,1,clay,1.0000,0.500000,0,0,0.000000,0.000000,0.000000,0,nan,0.00,0.134185,0.3312,0.0638,0.070850,-0.4221,0.45,5.18,6.07,5.14,-0.023194,-1.9908,-0.6313,0.008000,0.044881,0.1628,-0.052816,-0.107495,-0.085032,296.59789058142053,-289.3851037290384,1292.910772884892,-121.233500153216,0.099842,-0.002697,6483.0,6137.6,0.085357,0.028853,0.682493,4.3458,1.0000,,,,,
4.2000,1778836336.766386,350,10.529161,0.033351,-0.036513,4.3199,-0.0405,-0.009177,10.535482,-0.025980,-0.034934,4.3416,10.555435,0.031734,-0.036705,4.3420,-0.0481,-0.021348,0.200226,0.0741,10.555435,0.000000,0.000000,4.9344,-1.000000,-0.335908,46.5338,0,1,clay,1.0000,0.500000,0,0,0.000000,0.000000,0.000000,0,nan,0.00,0.111458,0.3288,0.0654,0.058850,-0.4261,0.44,5.17,6.05,5.11,-0.025980,-2.0016,-0.5928,0.008000,0.023144,0.0527,-0.041022,-0.097760,-0.078777,-616.725744390189,-857.3549405414368,1338.7156449301601,-57.98753642324887,0.101875,-0.001070,6480.7,6139.8,0.089320,0.034138,0.532213,4.3407,1.0000,,,,,
4.2120,1778836336.778326,351,10.538613,0.023209,-0.035212,4.3212,-0.0628,-0.011445,10.587494,-0.028683,-0.035087,4.3385,10.564818,0.021664,-0.035379,4.3380,-0.0504,-0.019691,0.174320,0.0528,10.564818,0.000000,0.000000,4.9308,-1.000000,-0.305794,46.0521,0,1,clay,1.0000,0.500000,0,0,0.000000,0.000000,0.000000,0,nan,0.00,0.088731,0.3265,0.0671,0.046850,-0.4298,0.44,5.18,6.07,5.27,-0.028683,-2.0103,-0.5923,0.008000,0.114811,0.0340,-0.043684,-0.114172,-0.097316,-127.28328598325695,229.81062440998608,1239.3059887082527,17.702057878404858,0.087508,0.001066,6487.3,6133.3,0.077866,0.031076,-1.000000,4.3370,1.0000,,,,,
4.2240,1778836336.790436,352,10.669359,-0.047203,-0.040658,4.2153,-0.0733,-0.043493,10.639519,-0.031933,-0.035542,4.3408,10.695481,-0.048927,-0.040841,4.3144,-0.0537,-0.023206,0.161986,0.0408,10.695481,0.000000,-0.000000,4.8758,1.000000,-0.264928,47.3146,0,1,clay,1.0000,0.500000,0,0,0.000000,0.000000,0.000000,0,nan,0.00,0.111458,0.3242,0.0686,0.058850,-0.4329,0.44,5.19,6.07,5.22,-0.031933,-2.0364,-0.5350,0.008000,0.107830,-0.3474,-0.045460,-0.093143,-0.064979,-49.49577913875672,-2242.9702294208428,1145.9215585153092,14.476982794382735,0.076483,0.000818,6490.5,6130.1,0.072342,0.043767,-1.000000,4.3134,1.0000,,,,,
4.2360,1778836336.802346,353,10.692236,0.055522,-0.040547,4.2833,-0.0652,-0.025223,10.691556,-0.034612,-0.035539,4.3384,10.718365,0.053849,-0.040707,4.3086,-0.0500,-0.017513,0.162881,0.0649,10.718365,0.000000,-0.000000,4.8657,-1.000000,-0.242722,47.3715,0,1,clay,1.0000,0.500000,0,0,0.000000,0.000000,0.000000,0,nan,0.00,0.088731,0.3219,0.0702,0.046850,-0.4358,0.44,5.18,6.07,5.16,-0.034612,-2.0362,-0.5273,0.008000,0.128993,-0.3203,-0.038722,-0.121116,-0.113141,1157.3108428593605,695.9871984859633,1146.8650195458454,38.95733854416116,0.087515,0.001654,6490.3,6130.3,0.072628,0.032111,1.000000,4.3076,1.0000,,,,,
4.2480,1778836336.814375,354,10.756166,-0.034039,-0.030687,4.3338,-0.0576,-0.002197,10.743591,-0.037155,-0.035495,4.3434,10.782319,-0.035411,-0.030821,4.3137,-0.0516,-0.015779,0.174943,0.0408,10.782319,-0.000000,-0.000000,4.8379,0.441435,-0.238416,46.8725,0,1,clay,1.0000,0.500000,0,0,0.000000,0.000000,0.000000,0,nan,0.00,0.098764,0.3197,0.0717,0.052147,-0.4387,0.44,5.20,6.08,5.26,-0.037155,-2.0337,-0.4945,0.008000,0.085095,0.4498,-0.029338,-0.108344,-0.079781,1479.6873881788638,254.74622575198893,1073.6621988137556,117.14081444622846,0.072683,0.003750,6487.3,6133.3,0.077894,0.012027,-1.000000,4.3127,1.0000,,,,,
4.2600,1778836336.826424,355,10.830116,-0.060493,-0.039757,4.3706,0.0189,0.000317,10.795640,-0.039722,-0.035514,4.3426,10.856406,-0.061950,-0.039854,4.3249,-0.0350,-0.008988,0.166362,0.0548,10.856406,-0.000000,-0.000000,4.8068,1.000000,-0.223949,46.2879,0,1,clay,1.0000,0.500000,0,0,0.000000,0.000000,0.000000,0,nan,0.00,0.121491,0.3175,0.0731,0.064147,-0.4414,0.45,5.19,6.08,5.15,-0.039722,-2.0348,-0.4642,0.008000,0.106982,-0.1696,-0.028864,-0.057982,-0.049304,1206.4206719388894,220.2247767436844,1030.9905190002814,57.72663336133134,0.072061,0.002196,6489.5,6131.1,0.074096,0.007864,0.441435,4.3239,1.0000,,,,,
4.2720,1778836336.838384,356,10.887366,-0.178252,-0.035974,4.3560,-0.1322,0.009318,10.847687,-0.042081,-0.035431,4.3409,10.913642,-0.179626,-0.036028,4.3310,-0.0474,-0.001026,0.155893,0.0702,10.913642,-0.000000,0.000000,4.7832,1.000000,-0.200938,49.0156,0,1,clay,1.0000,0.500000,0,0,0.000000,0.000000,0.000000,0,nan,0.00,0.144218,0.3153,0.0745,0.076147,-0.4438,0.44,5.19,6.07,5.16,-0.042081,-2.0301,-0.4424,0.008000,0.113756,0.1346,-0.026608,-0.099161,-0.078066,1113.52106656082,229.68249853518387,1126.4457507590005,299.093305570498,0.085430,0.008391,6492.1,6128.4,0.069433,0.010141,1.000000,4.3301,1.0000,,,,,
4.2840,1778836336.850441,357,10.837507,0.004498,-0.031392,4.3237,0.0093,0.017515,10.899732,-0.044261,-0.035241,4.3406,10.863767,0.003407,-0.031401,4.3298,-0.0322,0.007016,0.150957,0.0822,10.863767,-0.000000,-0.000000,4.8038,-1.000000,-0.190441,45.2467,0,1,clay,1.0000,0.500000,0,0,0.000000,0.000000,0.000000,0,nan,0.00,0.121491,0.3131,0.0759,0.064147,-0.4461,0.44,5.19,6.08,5.22,-0.044261,-2.0191,-0.4632,0.008000,0.056371,0.4637,-0.039703,-0.061744,-0.038985,1073.5739923647652,-1027.1229585125286,1195.7943784155636,273.46120110920003,0.091656,0.007693,6493.4,6127.1,0.067191,0.017692,1.000000,4.3289,1.0000,,,,,
4.2960,1778836336.862411,358,10.945276,-0.064925,-0.032742,4.2384,-0.0332,0.016626,10.951771,-0.046343,-0.035034,4.3394,10.971432,-0.066007,-0.032732,4.3122,-0.0324,0.007769,0.140509,0.0581,10.971432,-0.000000,0.000000,4.7595,0.356554,-0.161160,46.2636,0,1,clay,1.0000,0.500000,0,0,0.000000,0.000000,0.000000,0,nan,0.00,0.129594,0.3110,0.0772,0.068426,-0.4480,0.44,5.19,6.07,5.18,-0.046343,-2.0073,-0.4200,0.008000,0.054401,0.0949,-0.054697,-0.062623,-0.040929,1021.684853216695,-493.2625427320815,1148.3130360453206,322.1617596999889,0.077009,0.008998,6496.1,6124.5,0.062550,0.035521,-1.000000,4.3113,1.0000,,,,,
4.3080,1778836336.874463,359,10.969555,-0.061528,-0.035406,4.3604,0.0562,0.025228,11.003807,-0.048298,-0.034787,4.3394,10.995812,-0.062503,-0.035358,4.3217,-0.0126,0.014485,0.136755,0.0706,10.995812,-0.000000,0.000000,4.7494,0.289242,-0.141410,45.5093,0,1,clay,1.0000,0.500000,0,0,0.000000,0.000000,0.000000,0,nan,0.00,0.136168,0.3089,0.0785,0.071897,-0.4497,0.45,5.21,6.10,5.32,-0.048298,-1.9931,-0.4099,0.008000,0.071815,0.1967,-0.041145,-0.048294,-0.040007,1235.9592095955247,323.3441160489689,1104.9217658791003,234.1086736315302,0.074456,0.006652,6497.1,6123.5,0.060815,0.005238,0.356554,4.3208,1.0000,,,,,
4.3200,1778836336.886452,360,11.029138,-0.041148,-0.035855,4.2696,0.0368,0.033855,11.055818,-0.049995,-0.034439,4.3352,11.055387,-0.041999,-0.035769,4.3118,-0.0008,0.020578,0.136098,0.0737,11.055387,0.000000,0.000000,4.7245,-0.497753,-0.124092,45.7793,0,1,clay,1.0000,0.500000,0,0,0.000000,0.000000,0.000000,0,nan,0.00,0.124855,0.3068,0.0797,0.065924,-0.4512,0.44,5.20,6.09,5.17,-0.049995,-1.9732,-0.3893,0.008000,0.050140,0.0856,-0.044530,-0.033527,-0.030807,1480.0758386689447,300.33299620279445,1113.416239182986,221.91488764845116,0.072696,0.006321,6497.3,6123.3,0.060473,0.025143,0.289242,4.3109,1.0000,,,,,
4.3320,1778836336.898394,361,11.173776,-0.177697,-0.035455,4.3234,-0.1033,0.034573,11.107816,-0.051454,-0.034021,4.3344,11.199985,-0.178602,-0.035345,4.3141,-0.0181,0.023273,0.130474,0.0629,11.199985,0.000000,-0.000000,4.6627,1.000000,-0.097713,48.2427,0,1,clay,1.0000,0.500000,0,0,0.000000,0.000000,0.000000,0,nan,0.00,0.147583,0.3047,0.0809,0.077924,-0.4524,0.44,5.21,6.08,5.23,-0.051454,-1.9492,-0.3284,0.008000,0.112600,0.4415,-0.017268,-0.067113,-0.046060,1627.9476648208388,1048.4574103046575,1115.5145958828632,457.88997438476895,0.068731,0.012379,6498.7,6121.8,0.057942,0.010436,-0.497753,4.3133,1.0000,,,,,
4.3440,1778836336.910366,362,11.148969,-0.091269,-0.042149,4.2824,0.0118,0.036947,11.159799,-0.052742,-0.033586,4.3327,11.175132,-0.092232,-0.042003,4.3081,-0.0074,0.030604,0.117286,0.0840,11.175132,0.000000,-0.000000,4.6735,0.493036,-0.073275,46.3267,0,1,clay,1.0000,0.500000,0,0,0.000000,0.000000,0.000000,0,nan,0.00,0.158788,0.3027,0.0820,0.083840,-0.4533,0.43,5.20,6.07,5.16,-0.052742,-1.9243,-0.3407,0.008000,0.119811,0.0177,-0.017523,-0.041020,-0.018440,1650.5584207469976,-115.8672820757655,1064.087759222085,457.7924859151716,0.077015,0.012303,6502.1,6118.5,0.052048,0.018252,1.000000,4.3074,1.0000,,,,,
4.3560,1778836336.923069,363,11.155451,-0.032235,-0.030089,4.3760,-0.0571,0.036354,11.211764,-0.053867,-0.033131,4.3314,11.181801,-0.032884,-0.029919,4.3213,-0.0126,0.034622,0.104969,0.0868,11.181801,0.000000,-0.000000,4.6706,-1.000000,-0.049473,44.4557,0,1,clay,1.0000,0.500000,0,0,0.000000,0.000000,0.000000,0,nan,0.00,0.136061,0.3006,0.0831,0.071840,-0.4539,0.45,5.20,6.10,5.22,-0.053867,-1.8983,-0.3392,0.008000,0.062498,0.1323,-0.010587,-0.061392,-0.033391,1712.8907500354278,301.8398796749425,1192.3228917425965,577.5345707567478,0.083073,0.015232,6505.3,6115.3,0.046545,-0.005767,0.493036,4.3206,1.0000,,,,,
4.3680,1778836336.934509,364,11.272203,-0.052260,-0.038221,4.2763,-0.0392,0.035646,11.263702,-0.054850,-0.032679,4.3285,11.298574,-0.053132,-0.038044,4.3127,-0.0172,0.033686,0.096884,0.0657,11.298574,-0.000000,-0.000000,4.6201,-0.377971,-0.017967,45.0482,0,1,clay,1.0000,0.500000,0,0,0.000000,0.000000,0.000000,0,nan,0.00,0.127471,0.2986,0.0842,0.067304,-0.4541,0.46,5.19,6.10,5.10,-0.054850,-1.8724,-0.2916,0.008000,0.035783,0.1450,-0.029468,-0.065191,-0.026093,1429.9216438648727,190.7440343723315,1115.4652481499124,638.1811098419453,0.070430,0.016801,6507.4,6113.2,0.042911,0.013890,-1.000000,4.3121,1.0000,,,,,
4.3800,1778836336.946334,365,11.196284,-0.005316,-0.029806,4.3810,0.0606,0.035767,11.315617,-0.055836,-0.032294,4.3257,11.222636,-0.005846,-0.029619,4.3260,-0.0014,0.035157,0.088706,0.0650,11.222636,0.000000,-0.000000,4.6530,-1.000000,-0.001906,43.9235,0,1,clay,1.0000,0.500000,0,0,0.000000,0.000000,0.000000,0,nan,0.00,0.104743,0.2967,0.0852,0.055304,-0.4541,0.45,5.19,6.09,5.20,-0.055836,-1.8503,-0.3273,0.008000,0.245825,0.3623,-0.021220,-0.033657,-0.013256,1105.601048451751,72.66171091230581,1075.259366134676,518.5852753019767,0.060909,0.013531,6509.5,6111.1,0.039215,-0.006267,-0.377971,4.3254,1.0000,,,,,
4.3920,1778836336.958372,366,11.416970,-0.047247,-0.033293,4.2362,-0.0233,0.044855,11.367492,-0.056545,-0.031787,4.3208,11.443227,-0.047864,-0.033093,4.3086,-0.0056,0.035397,0.077846,0.0492,11.443227,-0.000000,0.000000,4.5570,-0.250961,0.040263,45.1125,0,1,clay,1.0000,0.500000,0,0,0.000000,0.000000,0.000000,0,nan,0.00,0.099040,0.2947,0.0861,0.052293,-0.4536,0.45,5.21,6.12,5.32,-0.056545,-1.8213,-0.2362,0.008000,0.125518,-0.1486,-0.036720,-0.046125,-0.017635,1560.5434316818375,1780.017750663727,847.0998481333925,594.3136271191622,0.047962,0.015444,6512.2,6108.3,0.034377,0.020753,-1.000000,4.3081,1.0000,,,,,
4.4040,1778836336.970486,367,11.390565,-0.026370,-0.038923,4.3196,-0.0509,0.049434,11.419334,-0.056985,-0.031205,4.3175,11.416978,-0.027148,-0.038702,4.3109,-0.0120,0.038477,0.083923,0.0508,11.416978,-0.000000,0.000000,4.5685,-0.179825,0.053321,44.9405,0,1,clay,1.0000,0.500000,0,0,0.000000,0.000000,0.000000,0,nan,0.00,0.094953,0.2928,0.0870,0.050135,-0.4530,0.46,5.23,6.15,5.32,-0.056985,-1.7879,-0.2510,0.008000,0.057000,-0.3992,-0.015887,-0.070487,-0.033909,1768.4995120566136,1182.5980898203663,917.8585762655996,709.4938510904955,0.045126,0.018528,6510.8,6109.8,0.036946,0.001188,-0.250961,4.3104,1.0000,,,,,
4.4160,1778836336.982338,368,11.490572,-0.036477,-0.027694,4.4292,-0.0926,0.050727,11.471119,-0.057204,-0.030572,4.3099,11.517154,-0.037016,-0.027455,4.3338,-0.0248,0.040875,0.070387,0.0490,11.517154,0.000000,0.000000,4.5246,-0.467133,0.079247,43.2986,0,1,clay,1.0000,0.500000,0,0,0.000000,0.000000,0.000000,0,nan,0.00,0.084336,0.2909,0.0878,0.044529,-0.4520,0.45,5.23,6.14,5.27,-0.057204,-1.7517,-0.2147,0.008000,0.074576,0.3562,-0.001983,-0.082828,-0.022304,882.9828131479721,484.69738650561453,940.4213262477945,884.1363373016651,0.044914,0.022870,6514.2,6106.3,0.030934,-0.007461,-0.179825,4.3334,1.0000,,,,,
4.4280,1778836336.994411,369,11.464778,-0.164285,-0.026785,4.2751,0.1382,0.050154,11.522883,-0.057253,-0.029909,4.3045,11.491309,-0.164586,-0.026535,4.3221,0.0049,0.041818,0.008896,0.0417,11.491309,-0.000000,0.000000,4.5359,1.000000,0.154538,46.4277,0,1,clay,1.0000,0.500000,0,0,0.000000,0.000000,0.000000,0,nan,0.00,0.107063,0.2890,0.0886,0.056529,-0.4502,0.45,5.24,6.14,5.26,-0.057253,-1.7137,-0.2314,0.008000,0.112169,0.3969,-0.003277,-0.050828,-0.019280,281.36741637815453,-282.38464945315536,628.2028754615569,661.0501070073997,0.030541,0.016142,6529.8,6090.7,0.003713,0.026199,-0.467133,4.3221,1.0000,,,,,
4.4400,1778836337.006347,370,11.586730,-0.084693,-0.032523,4.3206,0.0837,0.051630,11.574634,-0.057475,-0.029383,4.3064,11.613205,-0.085003,-0.032251,4.3221,0.0230,0.047193,0.055501,0.0627,11.613205,0.000000,0.000000,4.4821,0.444742,0.156389,44.4614,0,1,clay,1.0000,0.500000,0,0,0.000000,0.000000,0.000000,0,nan,0.00,0.117171,0.2871,0.0893,0.061866,-0.4483,0.44,5.26,6.14,5.37,-0.057475,-1.6835,-0.1757,0.008000,0.116116,0.0284,-0.005391,-0.058878,-0.050726,748.4571075806319,-275.6544521390165,621.4033180271452,520.5709871875052,0.037817,0.013222,6518.1,6102.4,0.024088,0.004191,1.000000,4.3218,1.0000,,,,,
4.4520,1778836337.018415,371,11.588254,-0.016728,-0.026669,4.3094,-0.0176,0.042784,11.626363,-0.057809,-0.028960,4.2981,11.614888,-0.016911,-0.026391,4.3197,0.0181,0.048089,0.051247,0.0646,11.614888,0.000000,0.000000,4.4813,-1.000000,0.161777,44.2005,0,1,clay,1.0000,0.500000,0,0,0.000000,0.000000,0.000000,0,nan,0.00,0.094444,0.2852,0.0900,0.049866,-0.4464,0.45,5.26,6.17,5.26,-0.057809,-1.6593,-0.1832,0.008000,0.091210,0.7032,-0.000402,-0.040869,-0.020095,662.462818130273,1619.0884639741773,758.4519510488158,580.7464064770551,0.044501,0.014732,6519.2,6101.3,0.022202,0.009087,0.444742,4.3194,1.0000,,,,,
4.4640,1778836337.030518,372,11.737536,-0.020823,-0.028418,4.3628,0.0081,0.025799,11.678082,-0.058258,-0.028647,4.3038,11.764316,-0.021107,-0.028166,4.3284,0.0152,0.042124,0.096532,0.0437,11.764316,-0.000000,-0.000000,4.4139,-1.000000,0.131767,43.9722,0,1,clay,1.0000,0.500000,0,0,0.000000,0.000000,0.000000,0,nan,0.00,0.071716,0.2834,0.0906,0.037866,-0.4448,0.46,5.25,6.18,5.23,-0.058258,-1.6414,-0.1101,0.008000,0.125475,-0.1124,-0.003984,-0.042163,-0.025640,792.6772598844418,1392.2051173404088,587.2744854488366,512.7888563724385,0.033690,0.013468,6507.8,6112.8,0.042181,-0.010190,-1.000000,4.3278,1.0000,,,,,
4.4760,1778836337.042347,373,11.694097,-0.036194,-0.028609,4.3439,0.0866,0.032410,11.729776,-0.058450,-0.028214,4.3038,11.720854,-0.036424,-0.028372,4.3318,0.0269,0.038695,0.135063,0.0317,11.720854,0.000000,-0.000000,4.4337,-0.387376,0.073376,44.0563,0,1,clay,1.0000,0.500000,0,0,0.000000,0.000000,0.000000,0,nan,0.00,0.062912,0.2816,0.0911,0.033218,-0.4439,0.46,5.26,6.18,5.30,-0.058450,-1.6165,-0.1299,0.008000,0.046478,0.3476,0.008578,-0.031028,-0.032681,1011.2948212908061,1693.4353396185647,267.1633990324014,347.8780406115046,0.018653,0.009459,6498.0,6122.6,0.059276,-0.006336,-1.000000,4.3309,1.0000,,,,,
4.4880,1778836337.054356,374,11.781737,-0.162873,-0.031099,4.3341,0.0331,0.049935,11.781416,-0.058300,-0.027630,4.3008,11.808510,-0.163143,-0.030851,4.3323,0.0281,0.040158,0.131383,0.0308,11.808510,-0.000000,-0.000000,4.3935,1.000000,0.055716,46.3510,0,1,clay,1.0000,0.500000,0,0,0.000000,0.000000,0.000000,0,nan,0.00,0.085640,0.2798,0.0917,0.045218,-0.4432,0.46,5.27,6.19,5.33,-0.058300,-1.5831,-0.0927,0.008000,0.196028,-0.2863,-0.003286,-0.011340,-0.004569,1061.9485422993728,1222.8606641343986,243.31550679047731,371.99206200768,0.012691,0.009959,6498.8,6121.8,0.057810,-0.009203,-0.387376,4.3315,1.0000,,,,,
4.5000,1778836337.066390,375,11.875374,-0.077575,-0.019678,4.3574,0.1346,0.049768,11.832998,-0.057971,-0.027023,4.2941,11.902182,-0.077372,-0.019409,4.3372,0.0504,0.045151,0.113592,0.0514,11.902182,-0.000000,-0.000000,4.3503,-0.084982,0.070072,43.7385,0,1,clay,1.0000,0.500000,0,0,0.000000,0.000000,0.000000,0,nan,0.00,0.083708,0.2780,0.0922,0.044198,-0.4424,0.45,5.28,6.19,5.33,-0.057971,-1.5483,-0.0562,0.008000,0.020552,0.5659,0.020132,-0.000230,-0.015151,594.6733985700877,1393.5163090646915,253.86474334729166,211.9532317219778,0.019139,0.005809,6503.3,6117.3,0.050003,-0.011595,1.000000,4.3365,1.0000,,,,,
4.5120,1778836337.078311,376,11.838927,-0.051373,-0.029008,4.3805,0.0689,0.040556,11.884501,-0.057720,-0.026526,4.2872,11.865764,-0.051404,-0.028743,4.3456,0.0536,0.044054,0.087232,0.0437,11.865764,-0.000000,-0.000000,4.3671,-0.180517,0.098936,43.1367,0,1,clay,1.0000,0.500000,0,0,0.000000,0.000000,0.000000,0,nan,0.00,0.079606,0.2762,0.0926,0.042032,-0.4412,0.45,5.27,6.16,5.18,-0.057720,-1.5198,-0.0798,0.008000,0.015437,0.3349,0.025781,0.015598,-0.004522,65.30804948349343,-140.32563516721768,408.10646356096754,163.6340852875513,0.017263,0.004694,6510.0,6110.6,0.038325,-0.016556,-0.084982,4.3450,1.0000,,,,,
4.5240,1778836337.090393,377,11.975063,-0.081025,-0.025475,4.1997,0.1170,0.027548,11.935942,-0.057737,-0.026217,4.2832,12.001676,-0.080910,-0.025227,4.3174,0.0650,0.041260,0.082132,0.0409,12.001676,0.000000,0.000000,4.3051,0.454118,0.135951,45.0075,0,1,clay,1.0000,0.500000,0,0,0.000000,0.000000,0.000000,0,nan,0.00,0.089927,0.2744,0.0931,0.047481,-0.4396,0.45,5.27,6.17,5.32,-0.057737,-1.5021,-0.0219,0.008000,0.043723,-0.1207,-0.023933,0.039241,0.002283,43.596226136249754,-592.2811693693883,297.8134500293335,-17.228739812104052,0.012958,0.000676,6511.3,6109.2,0.035995,0.022769,-0.180517,4.3169,1.0000,,,,,
4.5360,1778836337.102484,378,11.989225,-0.074674,-0.016016,4.2590,0.1028,0.020623,11.987313,-0.057730,-0.025919,4.2769,12.015861,-0.074280,-0.015784,4.3061,0.0733,0.039822,0.071682,0.0503,12.015861,0.000000,0.000000,4.2988,-0.582108,0.168829,45.6484,0,1,clay,1.0000,0.500000,0,0,0.000000,0.000000,0.000000,0,nan,0.00,0.076697,0.2727,0.0934,0.040496,-0.4375,0.45,5.25,6.16,5.14,-0.057730,-1.4851,-0.0219,0.008000,0.114857,0.3631,-0.017345,0.010453,-0.033555,444.69521050767855,790.1357670987082,257.67496599343247,-160.37433160884774,0.017879,-0.002489,6514.0,6106.5,0.031279,0.009581,0.454118,4.3057,1.0000,,,,,
4.5480,1778836337.114444,379,11.993205,-0.043337,-0.039793,4.2648,0.0333,0.027899,12.038631,-0.057561,-0.025562,4.2727,12.019717,-0.043645,-0.039575,4.2981,0.0648,0.036485,0.060144,0.0369,12.019717,0.000000,0.000000,4.2970,0.383358,0.198548,46.3087,0,1,clay,1.0000,0.500000,0,0,0.000000,0.000000,0.000000,0,nan,0.00,0.085410,0.2710,0.0938,0.045096,-0.4352,0.46,5.27,6.18,5.34,-0.057561,-1.4646,-0.0244,0.008000,0.069585,-0.7025,-0.029901,0.006797,-0.026640,512.621618903124,1215.3426410504635,193.35415289164035,-112.3430113942588,0.013076,-0.001366,6517.0,6103.6,0.026096,0.007018,-0.582108,4.2978,1.0000,,,,,
4.5600,1778836337.126417,380,12.016643,-0.062273,-0.032625,4.2325,-0.0503,0.032311,12.089889,-0.057301,-0.025199,4.2675,12.043097,-0.062512,-0.032405,4.2855,0.0459,0.037688,0.053809,0.0475,12.043097,0.000000,0.000000,4.2867,0.430238,0.225340,47.3338,0,1,clay,1.0000,0.500000,0,0,0.000000,0.000000,0.000000,0,nan,0.00,0.095188,0.2693,0.0941,0.050259,-0.4324,0.45,5.28,6.19,5.38,-0.057301,-1.4438,-0.0192,0.008000,0.052963,-0.6327,-0.039696,-0.007677,-0.019388,545.3316067917897,-166.3203237811208,383.92597394644883,106.2338972799343,0.022865,0.003663,6518.6,6101.9,0.023217,0.014453,0.383358,4.2851,1.0000,,,,,
4.5720,1778836337.138495,381,12.158872,0.017536,-0.025833,4.2218,0.0345,0.033268,12.141096,-0.056931,-0.024802,4.2635,12.185499,0.017477,-0.025608,4.2732,0.0457,0.038733,0.048626,0.0529,12.185499,0.000000,-0.000000,4.2214,-1.000000,0.257285,48.7607,0,1,clay,1.0000,0.500000,0,0,0.000000,0.000000,0.000000,0,nan,0.00,0.072460,0.2676,0.0943,0.038259,-0.4294,0.47,5.27,6.21,5.17,-0.056931,-1.4210,0.0421,0.008000,0.057348,-0.1077,-0.065171,0.007424,-0.002270,486.77611014703245,91.90161558245859,484.14234132617565,118.68600969310668,0.028318,0.003977,6520.0,6100.6,0.020851,0.012361,0.430238,4.2729,1.0000,,,,,
4.5840,1778836337.150355,382,12.174164,-0.030123,-0.023139,4.3496,0.0729,0.030558,12.192249,-0.056609,-0.024448,4.2599,12.200786,-0.030103,-0.022928,4.2880,0.0484,0.034902,0.044945,0.0321,12.200786,0.000000,-0.000000,4.2138,-1.000000,0.277422,47.2367,0,1,clay,1.0000,0.500000,0,0,0.000000,0.000000,0.000000,0,nan,0.00,0.049733,0.2659,0.0945,0.026259,-0.4260,0.47,5.25,6.19,5.15,-0.056609,-1.4008,0.0462,0.008000,0.022293,0.0781,-0.057537,0.011090,-0.003198,148.9709081300398,218.9116781455882,229.93962865136393,44.46549538522764,0.015139,0.002262,6521.0,6099.6,0.019140,-0.017420,-1.000000,4.2877,1.0000,,,,,
4.5960,1778836337.162424,383,12.223593,0.026544,-0.024257,4.2309,-0.0260,0.028748,12.243353,-0.056237,-0.024072,4.2546,12.250034,0.026426,-0.024059,4.2769,0.0334,0.031722,0.033277,0.0201,12.250034,-0.000000,-0.000000,4.1881,-1.000000,0.305174,48.6258,0,1,clay,1.0000,0.500000,0,0,0.000000,0.000000,0.000000,0,nan,0.00,0.027006,0.2642,0.0946,0.014259,-0.4224,0.47,5.22,6.16,5.08,-0.056237,-1.3792,0.0666,0.008000,0.194710,0.1477,-0.068761,-0.026711,-0.031068,710.0964829999472,321.0579277010054,23.92619942574437,172.31092663117963,0.006668,0.005228,6524.0,6096.6,0.013936,0.007251,-1.000000,4.2767,1.0000,,,,,
4.6080,1778836337.174382,384,12.401239,-0.137364,-0.024317,4.2332,0.0431,0.045022,12.294408,-0.055616,-0.023562,4.2504,12.427447,-0.137467,-0.024114,4.2684,0.0330,0.031400,0.025403,0.0081,12.427447,-0.000000,0.000000,4.0924,1.000000,0.347173,51.0722,0,1,clay,1.0000,0.500000,0,0,0.000000,0.000000,0.000000,0,nan,0.00,0.049733,0.2625,0.0947,0.026259,-0.4182,0.46,5.22,6.13,5.17,-0.055616,-1.3500,0.1580,0.008000,0.091228,-0.5399,-0.080307,-0.029889,-0.027235,453.9318413479869,253.7928264431372,-295.3172048141912,203.21784340835802,-0.006775,0.005761,6526.0,6094.6,0.010389,0.005400,-1.000000,4.2683,1.0000,,,,,
4.6200,1778836337.186367,385,12.295988,-0.013675,-0.021764,4.2812,0.1313,0.052503,12.345409,-0.054813,-0.022966,4.2460,12.322183,-0.013545,-0.021531,4.2709,0.0534,0.038050,0.025911,0.0324,12.322183,-0.000000,-0.000000,4.1474,-0.723852,0.356743,49.2300,0,1,clay,1.0000,0.500000,0,0,0.000000,0.000000,0.000000,0,nan,0.00,0.033282,0.2609,0.0948,0.017573,-0.4139,0.46,5.21,6.12,5.17,-0.054813,-1.3159,0.0986,0.008000,0.038125,0.1475,-0.083515,-0.002320,-0.012683,397.67550900161154,-83.10351986986211,-160.94212313125885,77.17984715577813,-0.000429,0.002761,6525.9,6094.6,0.010501,-0.005609,1.000000,4.2708,1.0000,,,,,
4.6320,1778836337.198358,386,12.339764,-0.051482,-0.016996,4.2120,0.0187,0.042748,12.396354,-0.054016,-0.022409,4.2405,12.365800,-0.051277,-0.016767,4.2595,0.0447,0.035939,0.016531,0.0131,12.365800,-0.000000,-0.000000,4.1231,0.346942,0.378424,50.2470,0,1,clay,1.0000,0.500000,0,0,0.000000,0.000000,0.000000,0,nan,0.00,0.041167,0.2593,0.0947,0.021736,-0.4094,0.45,5.19,6.09,5.08,-0.054016,-1.2839,0.1175,0.008000,0.097725,0.2352,-0.066205,-0.015208,-0.016991,-1096.2261770208938,401.6665812086594,-319.8879595794218,155.6665118287641,-0.007952,0.004701,6528.3,6092.2,0.006337,0.006058,-0.723852,4.2594,1.0000,,,,,
4.6440,1778836337.210330,387,12.487542,0.005204,-0.028171,4.2276,0.0842,0.034685,12.447239,-0.053469,-0.021989,4.2367,12.513433,0.005164,-0.027943,4.2534,0.0527,0.036767,0.023003,0.0238,12.513433,0.000000,0.000000,4.0640,-0.613590,0.395665,51.2874,0,1,clay,1.0000,0.500000,0,0,0.000000,0.000000,0.000000,0,nan,0.00,0.027222,0.2577,0.0947,0.014373,-0.4046,0.45,5.19,6.08,5.17,-0.053469,-1.2599,0.1727,0.008000,0.083329,-0.9379,-0.060047,-0.010489,-0.018356,-1017.3434311607539,-22.824047490519888,-270.406263151032,59.718396048083164,-0.005223,0.002662,6526.7,6093.8,0.009140,0.003655,0.346942,4.2533,1.0000,,,,,
4.6560,1778836337.222405,388,12.520143,-0.039155,-0.028733,4.2833,0.1627,0.029335,12.498052,-0.053051,-0.021620,4.2307,12.546104,-0.039117,-0.028521,4.2591,0.0701,0.033336,0.013743,0.0106,12.546104,0.000000,0.000000,4.0590,1.000000,0.416053,50.8774,0,1,clay,1.0000,0.500000,0,0,0.000000,0.000000,0.000000,0,nan,0.00,0.049949,0.2560,0.0946,0.026373,-0.3996,0.45,5.18,6.09,5.16,-0.053051,-1.2387,0.1717,0.008000,0.070817,0.4121,-0.045103,0.012930,-0.019926,-436.51747138218025,118.46826099351642,-512.8658265206011,-196.8869121724708,-0.016849,-0.002969,6529.1,6091.5,0.005004,-0.009329,-0.613590,4.2591,1.0000,,,,,
4.6680,1778836337.234421,389,12.582077,-0.049576,-0.023796,4.1967,0.0465,0.030229,12.548809,-0.052650,-0.021258,4.2260,12.608034,-0.049427,-0.023580,4.2470,0.0682,0.035702,0.008531,0.0325,12.608034,0.000000,0.000000,4.0567,0.464638,0.439238,52.2016,0,1,clay,1.0000,0.500000,0,0,0.000000,0.000000,0.000000,0,nan,0.00,0.060509,0.2545,0.0944,0.031949,-0.3944,0.46,5.18,6.11,5.15,-0.052650,-1.2180,0.1692,0.008000,0.111513,0.2774,-0.043857,0.012044,-0.020541,-205.92161498475605,141.7722204171872,-234.8947019288426,-161.73753306792594,-0.003190,-0.002166,6530.4,6090.1,0.002645,0.006074,1.000000,4.2470,1.0000,,,,,
4.6800,1778836337.246457,390,12.572356,-0.012638,-0.018036,4.2813,0.0473,0.038580,12.599495,-0.052148,-0.020822,4.2198,12.598349,-0.012352,-0.017814,4.2537,0.0649,0.037017,0.011138,0.0348,12.598349,0.000000,0.000000,4.0566,-1.000000,0.446348,51.5816,0,1,clay,1.0000,0.500000,0,0,0.000000,0.000000,0.000000,0,nan,0.00,0.037782,0.2529,0.0942,0.019949,-0.3890,0.47,5.18,6.11,5.16,-0.052148,-1.1930,0.1632,0.008000,0.050417,0.2119,-0.024394,0.022425,-0.002852,-146.61789050925796,-44.0346109086164,-65.9946236968367,-97.2120445131275,0.003196,-0.000897,6529.8,6090.7,0.003733,-0.011158,0.464638,4.2536,1.0000,,,,,
4.6920,1778836337.258405,391,12.631357,-0.125732,-0.023727,4.3167,0.1119,0.032903,12.650108,-0.051699,-0.020421,4.2129,12.657370,-0.125572,-0.023518,4.2658,0.0703,0.033257,-0.000183,0.0139,12.657370,0.000000,-0.000000,4.0593,1.000000,0.465575,51.6394,0,1,clay,1.0000,0.500000,0,0,0.000000,0.000000,0.000000,0,nan,0.00,0.060509,0.2513,0.0939,0.031949,-0.3834,0.46,5.17,6.09,5.17,-0.051699,-1.1700,0.1536,0.008000,0.096212,-0.2458,-0.026644,0.038629,0.004333,-583.6420647179096,-1295.8043651464918,-373.37138445747723,-208.38585585147575,-0.010626,-0.003249,6532.7,6087.9,-0.001282,-0.019673,-1.000000,4.2658,1.0000,,,,,
4.7040,1778836337.270371,392,12.752869,-0.075534,-0.019108,4.2610,0.0489,0.032584,12.700656,-0.051252,-0.020009,4.2087,12.778811,-0.075262,-0.018892,4.2649,0.0691,0.036443,-0.005959,0.0380,12.778811,-0.000000,-0.000000,4.0685,0.784694,0.491372,51.2406,0,1,clay,1.0000,0.500000,0,0,0.000000,0.000000,0.000000,0,nan,0.00,0.078343,0.2497,0.0936,0.041365,-0.3775,0.45,5.17,6.08,5.17,-0.051252,-1.1464,0.1402,0.008000,0.125078,0.1019,-0.015351,0.056260,0.025655,-58.25276411506417,618.185704225911,-86.35300983942247,-166.4424137634923,0.002712,-0.002312,6534.2,6086.4,-0.003881,-0.017079,1.000000,4.2649,1.0000,,,,,
4.7160,1778836337.282449,393,12.675015,-0.030804,-0.018656,4.2043,0.0428,0.039923,12.751121,-0.050649,-0.019489,4.2017,12.700848,-0.030527,-0.018429,4.2530,0.0659,0.038985,-0.024911,0.0461,12.700848,0.000000,-0.000000,4.0630,-1.000000,0.518266,52.5580,0,1,clay,1.0000,0.500000,0,0,0.000000,0.000000,0.000000,0,nan,0.00,0.055616,0.2482,0.0932,0.029365,-0.3713,0.45,5.18,6.07,5.19,-0.050649,-1.1166,0.1387,0.008000,0.209686,0.1328,-0.017806,0.021914,-0.007649,53.87448207884313,-236.85224206866388,167.19509953518303,-86.89700605928229,0.012879,-0.000715,6539.0,6081.5,-0.012316,0.001747,0.784694,4.2532,1.0000,,,,,
4.7280,1778836337.294358,394,12.792562,0.029804,-0.007207,4.1581,0.0378,0.038049,12.801504,-0.050083,-0.018990,4.1952,12.818296,0.030328,-0.006987,4.2347,0.0581,0.035811,-0.009691,0.0233,12.818296,-0.000000,-0.000000,4.0695,-1.000000,0.530836,54.9032,0,1,clay,1.0000,0.500000,0,0,0.000000,0.000000,0.000000,0,nan,0.00,0.032888,0.2467,0.0928,0.017365,-0.3649,0.45,5.16,6.06,5.10,-0.050083,-1.0881,0.1257,0.008000,0.059617,0.6027,-0.038766,0.006284,-0.012644,-770.4877145508709,91.1415480388996,-75.03350704776196,-28.528721028677438,0.001795,0.000665,6535.2,6085.3,-0.005669,0.013982,-1.000000,4.2348,1.0000,,,,,
4.7400,1778836337.306385,395,12.889872,0.017252,-0.012195,4.2425,0.0680,0.018288,12.851812,-0.049821,-0.018656,4.1892,12.915554,0.017607,-0.012003,4.2360,0.0576,0.030522,-0.040585,0.0113,12.915554,-0.000000,0.000000,4.0688,-1.000000,0.575554,55.4819,0,1,clay,1.0000,0.500000,0,0,0.000000,0.000000,0.000000,0,nan,0.00,0.010161,0.2451,0.0923,0.005365,-0.3580,0.45,5.16,6.05,5.12,-0.049821,-1.0689,0.1203,0.008000,0.117871,0.0560,-0.024906,0.034635,0.012285,-866.3430136984491,-873.1464621741823,-323.84923903518404,-119.43822575166081,-0.009297,-0.001142,6543.1,6077.5,-0.019341,-0.008204,-1.000000,4.2363,1.0000,,,,,
4.7520,1778836337.318941,396,12.892274,0.033455,-0.020755,4.1842,0.0077,0.036156,12.902059,-0.049550,-0.018266,4.1829,12.917853,0.033518,-0.020567,4.2258,0.0460,0.028653,-0.057787,-0.0007,12.917853,-0.000000,0.000000,4.0688,-0.954953,0.617976,57.2072,0,1,clay,1.0000,0.500000,0,0,0.000000,0.000000,0.000000,0,nan,0.00,-0.011542,0.2436,0.0917,-0.006094,-0.3506,0.45,5.16,6.05,5.16,-0.049550,-1.0466,0.1142,0.008000,0.054929,0.2012,-0.029496,0.019366,0.007943,578.9580995369184,-990.474890996387,-493.08906834015755,23.311520575374658,-0.019177,0.001555,6547.5,6073.1,-0.027053,0.002050,-1.000000,4.2262,1.0000,,,,,
4.7640,1778836337.330500,397,13.006599,0.023078,-0.011732,4.1613,0.0964,0.042800,12.952258,-0.048987,-0.017727,4.1799,13.032182,0.023424,-0.011541,4.2133,0.0521,0.027923,-0.055995,-0.0119,13.032182,0.000000,0.000000,4.0665,-0.635966,0.650066,58.8630,0,1,clay,1.0000,0.500000,0,0,0.000000,0.000000,0.000000,0,nan,0.00,-0.025996,0.2421,0.0911,-0.013726,-0.3428,0.46,5.17,6.09,5.27,-0.048987,-1.0157,0.1134,0.008000,0.070931,0.7709,-0.046888,0.023544,0.007440,368.7300768480711,124.27342364012975,-709.8096705727221,-37.56829375684441,-0.033503,0.000189,6547.1,6073.5,-0.026380,0.002543,-0.954953,4.2136,1.0000,,,,,
4.7760,1778836337.342402,398,13.031627,-0.032447,-0.014138,4.1235,0.0551,0.053314,13.002391,-0.048194,-0.017086,4.1729,13.057179,-0.032145,-0.013931,4.1958,0.0500,0.029488,-0.066657,-0.0176,13.057179,0.000000,0.000000,4.0663,1.000000,0.683342,61.0380,0,1,clay,1.0000,0.500000,0,0,0.000000,0.000000,0.000000,0,nan,0.00,-0.003269,0.2406,0.0905,-0.001726,-0.3346,0.46,5.18,6.09,5.21,-0.048194,-0.9790,0.1066,0.008000,0.014550,0.3364,-0.051711,0.008730,-0.005347,-118.28193004730312,213.72482759810543,-819.9903101897928,49.81218712662633,-0.042379,0.001813,6549.8,6070.7,-0.031179,0.015904,-0.635966,4.1962,1.0000,,,,,
4.7880,1778836337.354482,399,13.074427,-0.080051,-0.013771,4.2197,0.0266,0.051558,13.052464,-0.047411,-0.016486,4.1681,13.100060,-0.079730,-0.013539,4.2003,0.0474,0.034958,-0.073144,0.0044,13.100060,0.000000,0.000000,4.0662,1.000000,0.710503,61.0246,0,1,clay,1.0000,0.500000,0,0,0.000000,0.000000,0.000000,0,nan,0.00,0.019458,0.2392,0.0897,0.010274,-0.3261,0.46,5.17,6.10,5.14,-0.047411,-0.9446,0.1019,0.008000,0.088392,0.0196,-0.054080,0.012407,0.009103,-660.0105445558738,-143.53675564196715,-682.8918025246227,168.16743302594332,-0.029816,0.004296,6551.5,6069.0,-0.034136,-0.014720,1.000000,4.2007,1.0000,,,,,
4.8000,1778836337.366381,400,13.083851,-0.008410,-0.017039,4.0892,-0.0715,0.025225,13.102460,-0.046858,-0.016055,4.1632,13.109297,-0.008320,-0.016819,4.1787,0.0277,0.034662,-0.072996,0.0164,13.109297,0.000000,0.000000,4.0662,0.377957,0.728220,63.7716,0,1,clay,1.0000,0.500000,0,0,0.000000,0.000000,0.000000,0,nan,0.00,0.028048,0.2377,0.0889,0.014810,-0.3174,0.46,5.17,6.09,5.16,-0.046858,-0.9199,0.0970,0.008000,0.114861,0.1806,-0.086669,-0.029348,-0.014623,-1070.3313568622432,1185.0458665230337,-367.43057034753724,353.7277374654034,-0.011047,0.008792,6551.5,6069.0,-0.034140,0.016048,1.000000,4.1792,1.0000,,,,,
4.8120,1778836337.378412,401,13.231186,-0.026636,-0.019643,4.1376,0.0075,0.015250,13.152395,-0.046726,-0.015860,4.1589,13.256542,-0.026668,-0.019445,4.1706,0.0245,0.031453,-0.081713,0.0171,13.256542,-0.000000,-0.000000,4.0670,1.000000,0.760821,65.9308,0,1,clay,1.0000,0.500000,0,0,0.000000,0.000000,0.000000,0,nan,0.00,0.050776,0.2362,0.0881,0.026810,-0.3082,0.45,5.16,6.07,5.11,-0.046726,-0.9087,0.0920,0.008000,0.050947,-0.2518,-0.093156,-0.037146,-0.021358,-1243.7563549192585,-304.8186158419725,-202.58998941436568,317.29846702880945,-0.003892,0.007967,6553.8,6066.8,-0.038034,0.000850,0.377957,4.1711,1.0000,,,,,
4.8240,1778836337.390455,402,13.300164,-0.070531,-0.023077,4.0495,0.0242,0.012065,13.202262,-0.046800,-0.015724,4.1519,13.325366,-0.070664,-0.022895,4.1470,0.0270,0.030699,-0.084259,0.0329,13.325366,-0.000000,-0.000000,4.0671,1.000000,0.791062,69.8705,0,1,clay,1.0000,0.500000,0,0,0.000000,0.000000,0.000000,0,nan,0.00,0.073503,0.2348,0.0872,0.038810,-0.2987,0.46,5.16,6.07,5.13,-0.046800,-0.9009,0.0848,0.008000,0.179563,-0.4897,-0.102966,-0.028873,-0.016173,-892.4851052550692,-1841.3592687663656,101.03757696164885,238.65349901756582,0.009616,0.006295,6554.5,6066.1,-0.039244,0.023832,1.000000,4.1476,1.0000,,,,,
4.8360,1778836337.402333,403,13.290676,-0.064074,-0.015026,4.1001,0.0020,0.015816,13.252041,-0.046818,-0.015514,4.1449,13.315763,-0.064034,-0.014851,4.1378,0.0253,0.030837,-0.089641,0.0449,13.315763,-0.000000,-0.000000,4.0671,0.772437,0.813422,71.2167,0,1,clay,1.0000,0.500000,0,0,0.000000,0.000000,0.000000,0,nan,0.00,0.091058,0.2334,0.0862,0.048079,-0.2890,0.45,5.17,6.08,5.27,-0.046818,-0.8888,0.0777,0.008000,0.113961,-0.6658,-0.095365,0.007595,0.024572,62.09266234977156,1315.7295846267564,409.0926778849919,240.17067944417536,0.023642,0.006259,6555.9,6064.7,-0.041697,0.009600,1.000000,4.1384,1.0000,,,,,
4.8480,1778836337.414361,404,13.257024,-0.054557,-0.008332,4.1458,0.0713,0.017045,13.301714,-0.046813,-0.015291,4.1359,13.282201,-0.054294,-0.008162,4.1393,0.0359,0.031002,-0.083330,0.0528,13.282201,-0.000000,-0.000000,4.0671,-0.665547,0.815944,70.5017,0,1,clay,1.0000,0.500000,0,0,0.000000,0.000000,0.000000,0,nan,0.00,0.075932,0.2319,0.0851,0.040092,-0.2792,0.45,5.17,6.07,5.12,-0.046813,-0.8761,0.0688,0.008000,0.113088,0.0355,-0.092146,0.015478,0.016343,-367.53942733542465,-605.6294719046944,560.7348607871957,89.4547930796247,0.031246,0.003072,6554.3,6066.2,-0.038977,0.001473,0.772437,4.1398,1.0000,,,,,
4.8600,1778836337.426379,405,13.364882,-0.004334,-0.010595,4.0214,-0.0657,0.022709,13.351310,-0.046780,-0.015042,4.1299,13.389826,-0.004255,-0.010435,4.1164,0.0168,0.028056,-0.082326,0.0361,13.389826,-0.000000,-0.000000,4.0671,-1.000000,0.828247,74.9099,0,1,clay,1.0000,0.500000,0,0,0.000000,0.000000,0.000000,0,nan,0.00,0.053205,0.2305,0.0840,0.028092,-0.2692,0.45,5.16,6.05,5.12,-0.046780,-0.8618,0.0628,0.008000,0.045425,0.4072,-0.103173,0.006337,0.025074,177.21867353331461,-403.45437200989943,547.7491855265321,287.48650940798456,0.027828,0.007403,6554.1,6066.5,-0.038533,0.026799,-0.665547,4.1169,1.0000,,,,,
4.8720,1778836337.438380,406,13.393477,0.003620,-0.018342,4.1225,0.0124,0.024832,13.400811,-0.046639,-0.014738,4.1222,13.418374,0.003487,-0.018190,4.1175,0.0146,0.025522,-0.081662,0.0220,13.418374,-0.000000,0.000000,4.0671,-0.553316,0.835798,74.9115,0,1,clay,1.0000,0.500000,0,0,0.000000,0.000000,0.000000,0,nan,0.00,0.040630,0.2291,0.0829,0.021452,-0.2592,0.44,5.16,6.05,5.19,-0.046639,-0.8445,0.0551,0.008000,0.065014,-0.5497,-0.089705,0.013024,0.032788,586.0584141422489,323.599750991227,291.5592293195002,287.275129008073,0.015764,0.007381,6553.9,6066.7,-0.038268,0.004478,-1.000000,4.1180,1.0000,,,,,
4.8840,1778836337.450465,407,13.392465,0.046075,-0.014232,4.1084,0.0006,0.035917,13.450238,-0.046241,-0.014299,4.1157,13.417364,0.046043,-0.014071,4.1156,0.0117,0.026307,-0.081186,0.0181,13.417364,-0.000000,0.000000,4.0671,-1.000000,0.839282,75.8722,0,1,clay,1.0000,0.500000,0,0,0.000000,0.000000,0.000000,0,nan,0.00,0.017902,0.2277,0.0817,0.009452,-0.2491,0.44,5.16,6.05,5.15,-0.046241,-0.8193,0.0487,0.008000,0.112441,-0.1862,-0.072978,0.003551,0.025456,460.29415686885926,-796.3189663935184,121.23556860165479,355.4341661494111,0.008789,0.008816,6553.8,6066.8,-0.038079,0.003104,-0.553316,4.1161,1.0000,,,,,
4.8960,1778836337.462350,408,13.480486,0.007598,-0.023084,4.1177,0.0722,0.042580,13.499606,-0.045599,-0.013752,4.1107,13.505389,0.007423,-0.022914,4.1159,0.0203,0.026252,-0.083342,0.0034,13.505389,0.000000,0.000001,4.0669,0.951232,0.849551,75.7400,0,1,clay,1.0000,0.500000,0,0,0.000000,0.000000,0.000000,0,nan,0.00,0.039521,0.2263,0.0804,0.020867,-0.2389,0.44,5.16,6.05,5.18,-0.045599,-0.7880,0.0437,0.008000,0.091732,-0.7471,-0.076537,-0.006646,0.005027,289.43703990329993,840.9864148474945,-236.39719839775708,285.5473658901158,-0.007342,0.007135,6554.4,6066.2,-0.039040,-0.001112,-1.000000,4.1164,1.0000,,,,,
4.9080,1778836337.474434,409,13.585642,0.017274,-0.015871,4.1075,0.0378,0.043842,13.548904,-0.044944,-0.013221,4.1051,13.610542,0.017345,-0.015676,4.1142,0.0263,0.031988,-0.077270,0.0266,13.610542,0.000000,0.000001,4.0669,-0.169414,0.857066,76.6025,0,1,clay,1.0000,0.500000,0,0,0.000000,0.000000,0.000000,0,nan,0.00,0.035671,0.2249,0.0791,0.018834,-0.2287,0.44,5.16,6.05,5.13,-0.044944,-0.7576,0.0382,0.008000,0.063268,-0.1443,-0.056698,0.000355,0.010519,-267.2218663803943,-18.736152599553634,-53.07309364611111,298.8410451404522,0.002257,0.007505,6552.8,6067.7,-0.036387,0.001180,0.951232,4.1147,1.0000,,,,,
4.9200,1778836337.486315,410,13.609917,0.016787,-0.013161,4.1032,0.0852,0.040470,13.598125,-0.044342,-0.012736,4.0982,13.634761,0.017000,-0.012961,4.1120,0.0359,0.032215,-0.079940,0.0178,13.634761,0.000000,0.000001,4.0669,-0.407400,0.865712,77.2227,0,1,clay,1.0000,0.500000,0,0,0.000000,0.000000,0.000000,0,nan,0.00,0.026412,0.2236,0.0777,0.013945,-0.2183,0.44,5.16,6.04,5.13,-0.044342,-0.7298,0.0313,0.008000,0.077519,0.1798,-0.049958,0.013074,0.011893,-622.247552732705,-6.098063286286333,-133.59259467814792,199.08052384574736,-0.003226,0.005299,6553.5,6067.0,-0.037582,-0.000144,-0.169414,4.1125,1.0000,,,,,
4.9320,1778836337.498337,411,13.574532,-0.044547,-0.011765,4.0812,0.0262,0.029978,13.647256,-0.043939,-0.012355,4.0907,13.599285,-0.044326,-0.011573,4.1060,0.0331,0.030431,-0.074701,0.0115,13.599285,0.000000,0.000001,4.0669,1.000000,0.864621,77.2813,0,1,clay,1.0000,0.500000,0,0,0.000000,0.000000,0.000000,0,nan,0.00,0.049139,0.2222,0.0763,0.025945,-0.2079,0.44,5.16,6.03,5.21,-0.043939,-0.7077,0.0238,0.008000,0.167956,0.4618,-0.032193,-0.007348,-0.009720,-753.5188921946794,-878.0173281892295,-258.4923343842498,197.3102394374474,-0.007356,0.005460,6552.2,6068.4,-0.035287,0.004496,-0.407400,4.1064,1.0000,,,,,
4.9440,1778836337.510386,412,13.733341,0.026224,-0.004195,4.0718,0.0355,0.029179,13.696308,-0.043621,-0.011982,4.0846,13.758064,0.026649,-0.003998,4.0992,0.0362,0.032988,-0.078206,0.0320,13.758064,-0.000000,-0.000005,4.0670,-1.000000,0.879715,80.5818,0,1,clay,1.0000,0.500000,0,0,0.000000,0.000000,0.000000,0,nan,0.00,0.026412,0.2209,0.0748,0.013945,-0.1973,0.43,5.16,6.02,5.12,-0.043621,-0.6863,0.0176,0.008000,0.089044,0.4339,-0.029132,-0.012053,-0.015497,-11.09095814324337,-1650.5619835253287,-3.5432067054303786,181.28125364323975,0.004870,0.005090,6553.1,6067.5,-0.036833,0.004554,1.000000,4.0997,1.0000,,,,,
4.9560,1778836337.522336,413,13.746399,0.021880,-0.005248,4.0581,0.0359,0.036948,13.745270,-0.043246,-0.011564,4.0766,13.771023,0.022264,-0.005057,4.0911,0.0332,0.030114,-0.083583,0.0079,13.771023,-0.000000,-0.000005,4.0670,-0.635571,0.895466,82.0284,0,1,clay,1.0000,0.500000,0,0,0.000000,0.000000,0.000000,0,nan,0.00,0.011967,0.2195,0.0733,0.006319,-0.1866,0.43,5.15,6.01,5.12,-0.043246,-0.6624,0.0097,0.008000,0.086991,-0.0107,-0.039285,-0.016354,-0.017452,-387.3675071314178,234.73754973846678,-245.40698977799116,201.38978582180926,-0.007567,0.005400,6554.5,6066.1,-0.039242,0.008490,-1.000000,4.0917,1.0000,,,,,
4.9680,1778836337.534435,414,13.813997,-0.023601,-0.007227,4.0391,0.0388,0.035466,13.794158,-0.042959,-0.011175,4.0715,13.838552,-0.023268,-0.007038,4.0810,0.0327,0.029168,-0.076577,0.0025,13.838552,-0.000000,-0.000005,4.0670,1.000000,0.904192,83.5038,0,1,clay,1.0000,0.500000,0,0,0.000000,0.000000,0.000000,0,nan,0.00,0.034694,0.2182,0.0717,0.018319,-0.1757,0.43,5.14,6.01,5.10,-0.042959,-0.6400,0.0045,0.008000,0.024576,0.0230,-0.026640,0.010774,0.008850,-352.5221118548427,-50.82740831648755,-427.70708138231396,195.72952559697907,-0.015591,0.005401,6552.7,6067.8,-0.036190,0.010314,-0.635571,4.0815,1.0000,,,,,
4.9800,1778836337.546319,415,13.875843,-0.096447,-0.020616,4.0371,0.0296,0.043418,13.842979,-0.042482,-0.010672,4.0660,13.900296,-0.096410,-0.020408,4.0724,0.0346,0.034073,-0.083307,0.0243,13.900296,-0.000001,-0.000000,4.0670,1.000000,0.921523,86.2699,0,1,clay,1.0000,0.500000,0,0,0.000000,0.000000,0.000000,0,nan,0.00,0.057422,0.2169,0.0701,0.030319,-0.1647,0.43,5.14,6.00,5.12,-0.042482,-0.6112,-0.0010,0.008000,0.108098,-0.2852,-0.036391,0.015711,0.015853,-60.647901805326285,434.43427478949354,-195.2902720027211,251.25591248483337,-0.004081,0.006483,6554.4,6066.1,-0.039179,0.007574,1.000000,4.0729,1.0000,,,,,
4.9920,1778836337.558347,416,13.964823,-0.038856,-0.010780,4.0278,0.0335,0.045684,13.891729,-0.041912,-0.010140,4.0599,13.989215,-0.038544,-0.010554,4.0637,0.0366,0.038040,-0.077382,0.0363,13.989215,-0.000000,0.000013,4.0670,1.000000,0.930920,87.7041,0,1,clay,1.0000,0.500000,0,0,0.000000,0.000000,0.000000,0,nan,0.00,0.080149,0.2155,0.0684,0.042319,-0.1535,0.43,5.15,6.01,5.23,-0.041912,-0.5819,-0.0071,0.008000,0.159979,0.0378,-0.043316,0.025256,0.028570,-320.95989550974366,498.79452402847323,61.617092498791266,286.86672012722886,0.007154,0.007361,6553.0,6067.6,-0.036609,0.012244,1.000000,4.0642,1.0000,,,,,
5.0040,1778836337.570399,417,13.981477,-0.054091,-0.009325,3.9732,-0.0386,0.033949,13.940420,-0.041620,-0.009764,4.0547,14.005810,-0.053811,-0.009095,4.0461,0.0258,0.039742,-0.074219,0.0483,14.005810,0.000000,0.000016,4.0669,1.000000,0.938369,91.0518,0,1,clay,1.0000,0.500000,0,0,0.000000,0.000000,0.000000,0,nan,0.00,0.102876,0.2142,0.0667,0.054319,-0.1423,0.43,5.15,6.01,5.11,-0.041620,-0.5603,-0.0123,0.008000,0.086935,0.6281,-0.061008,0.009040,0.026344,-1057.472620500405,-899.8268958952949,395.20764760399413,417.611255220117,0.022815,0.010583,6552.2,6068.4,-0.035242,0.021447,1.000000,4.0466,1.0000,,,,,
5.0160,1778836337.582337,418,14.037394,-0.028659,-0.012341,4.0313,0.0306,0.019377,13.989058,-0.041593,-0.009536,4.0520,14.061673,-0.028452,-0.012122,4.0432,0.0298,0.039270,-0.070055,0.0603,14.061673,0.000001,0.000021,4.0669,0.420337,0.941542,92.1050,0,1,clay,1.0000,0.500000,0,0,0.000000,0.000000,0.000000,0,nan,0.00,0.112429,0.2129,0.0649,0.059363,-0.1310,0.43,5.15,6.01,5.17,-0.041593,-0.5473,-0.0149,0.008000,0.049695,0.0078,-0.062882,-0.007018,0.004637,-647.9983816712074,695.2919503860475,624.7348132114716,327.98828682724763,0.035635,0.008660,6551.1,6069.4,-0.033419,0.004141,1.000000,4.0436,1.0000,,,,,
5.0280,1778836337.594375,419,14.005154,-0.066839,-0.000604,3.9992,0.0470,0.022043,14.037639,-0.041611,-0.009280,4.0460,14.029396,-0.066333,-0.000396,4.0345,0.0348,0.038071,-0.074839,0.0619,14.029396,0.000001,0.000020,4.0669,0.129272,0.949266,93.4867,0,1,clay,1.0000,0.500000,0,0,0.000000,0.000000,0.000000,0,nan,0.00,0.115367,0.2116,0.0632,0.060914,-0.1196,0.43,5.17,6.02,5.25,-0.041611,-0.5326,-0.0209,0.008000,0.096340,0.5234,-0.068969,0.006896,0.015185,-163.01321257123453,-42.243274260898716,738.1001397802756,237.23618607703776,0.040326,0.006553,6552.3,6068.2,-0.035542,0.012438,0.420337,4.0350,1.0000,,,,,
5.0400,1778836337.606427,420,14.061743,-0.094181,-0.013229,4.0352,-0.0552,0.029012,14.086167,-0.041533,-0.008969,4.0420,14.086095,-0.094074,-0.013021,4.0346,0.0205,0.037808,-0.073744,0.0617,14.086095,0.000002,0.000019,4.0669,1.000000,0.955737,94.2568,0,1,clay,1.0000,0.500000,0,0,0.000000,0.000000,0.000000,0,nan,0.00,0.138094,0.2104,0.0613,0.072914,-0.1081,0.43,5.17,6.04,5.17,-0.041533,-0.5148,-0.0249,0.008000,0.074301,-0.2692,-0.063444,-0.014551,0.006818,770.9064588258138,386.1595541113535,876.8650237427746,402.92786721816736,0.045992,0.010310,6552.1,6068.5,-0.035090,0.000319,0.129272,4.0350,1.0000,,,,,
5.0520,1778836337.618483,421,14.113647,-0.072863,-0.006831,4.0282,-0.0326,0.040141,14.134624,-0.041199,-0.008522,4.0361,14.138024,-0.072612,-0.006605,4.0332,0.0153,0.042191,-0.075101,0.0790,14.138024,0.000002,0.000006,4.0669,0.798958,0.963512,94.8683,0,1,clay,1.0000,0.500000,0,0,0.000000,0.000000,0.000000,0,nan,0.00,0.156253,0.2091,0.0584,0.082501,-0.0965,0.44,5.17,6.05,5.19,-0.041199,-0.4850,-0.0308,0.008000,0.119807,-0.3513,-0.057689,-0.032707,-0.001032,861.3400789248004,-272.3768432251751,965.2432995715214,526.860103199911,0.059374,0.013174,6552.4,6068.1,-0.035710,0.005153,1.000000,4.0337,1.0000,,,,,
5.0640,1778836337.630430,422,14.149369,-0.024241,-0.012973,4.0689,-0.0620,0.043464,14.183027,-0.040708,-0.008009,4.0310,14.173804,-0.024180,-0.012729,4.0401,0.0055,0.045681,-0.072991,0.0873,14.173804,0.000002,-0.000008,4.0669,-0.519782,0.964506,94.0283,0,1,clay,1.0000,0.500000,0,0,0.000000,0.000000,0.000000,0,nan,0.00,0.144439,0.2080,0.0556,0.076264,-0.0850,0.44,5.16,6.04,5.11,-0.040708,-0.4556,-0.0359,0.008000,0.060920,-0.6261,-0.042258,-0.020051,0.029274,457.16666913162265,-463.2098713577403,1101.0045706451988,685.6043386800961,0.071252,0.017132,6551.9,6068.6,-0.034801,-0.008478,0.798958,4.0405,1.0000,,,,,
5.0760,1778836337.642387,423,14.186759,-0.007440,-0.003780,4.0248,0.0240,0.038239,14.231369,-0.040250,-0.007559,4.0272,14.211194,-0.007123,-0.003538,4.0371,0.0097,0.044225,-0.061023,0.0731,14.211194,0.000002,-0.000029,4.0669,-1.000000,0.956097,94.5029,0,1,clay,1.0000,0.500000,0,0,0.000000,0.000000,0.000000,0,nan,0.00,0.121712,0.2069,0.0529,0.064264,-0.0735,0.45,5.16,6.05,5.14,-0.040250,-0.4298,-0.0397,0.008000,0.060877,0.0196,-0.035874,-0.020991,0.019633,333.9898970091777,278.98517679650297,1085.356033945402,624.7169708237877,0.063115,0.015809,6548.9,6071.7,-0.029521,0.002415,-0.519782,4.0375,1.0000,,,,,
5.0880,1778836337.654398,424,14.276284,0.010431,-0.004428,3.9633,0.0041,0.041509,14.279680,-0.039794,-0.007105,4.0229,14.300587,0.010730,-0.004188,4.0227,0.0085,0.042512,-0.063560,0.0582,14.300587,-0.000004,-0.000078,4.0671,-1.000000,0.961523,98.6063,0,1,clay,1.0000,0.500000,0,0,0.000000,0.000000,0.000000,0,nan,0.00,0.098985,0.2059,0.0504,0.052264,-0.0619,0.44,5.15,6.03,5.11,-0.039794,-0.4038,-0.0442,0.008000,0.110782,0.7204,-0.040932,-0.047371,-0.009081,609.0414462300664,-169.00144751349967,930.4689497821983,631.9735296430893,0.050242,0.016008,6549.5,6071.0,-0.030614,0.012588,-1.000000,4.0231,1.0000,,,,,
5.1000,1778836337.666339,425,14.256698,-0.052137,-0.009936,3.9835,0.0854,0.053785,14.327926,-0.039061,-0.006501,4.0180,14.280923,-0.051863,-0.009685,4.0151,0.0217,0.042955,-0.055939,0.0462,14.280923,-0.000002,-0.000074,4.0670,1.000000,0.959065,99.2090,0,1,clay,1.0000,0.500000,0,0,0.000000,0.000000,0.000000,0,nan,0.00,0.121712,0.2049,0.0479,0.064264,-0.0504,0.44,5.16,6.04,5.19,-0.039061,-0.3692,-0.0490,0.008000,0.140258,-0.1826,-0.040502,-0.038282,-0.012058,1481.5995616571322,-139.0624067895061,662.3001018993219,519.5806661083584,0.032692,0.013251,6547.6,6073.0,-0.027260,0.005903,-1.000000,4.0155,1.0000,,,,,
5.1120,1778836337.678480,426,14.419071,0.013635,-0.008735,4.0035,0.0547,0.063169,14.376112,-0.038020,-0.005754,4.0139,14.443388,0.014048,-0.008449,4.0128,0.0319,0.050336,-0.052096,0.0703,14.443388,-0.000008,0.000070,4.0672,-0.371535,0.959953,101.7069,0,1,clay,1.0000,0.500000,0,0,0.000000,0.000000,0.000000,0,nan,0.00,0.113268,0.2039,0.0456,0.059806,-0.0389,0.45,5.15,6.05,5.12,-0.038020,-0.3419,-0.0533,0.008000,0.062804,-0.2071,-0.025544,-0.027768,-0.006064,1252.6158659888483,417.02817602463745,737.6036550094216,519.5182347728119,0.040980,0.013259,6546.6,6073.9,-0.025568,-0.000696,1.000000,4.0131,1.0000,,,,,
5.1240,1778836337.690377,427,14.406024,0.002772,-0.004133,3.9916,-0.0362,0.067954,14.424236,-0.036817,-0.004960,4.0074,14.430267,0.003260,-0.003826,4.0087,0.0199,0.052341,-0.048704,0.0576,14.430267,-0.000009,0.000044,4.0672,-0.533774,0.958019,101.9817,0,1,clay,1.0000,0.500000,0,0,0.000000,0.000000,0.000000,0,nan,0.00,0.101137,0.2031,0.0435,0.053400,-0.0274,0.45,5.15,6.05,5.15,-0.036817,-0.2964,-0.0598,0.008000,0.065825,0.2328,-0.027195,-0.046521,-0.009167,558.4712273096213,687.6320103889013,761.2297243209907,701.5561003841003,0.037532,0.018058,6545.8,6074.8,-0.024067,0.002806,-0.371535,4.0090,1.0000,,,,,
5.1360,1778836337.702395,428,14.533456,-0.002492,-0.009537,4.0345,-0.0018,0.052286,14.472289,-0.035799,-0.004317,4.0024,14.557699,-0.002156,-0.009231,4.0136,0.0163,0.051510,-0.057157,0.0502,14.557699,0.000015,0.000291,4.0665,1.000000,0.969210,102.9703,0,1,clay,1.0000,0.500000,0,0,0.000000,0.000000,0.000000,0,nan,0.00,0.123864,0.2022,0.0414,0.065400,-0.0158,0.44,5.16,6.04,5.18,-0.035799,-0.2596,-0.0641,0.008000,0.114421,-0.7419,-0.013136,-0.052431,-0.010742,-359.42494445570634,366.2809440480537,633.5307055613041,739.5452552461743,0.031530,0.018939,6547.9,6072.7,-0.027792,-0.007618,-0.533774,4.0139,1.0000,,,,,
5.1480,1778836337.715797,429,14.496388,-0.093718,-0.007036,3.9347,0.0015,0.049732,14.520277,-0.034849,-0.003721,3.9969,14.520517,-0.093305,-0.006721,3.9983,0.0180,0.054794,-0.052555,0.0714,14.520517,0.000005,0.000262,4.0668,1.000000,0.975133,105.3047,0,1,clay,1.0000,0.500000,0,0,0.000000,0.000000,0.000000,0,nan,0.00,0.146591,0.2015,0.0394,0.077400,-0.0041,0.44,5.13,6.01,4.98,-0.034849,-0.2254,-0.0699,0.008000,0.007033,0.1263,-0.028613,-0.055169,-0.015735,543.1795228767288,1029.0740700357928,762.480443274946,748.8923663769451,0.043787,0.019371,6546.8,6073.8,-0.025787,0.018794,1.000000,3.9986,1.0000,,,,,
5.1600,1778836337.726481,430,14.528141,-0.028794,-0.000022,4.0285,0.0135,0.070145,14.568213,-0.033512,-0.002924,3.9921,14.552264,-0.028153,0.000322,4.0040,0.0212,0.060465,-0.062256,0.0834,14.552264,0.000014,0.000291,4.0665,0.019866,0.986094,104.9037,0,1,clay,1.0000,0.500000,0,0,0.000000,0.000000,0.000000,0,nan,0.00,0.147043,0.2007,0.0375,0.077639,0.0077,0.45,5.14,6.03,5.17,-0.033512,-0.1798,-0.0744,0.008000,0.040453,0.1354,-0.021355,-0.053555,-0.011677,1006.1367697612786,-292.57151883162066,923.1777752715508,806.8140367034737,0.053941,0.020737,6549.2,6071.3,-0.030082,-0.000935,1.000000,4.0044,1.0000,,,,,
5.1720,1778836337.738355,431,14.549462,-0.001261,-0.002175,3.9709,0.0466,0.064351,14.616120,-0.032099,-0.002142,3.9908,14.573530,-0.000615,-0.001821,3.9976,0.0273,0.061649,-0.043048,0.0778,14.573530,0.000020,0.000279,4.0663,-0.920783,0.974982,105.9512,0,1,clay,1.0000,0.500000,0,0,0.000000,0.000000,0.000000,0,nan,0.00,0.126116,0.2000,0.0357,0.066589,0.0194,0.44,5.13,6.02,5.11,-0.032099,-0.1349,-0.0756,0.008000,0.034965,0.3430,-0.034860,-0.045174,-0.010873,-81.5400539955765,891.540539747463,993.5355454688964,759.3924663148605,0.051473,0.019819,6544.4,6076.2,-0.021629,0.020062,0.019866,3.9979,1.0000,,,,,
5.1840,1778836337.750355,432,14.720642,-0.017457,0.000151,4.0594,0.0115,0.049368,14.663992,-0.030941,-0.001559,3.9881,14.744773,-0.016790,0.000490,4.0095,0.0241,0.057910,-0.042065,0.0610,14.744773,0.000004,-0.000739,4.0668,0.662534,0.970137,105.0864,0,1,clay,1.0000,0.500000,0,0,0.000000,0.000000,0.000000,0,nan,0.00,0.141174,0.1994,0.0340,0.074540,0.0311,0.44,5.14,6.03,5.21,-0.030941,-0.0437,-0.0787,0.008000,0.107093,-0.0421,-0.021181,-0.036934,-0.000777,-442.5857500388265,1048.8088640110568,805.277539879385,747.7144311636977,0.041200,0.019453,6544.1,6076.5,-0.021164,-0.003755,-0.920783,4.0098,1.0000,,,,,
5.1960,1778836337.762390,433,14.698097,-0.003558,-0.001680,3.9939,-0.0292,0.038209,14.711825,-0.030083,-0.001144,3.9852,14.722294,-0.002994,-0.001350,4.0064,0.0187,0.057806,-0.052425,0.0785,14.722294,0.000018,-0.000512,4.0664,0.315211,0.977611,106.2438,0,1,clay,1.0000,0.500000,0,0,0.000000,0.000000,0.000000,0,nan,0.00,0.148338,0.1987,0.0324,0.078322,0.0428,0.45,5.13,6.03,5.07,-0.030083,-0.0199,-0.0812,0.008000,0.020794,-0.0999,-0.009630,-0.036993,0.005230,-636.6300461107694,109.64437879085631,887.5047236990795,782.0073748611106,0.052516,0.020261,6546.7,6073.8,-0.025734,0.014061,0.662534,4.0067,1.0000,,,,,
5.2080,1778836337.774422,434,14.806069,-0.081807,-0.003774,4.0364,-0.0280,0.028273,14.759643,-0.029354,-0.000801,3.9842,14.830251,-0.081368,-0.003467,4.0122,0.0131,0.054603,-0.041319,0.0802,14.830251,-0.000081,-0.001008,4.0695,1.000000,0.973043,105.7613,0,1,clay,1.0000,0.500000,0,0,0.000000,0.000000,0.000000,0,nan,0.00,0.171065,0.1981,0.0308,0.090322,0.0545,0.45,5.13,6.02,5.10,-0.029354,-0.0003,-0.0852,0.008000,0.128404,0.0926,0.002961,-0.050822,-0.004506,28.704926601581008,544.7305980792967,1018.1540803993403,765.9286779189591,0.059762,0.019996,6543.9,6076.6,-0.020845,0.004112,0.315211,4.0125,1.0000,,,,,
5.2200,1778836337.786323,435,14.805468,-0.060569,-0.009340,3.8876,0.0877,0.032046,14.807441,-0.028511,-0.000408,3.9829,14.829459,-0.060171,-0.009042,3.9880,0.0311,0.054985,-0.039912,0.0963,14.829459,-0.000081,-0.001013,4.0695,1.000000,0.975501,110.8463,0,1,clay,1.0000,0.500000,0,0,0.000000,0.000000,0.000000,0,nan,0.00,0.193792,0.1976,0.0293,0.102322,0.0662,0.44,5.15,6.04,5.31,-0.028511,0.0222,-0.0866,0.008000,0.091322,-0.3395,-0.019299,-0.048399,-0.020985,509.3793395717774,1012.5044241302704,1035.8846339961478,557.4701851805881,0.068534,0.014628,6543.6,6077.0,-0.020206,0.038421,1.000000,3.9883,1.0000,,,,,
5.2320,1778836337.798409,436,14.873198,0.010729,-0.000769,3.9583,0.0045,0.027588,14.855225,-0.027679,-0.000061,3.9820,14.897225,0.011312,-0.000481,3.9823,0.0312,0.054723,-0.030334,0.1084,14.897225,-0.000126,-0.000157,4.0709,-0.757944,0.969089,113.1245,0,1,clay,1.0000,0.500000,0,0,0.000000,0.000000,0.000000,0,nan,0.00,0.176566,0.1971,0.0279,0.093227,0.0778,0.44,5.15,6.03,5.15,-0.027679,0.0421,-0.0888,0.008000,0.042047,-0.1248,-0.021300,-0.035411,-0.009389,293.7370495922996,1399.3692566116765,1157.543806928262,522.1985719307609,0.082368,0.013884,6541.1,6079.4,-0.015992,0.021033,1.000000,3.9825,1.0000,,,,,
5.2440,1778836337.810423,437,14.925075,-0.017052,0.002967,3.9593,0.0776,0.024219,14.903005,-0.026921,0.000203,3.9819,14.949066,-0.016357,0.003231,3.9779,0.0398,0.049218,-0.015494,0.0887,14.949066,-0.000102,0.001144,4.0701,-0.229609,0.954648,113.7599,0,1,clay,1.0000,0.500000,0,0,0.000000,0.000000,0.000000,0,nan,0.00,0.171348,0.1966,0.0266,0.090472,0.0893,0.44,5.17,6.04,5.24,-0.026921,-0.1585,-0.0882,0.008000,0.040078,0.4038,-0.029843,-0.021632,-0.011518,222.9204212669264,778.5611122097404,1152.088496654842,334.96886830972755,0.071464,0.009447,6537.4,6083.2,-0.009422,0.019856,-0.757944,3.9780,1.0000,,,,,
5.2560,1778836337.822440,438,15.009604,-0.031345,0.007616,4.0218,-0.0105,0.014160,14.950770,-0.026280,0.000382,3.9804,15.033702,-0.030619,0.007854,3.9863,0.0331,0.045245,-0.025647,0.0891,15.033702,0.000125,0.004459,4.0633,0.839636,0.956411,113.7606,0,1,clay,1.0000,0.500000,0,0,0.000000,0.000000,0.000000,0,nan,0.00,0.190430,0.1987,0.0253,0.100547,0.1008,0.44,5.15,6.03,5.08,-0.026280,-0.1483,-0.0829,0.008000,0.104327,0.5075,-0.006518,-0.043323,-0.031644,327.2511581115565,-158.13893410309527,1195.1022666960894,330.5877329258894,0.072374,0.009289,6539.9,6080.6,-0.013873,0.004688,-0.229609,3.9865,1.0000,,,,,
5.2680,1778836337.834458,439,15.015703,-0.011695,-0.006424,3.9594,0.1044,0.025456,14.998518,-0.025562,0.000596,3.9756,15.039757,-0.011208,-0.006187,3.9809,0.0505,0.046704,-0.046669,0.1056,15.039757,0.000152,0.004748,4.0625,0.891421,0.978573,116.6767,0,1,clay,1.0000,0.500000,0,0,0.000000,0.000000,0.000000,0,nan,0.00,0.210690,0.2010,0.0241,0.111244,0.1125,0.44,5.16,6.05,5.19,-0.025562,-0.1360,-0.0869,0.008000,0.063217,-0.7329,-0.016520,-0.033570,-0.040151,820.858645475796,250.4012776500573,1140.8958529752213,133.72202383311205,0.078888,0.004540,6545.2,6075.3,-0.023157,0.022036,0.839636,3.9812,1.0000,,,,,
5.2800,1778836337.846403,440,15.010182,-0.002938,0.000092,4.0094,0.0696,0.020552,15.046276,-0.024653,0.000890,3.9776,15.034243,-0.002259,0.000324,3.9864,0.0583,0.047085,-0.052867,0.1166,15.034243,0.000127,0.004485,4.0632,-0.430382,0.994764,115.7451,0,1,clay,1.0000,0.500000,0,0,0.000000,0.000000,0.000000,0,nan,0.00,0.200908,0.2035,0.0229,0.106080,0.1244,0.44,5.16,6.03,5.13,-0.024653,-0.1191,-0.0856,0.008000,0.039432,-0.2436,-0.006634,-0.022981,-0.036263,968.0730670088954,712.5155141595471,1223.1089896499054,20.077543815787394,0.088836,0.001985,6546.8,6073.7,-0.025950,0.006533,0.891421,3.9867,1.0000,,,,,
5.2920,1778836337.858459,441,15.147223,-0.053486,-0.001146,4.0158,0.0643,0.020191,15.094030,-0.023770,0.001139,3.9790,15.171309,-0.052840,-0.000929,3.9920,0.0606,0.043785,-0.047819,0.1035,15.171309,0.001264,0.012676,4.0526,1.000000,0.998731,116.1949,0,1,clay,1.0000,0.500000,0,0,0.000000,0.000000,0.000000,0,nan,0.00,0.223636,0.2062,0.0218,0.118080,0.1364,0.44,5.15,6.03,5.12,-0.023770,-0.1049,-0.0736,0.008000,0.048557,-0.4255,-0.013001,-0.012581,-0.032264,823.2238139281197,190.0300018315735,1268.5784643312227,-64.42501125767001,0.083358,0.000154,6545.6,6075.0,-0.023764,0.005067,-0.430382,3.9923,1.0000,,,,,
5.3040,1778836337.870417,442,15.129386,0.020466,0.002581,3.9769,0.1210,0.020209,15.141782,-0.022824,0.001389,3.9795,15.153419,0.021293,0.002799,3.9891,0.0766,0.045845,-0.033001,0.1241,15.153419,0.001049,0.011414,4.0523,-1.000000,0.984491,116.3810,0,1,clay,1.0000,0.500000,0,0,0.000000,0.000000,0.000000,0,nan,0.00,0.200908,0.2090,0.0208,0.106080,0.1482,0.44,5.14,6.02,5.10,-0.025324,-1.0042,-0.0727,0.008000,0.014417,-0.1060,-0.011806,-0.003302,-0.040661,745.140654634447,876.6360511857956,1239.6930959400656,-258.92665902967724,0.092311,-0.004071,6541.8,6078.7,-0.017228,0.013509,1.000000,3.9894,1.0000,,,,,
5.3160,1778836337.882391,443,15.141947,0.003558,0.006986,3.9717,-0.0090,0.021531,15.189527,-0.021797,0.001651,3.9785,15.165901,0.004378,0.007189,3.9858,0.0610,0.041425,-0.019181,0.1001,15.165901,0.001197,0.012288,4.0524,-1.000000,0.965757,116.0812,0,1,clay,1.0000,0.500000,0,0,0.000000,0.000000,0.000000,0,nan,0.00,0.178181,0.2121,0.0198,0.094080,0.1598,0.43,5.14,6.01,5.15,-0.024297,-0.9892,-0.0739,0.008000,0.117702,0.2861,-0.022146,-0.018465,-0.045393,895.3672433452531,28.599628384147195,1262.942483298629,-123.14848236777391,0.084051,-0.001063,6538.3,6082.2,-0.011082,0.016192,-1.000000,3.9859,1.0000,,,,,
5.3280,1778836337.894472,444,15.288872,-0.015413,-0.000679,3.9597,0.0217,0.023102,15.237279,-0.020667,0.001932,3.9796,15.312810,-0.014827,-0.000486,3.9808,0.0544,0.038694,-0.009109,0.0881,15.312810,0.003857,0.024244,4.0972,1.000000,0.948346,119.5800,0,1,clay,1.0000,0.500000,0,0,0.000000,0.000000,0.000000,0,nan,0.00,0.200908,0.2152,0.0188,0.106080,0.1712,0.43,5.14,6.01,5.13,-0.023167,-0.9731,-0.1176,0.008000,0.070603,0.1641,-0.003187,-0.036229,-0.055114,758.5936137482124,804.4361690858951,1167.0851597384153,-75.03933143747865,0.073447,0.000006,6535.7,6084.8,-0.006586,0.017161,-1.000000,3.9809,1.0000,,,,,
5.3400,1778836337.906381,445,15.304030,0.051623,0.003696,3.9488,-0.0213,0.025762,15.285025,-0.019458,0.002230,3.9790,15.327931,0.052268,0.003899,3.9746,0.0463,0.042359,0.003294,0.1121,15.327931,0.004233,0.025497,4.1067,-0.343169,0.927052,121.3398,0,1,clay,1.0000,0.500000,0,0,0.000000,0.000000,0.000000,0,nan,0.00,0.193109,0.2185,0.0179,0.101962,0.1823,0.44,5.14,6.01,5.14,-0.021958,-0.9560,-0.1277,0.008000,0.029927,-0.0743,-0.004604,-0.054501,-0.061922,938.9786853906228,120.12473636837854,1193.3814676074276,65.1885596909019,0.088454,0.003187,6532.6,6088.0,-0.001064,0.020425,1.000000,3.9746,1.0000,,,,,
5.3520,1778836337.918409,446,15.437953,-0.067013,0.004508,4.0426,0.0317,0.046948,15.332781,-0.017903,0.002729,3.9779,15.461884,-0.066321,0.004730,3.9875,0.0450,0.044249,-0.046863,0.0999,15.461884,0.008369,0.036090,4.2138,1.000000,0.964564,123.9007,0,1,clay,1.0000,0.500000,0,0,0.000000,0.000000,0.000000,0,nan,0.00,0.215836,0.2220,0.0171,0.113962,0.1939,0.43,5.15,6.01,5.17,-0.020403,-0.9274,-0.2360,0.008000,0.111212,-0.2088,0.011459,-0.051304,-0.051109,993.225334145848,244.28430165377551,1284.2664332561003,158.9712147853169,0.082628,0.004918,6545.2,6075.3,-0.023148,-0.001574,-0.343169,3.9878,1.0000,,,,,
5.3640,1778836337.930425,447,15.384565,-0.019436,0.008448,3.9645,0.0345,0.042111,15.380526,-0.016296,0.003208,3.9790,15.408471,-0.018602,0.008693,3.9831,0.0486,0.049478,-0.030716,0.1200,15.408471,0.006550,0.031975,4.1677,1.000000,0.968572,122.2870,0,1,clay,1.0000,0.500000,0,0,0.000000,0.000000,0.000000,0,nan,0.00,0.238564,0.2256,0.0162,0.125962,0.2055,0.43,5.14,6.00,5.14,-0.026096,-2.0472,-0.1886,0.008000,0.047739,-0.2252,-0.000455,-0.045756,-0.045842,-20.222837302027983,1347.1743832102957,1260.5965928537519,189.2232971677422,0.093419,0.005793,6541.2,6079.4,-0.016119,0.018502,1.000000,3.9833,1.0000,,,,,
5.3760,1778836337.942443,448,15.423897,-0.075829,-0.000624,3.9708,0.0599,0.026676,15.428258,-0.015058,0.003464,3.9768,15.447792,-0.075170,-0.000378,3.9807,0.0557,0.051022,-0.017843,0.1320,15.447792,0.007868,0.035019,4.2014,1.000000,0.960269,123.4618,0,1,clay,1.0000,0.500000,0,0,0.000000,0.000000,0.000000,0,nan,0.00,0.261291,0.2294,0.0155,0.137962,0.2171,0.43,5.15,6.01,5.17,-0.024858,-2.0326,-0.2246,0.008000,0.075989,0.0511,0.004596,-0.056130,-0.059178,-1039.4941266044889,122.65512689318143,1333.0879550759896,102.31758829158667,0.104410,0.003981,6538.0,6082.6,-0.010445,0.015087,1.000000,3.9809,1.0000,,,,,
5.3880,1778836337.954466,449,15.474531,-0.019268,0.001210,4.0207,0.0860,0.005691,15.475979,-0.014123,0.003554,3.9775,15.498547,-0.018532,0.001438,3.9885,0.0667,0.049450,-0.011662,0.1440,15.498547,0.009743,0.038832,4.2462,0.703345,0.944764,122.2102,0,1,clay,1.0000,0.500000,0,0,0.000000,0.000000,0.000000,0,nan,0.00,0.277276,0.2332,0.0147,0.146402,0.2284,0.44,5.14,6.02,5.11,-0.023923,-2.0274,-0.2686,0.008000,0.051627,-0.2190,0.007521,-0.055713,-0.071071,-939.2889442428924,1037.9726180142275,1414.0584809456145,-101.24097368123222,0.116002,-0.000498,6536.4,6084.2,-0.007702,-0.001366,1.000000,3.9886,1.0000,,,,,
5.4000,1778836337.966408,450,15.641022,-0.042427,0.000640,3.9395,0.0097,0.004532,15.523686,-0.013316,0.003599,3.9753,15.664998,-0.041770,0.000851,3.9791,0.0616,0.047464,-0.002902,0.1506,15.664998,0.017220,0.050852,4.3765,1.000000,0.930655,127.6269,0,1,clay,1.0000,0.500000,0,0,0.000000,0.000000,0.000000,0,nan,0.00,0.300003,0.2372,0.0140,0.158402,0.2396,0.44,5.14,6.02,5.10,-0.023116,-2.0248,-0.4012,0.008000,0.070452,-0.1610,-0.008153,-0.065765,-0.077318,-360.6736170823782,-48.587080816273556,1539.509095188792,-100.80454877429763,0.127826,-0.000497,6534.1,6086.4,-0.003795,0.018109,0.703345,3.9791,1.0000,,,,,
5.4120,1778836337.978371,451,15.595694,0.038975,-0.005058,4.0537,0.0617,0.007280,15.571380,-0.012470,0.003683,3.9737,15.619765,0.039516,-0.004855,3.9935,0.0679,0.047712,-0.000452,0.1644,15.619765,0.014990,0.047637,4.3454,-0.348211,0.912333,123.7512,0,1,clay,1.0000,0.500000,0,0,0.000000,0.000000,0.000000,0,nan,0.00,0.292089,0.2414,0.0133,0.154223,0.2505,0.44,5.14,6.03,5.14,-0.022270,-2.0200,-0.3717,0.008000,0.043427,-0.7128,0.007701,-0.071392,-0.086618,40.94353353890136,-202.00672411824297,1583.0011908260549,-202.8318261322225,0.139923,-0.002788,6533.5,6087.1,-0.002676,-0.006615,1.000000,3.9935,1.0000,,,,,
5.4240,1778836337.990364,452,15.690354,0.037685,0.009102,4.0073,0.0163,0.011780,15.619052,-0.011525,0.003825,3.9722,15.714384,0.038511,0.009292,3.9962,0.0616,0.044844,0.004948,0.1521,15.714384,0.019819,0.054317,4.4047,-0.924579,0.897128,124.4333,0,1,clay,1.0000,0.500000,0,0,0.000000,0.000000,0.000000,0,nan,0.00,0.271076,0.2456,0.0127,0.143128,0.2613,0.44,5.13,6.01,5.10,-0.021325,-2.0119,-0.4325,0.008000,0.127214,-0.1278,0.012322,-0.061032,-0.075235,-299.6500549515497,410.49989694114794,1673.7941804271993,-168.99876647486934,0.137634,-0.002059,6532.1,6088.5,-0.000238,0.002456,-0.348211,3.9962,1.0000,,,,,
5.4360,1778836338.002416,453,15.726160,0.005445,0.002331,3.8959,0.0768,0.010591,15.666701,-0.010613,0.003956,3.9706,15.750039,0.006119,0.002506,3.9768,0.0661,0.041154,0.011660,0.1376,15.750039,0.021802,0.056790,4.4207,0.923744,0.889494,129.2712,0,1,clay,1.0000,0.500000,0,0,0.000000,0.000000,0.000000,0,nan,0.00,0.292071,0.2499,0.0121,0.154213,0.2719,0.44,5.13,6.00,5.12,-0.032413,-3.0270,-0.4501,0.008000,0.017495,-0.0603,-0.003088,-0.045940,-0.070876,-310.3516186825573,-153.09181654064753,1563.7299105325656,-275.9414367526471,0.125126,-0.004526,6530.4,6090.2,0.002769,0.030754,-0.924579,3.9768,1.0000,,,,,
5.4480,1778836338.014372,454,15.741784,-0.040042,-0.001726,3.9944,0.1103,-0.015469,15.714332,-0.009902,0.003942,3.9690,15.765670,-0.039425,-0.001575,3.9803,0.0806,0.039374,0.027442,0.1598,15.765670,0.022699,0.057870,4.4264,1.000000,0.869910,128.2634,0,1,clay,1.0000,0.500000,0,0,0.000000,0.000000,0.000000,0,nan,0.00,0.314798,0.2544,0.0115,0.166213,0.2824,0.44,5.15,6.02,5.25,-0.031702,-3.0278,-0.4574,0.008000,0.106516,-0.5650,0.005213,-0.032783,-0.079732,-656.9072049234437,96.59039702067952,1568.9262667698376,-517.5845164767227,0.135541,-0.010298,6526.4,6094.2,0.009760,0.004102,0.923744,3.9802,1.0000,,,,,
5.4600,1778836338.026437,455,15.697601,-0.032315,0.001426,3.9101,0.0790,-0.014370,15.761967,-0.009471,0.003779,3.9681,15.721507,-0.031618,0.001559,3.9669,0.0865,0.037967,0.045304,0.1722,15.721507,0.020208,0.054813,4.4082,0.735504,0.846601,129.1331,0,1,clay,1.0000,0.500000,0,0,0.000000,0.000000,0.000000,0,nan,0.00,0.331514,0.2589,0.0110,0.175039,0.2925,0.44,5.14,6.02,5.08,-0.031271,-3.0371,-0.4402,0.008000,0.164307,-0.4428,-0.016194,-0.033725,-0.088836,-123.31051771155899,-190.73573106684432,1651.943800297609,-632.1469435416004,0.148366,-0.013385,6521.8,6098.7,0.017688,0.023211,1.000000,3.9666,1.0000,,,,,
5.4720,1778836338.038459,456,15.840791,-0.012703,-0.000067,3.8902,-0.0028,0.005472,15.809585,-0.008781,0.003797,3.9677,15.864688,-0.012099,0.000072,3.9521,0.0765,0.039606,0.045762,0.1795,15.864688,0.028778,0.064760,4.4506,1.000000,0.837230,135.7774,0,1,clay,1.0000,0.500000,0,0,0.000000,0.000000,0.000000,0,nan,0.00,0.354241,0.2635,0.0104,0.187039,0.3026,0.46,5.12,6.03,5.05,-0.030581,-3.0361,-0.4829,0.008000,0.035652,-0.7854,-0.028188,-0.047228,-0.089150,909.3974455534654,356.4831088359059,1780.5237768590982,-503.1409264334934,0.160304,-0.010238,6521.7,6098.9,0.017945,0.030111,0.735504,3.9518,1.0000,,,,,
5.4840,1778836338.050446,457,15.877273,0.077983,0.001473,3.9357,0.0423,0.015232,15.857182,-0.007777,0.003984,3.9658,15.901070,0.078648,0.001630,3.9490,0.0774,0.043595,0.052711,0.1931,15.901070,0.031184,0.067312,4.4578,-1.000000,0.822673,137.5038,0,1,clay,1.0000,0.500000,0,0,0.000000,0.000000,0.000000,0,nan,0.00,0.331514,0.2682,0.0099,0.175039,0.3125,0.45,5.12,6.02,5.09,-0.029577,-3.0254,-0.4920,0.008000,0.143044,-0.1863,-0.030263,-0.057489,-0.095419,1294.6784141624269,53.81278943435342,1806.8255004107168,-447.16314992507233,0.171885,-0.009060,6519.9,6100.7,0.021046,0.018521,1.000000,3.9487,1.0000,,,,,
5.4960,1778836338.062388,458,15.913553,-0.002722,-0.000727,4.0200,-0.0011,0.025522,15.904743,-0.006504,0.004319,3.9634,15.937430,-0.002159,-0.000562,3.9627,0.0654,0.042921,0.038597,0.1690,15.937430,0.033681,0.069875,4.4662,0.632396,0.826712,134.7268,0,1,clay,1.0000,0.500000,0,0,0.000000,0.000000,0.000000,0,nan,0.00,0.345886,0.2729,0.0095,0.182628,0.3224,0.45,5.12,6.03,5.15,-0.044704,-4.0103,-0.5027,0.008000,0.016148,-0.4074,-0.024833,-0.077707,-0.099639,1141.20576582727,-23.52185146624663,1797.4592260896961,-285.17608522554144,0.160930,-0.005095,6523.4,6097.1,0.014853,0.002577,-1.000000,3.9625,1.0000,,,,,
5.5080,1778836338.074449,459,15.957500,-0.023774,0.003415,4.0055,0.0235,0.025679,15.952296,-0.005133,0.004660,3.9621,15.981461,-0.023085,0.003604,3.9711,0.0650,0.047845,0.041745,0.1864,15.981461,0.036832,0.072993,4.4799,0.732917,0.822846,133.2754,0,1,clay,1.0000,0.500000,0,0,0.000000,0.000000,0.000000,0,nan,0.00,0.362544,0.2777,0.0090,0.191423,0.3323,0.46,5.12,6.03,5.11,-0.043333,-3.9907,-0.5177,0.008000,0.105557,-0.1250,-0.007953,-0.079921,-0.097887,52.77501145462469,388.45918334617653,1860.4643170673749,-199.64996740590803,0.168136,-0.003105,6522.7,6097.9,0.016229,0.002305,0.632396,3.9708,1.0000,,,,,
5.5200,1778836338.086397,460,15.999679,0.034524,0.011017,3.9274,-0.0122,0.026798,15.999845,-0.003794,0.004970,3.9631,16.023557,0.035376,0.011225,3.9627,0.0581,0.051665,0.049631,0.1958,16.023557,0.039974,0.075983,4.4986,-0.646830,0.813299,135.2991,0,1,clay,1.0000,0.500000,0,0,0.000000,0.000000,0.000000,0,nan,0.00,0.347843,0.2826,0.0086,0.183661,0.3420,0.45,5.15,6.06,5.30,-0.041994,-3.9729,-0.5355,0.008000,0.026313,0.6360,-0.031058,-0.098106,-0.102819,319.43809861882283,35.46826477654372,1905.6579121694651,-51.39607209701783,0.178224,0.000325,6520.7,6099.9,0.019724,0.020237,0.732917,3.9624,1.0000,,,,,
5.5320,1778836338.098333,461,16.011234,0.117909,0.009548,3.9724,0.0598,0.024281,16.047388,-0.002457,0.005272,3.9617,16.035217,0.118764,0.009758,3.9647,0.0619,0.050727,0.056162,0.1797,16.035217,0.040866,0.076806,4.5048,-1.000000,0.797990,136.0159,0,1,clay,1.0000,0.500000,0,0,0.000000,0.000000,0.000000,0,nan,0.00,0.325116,0.2875,0.0082,0.171661,0.3516,0.45,5.13,6.04,5.05,-0.040657,-3.9557,-0.5431,0.008000,0.119970,-0.2423,-0.032360,-0.079429,-0.089728,195.57713522850742,-330.966360038777,1858.616240964854,-90.32164520267912,0.168216,-0.000630,6519.0,6101.6,0.022625,0.013363,-0.646830,3.9643,1.0000,,,,,
5.5440,1778836338.111798,462,16.092952,0.093247,0.011155,4.0110,0.1325,0.027431,16.094923,-0.001035,0.005613,3.9620,16.116874,0.094245,0.011367,3.9737,0.0770,0.049643,0.060848,0.1656,16.116874,0.047385,0.082498,4.5575,-1.000000,0.782024,134.3843,0,1,clay,1.0000,0.500000,0,0,0.000000,0.000000,0.000000,0,nan,0.00,0.302388,0.2925,0.0078,0.159661,0.3610,0.44,5.14,6.03,5.16,-0.039235,-3.9361,-0.5955,0.008000,0.091346,0.2598,-0.004633,-0.063572,-0.089845,176.2196541316391,-14.91873246540763,1745.4955664483266,-257.0535190814545,0.150654,-0.004676,6517.8,6102.8,0.024745,0.008421,-1.000000,3.9734,1.0000,,,,,
5.5560,1778836338.122468,463,16.103007,-0.016221,0.001119,3.8835,0.0217,0.014177,16.142462,0.000190,0.005826,3.9641,16.126867,-0.015524,0.001318,3.9566,0.0695,0.046393,0.102570,0.1536,16.126867,0.048215,0.083185,4.5646,1.000000,0.741375,136.8047,0,1,clay,1.0000,0.500000,0,0,0.000000,0.000000,0.000000,0,nan,0.00,0.325116,0.2975,0.0074,0.171661,0.3699,0.45,5.16,6.05,5.26,-0.058810,-4.9089,-0.6005,0.008000,0.061590,-0.0712,-0.027099,-0.080396,-0.097902,120.57543424689845,-1277.9052406757087,1669.0826545343416,-197.1551254128042,0.140479,-0.003664,6507.2,6113.4,0.043206,0.032576,-1.000000,3.9560,1.0000,,,,,
5.5680,1778836338.134409,464,16.147459,0.056194,0.005440,3.9426,0.0665,0.032903,16.189996,0.001577,0.006147,3.9603,16.171336,0.057067,0.005665,3.9540,0.0763,0.052330,0.098956,0.1777,16.171336,0.051990,0.086222,4.5968,0.222274,0.721274,138.1432,0,1,clay,1.0000,0.500000,0,0,0.000000,0.000000,0.000000,0,nan,0.00,0.330167,0.3025,0.0070,0.174328,0.3785,0.44,5.14,6.03,5.07,-0.057423,-4.8905,-0.6365,0.008000,0.078183,0.0048,-0.018009,-0.085038,-0.103085,839.6583029019237,-1258.6375204149485,1677.8494009681208,-184.9028883642818,0.150359,-0.003461,6508.0,6112.5,0.041715,0.018306,1.000000,3.9534,1.0000,,,,,
5.5800,1778836338.146338,465,16.278846,0.009139,0.012162,3.9452,0.0023,0.043827,16.237521,0.003298,0.006665,3.9615,16.302624,0.010155,0.012410,3.9524,0.0678,0.055853,0.099846,0.1757,16.302624,0.063921,0.094976,4.6807,1.000000,0.710761,140.6531,0,1,clay,1.0000,0.500000,0,0,0.000000,0.000000,0.000000,0,nan,0.00,0.352895,0.3076,0.0067,0.186328,0.3871,0.44,5.13,6.00,5.04,-0.055702,-4.8608,-0.7192,0.008000,0.020192,0.4658,-0.004861,-0.090144,-0.097738,1213.426103807098,-5.244191174326033,1890.3681647840067,-13.459742097819131,0.153610,0.000763,6507.8,6112.8,0.042169,0.017986,0.222274,3.9518,1.0000,,,,,
5.5920,1778836338.158365,466,16.306235,-0.047432,0.011862,4.0305,-0.0048,0.049340,16.285039,0.005169,0.007240,3.9603,16.330060,-0.046415,0.012143,3.9677,0.0621,0.062423,0.104461,0.1923,16.330060,0.066560,0.096774,4.6944,1.000000,0.697138,138.0671,0,1,clay,1.0000,0.500000,0,0,0.000000,0.000000,0.000000,0,nan,0.00,0.375622,0.3127,0.0064,0.198328,0.3954,0.44,5.13,6.01,5.15,-0.053831,-4.8278,-0.7341,0.008000,0.141777,0.3365,0.012761,-0.098381,-0.092007,940.6873377048579,152.24996769892755,1798.6257398283728,151.044713526152,0.166085,0.004962,6506.6,6114.0,0.044238,0.001164,1.000000,3.9670,1.0000,,,,,
5.6040,1778836338.170417,467,16.383143,0.016637,0.014306,3.9571,0.1357,0.048617,16.332560,0.007115,0.007817,3.9616,16.406965,0.017877,0.014614,3.9658,0.0825,0.067808,0.115067,0.2043,16.406965,0.074219,0.101764,4.7285,0.362119,0.675527,137.7995,0,1,clay,1.0000,0.500000,0,0,0.000000,0.000000,0.000000,0,nan,0.00,0.383852,0.3179,0.0061,0.202674,0.4035,0.44,5.14,6.02,5.18,-0.051885,-4.7948,-0.7669,0.008000,0.049620,0.6059,-0.001471,-0.072293,-0.086448,901.5970253889466,-871.9872531744807,1837.6251771390544,17.84228313921834,0.171595,0.001435,6503.9,6116.7,0.048956,0.014883,1.000000,3.9651,1.0000,,,,,
5.6160,1778836338.182439,468,16.376535,0.002967,0.009096,3.9746,0.0763,0.047212,16.380092,0.009113,0.008400,3.9622,16.400444,0.004142,0.009421,3.9677,0.0872,0.070537,0.122086,0.2049,16.400444,0.073555,0.101344,4.7258,1.000000,0.656706,137.2470,0,1,clay,1.0000,0.500000,0,0,0.000000,0.000000,0.000000,0,nan,0.00,0.406579,0.3230,0.0058,0.214674,0.4114,0.44,5.14,6.03,5.17,-0.074887,-5.6896,-0.7635,0.008000,0.010685,0.0405,-0.008277,-0.070236,-0.087406,872.069902118852,-192.68578900467708,2000.7805520718118,16.750120939554208,0.173733,0.001368,6502.1,6118.5,0.052107,0.012476,0.362119,3.9669,1.0000,,,,,
5.6280,1778836338.194359,469,16.446065,-0.004027,0.007672,4.0366,0.0373,0.051013,16.427630,0.011215,0.009014,3.9631,16.470079,-0.002861,0.008022,3.9812,0.0862,0.075685,0.128681,0.2207,16.470079,0.080794,0.105804,4.7547,1.000000,0.634078,134.7735,0,1,clay,1.0000,0.500000,0,0,0.000000,0.000000,0.000000,0,nan,0.00,0.429306,0.3282,0.0055,0.226674,0.4190,0.45,5.14,6.03,5.13,-0.072785,-5.6544,-0.7916,0.008000,0.063657,-0.4995,0.012760,-0.073616,-0.088128,828.2844220629523,153.846171153868,1937.4052820962834,100.27050381541372,0.185652,0.003527,6500.4,6120.2,0.055067,-0.002464,1.000000,3.9804,1.0000,,,,,
5.6400,1778836338.206359,470,16.441530,0.110686,0.002357,3.9752,0.0009,0.057238,16.475170,0.013464,0.009694,3.9634,16.465531,0.111714,0.002733,3.9802,0.0791,0.080885,0.134405,0.2327,16.465531,0.080311,0.105514,4.7528,-0.863935,0.611407,134.7492,0,1,clay,1.0000,0.500000,0,0,0.000000,0.000000,0.000000,0,nan,0.00,0.409672,0.3334,0.0052,0.216307,0.4264,0.44,5.16,6.05,5.29,-0.070536,-5.6154,-0.7894,0.008000,0.028016,-0.7147,0.009132,-0.071454,-0.068437,810.5596630335522,-110.85064433731714,2021.3850662591253,249.2134017943394,0.198786,0.007560,6498.9,6121.7,0.057656,0.013094,1.000000,3.9794,1.0000,,,,,
5.6520,1778836338.218501,471,16.479945,0.000942,0.012970,3.9607,0.0811,0.060567,16.522713,0.015814,0.010413,3.9634,16.504052,0.002285,0.013359,3.9766,0.0831,0.080769,0.137584,0.2111,16.504052,0.084439,0.107958,4.7692,0.755370,0.602383,135.6599,0,1,clay,1.0000,0.500000,0,0,0.000000,0.000000,0.000000,0,nan,0.00,0.426839,0.3385,0.0050,0.225371,0.4336,0.45,5.15,6.05,5.07,-0.068186,-5.5742,-0.8057,0.008000,0.118457,-0.1926,-0.004021,-0.075781,-0.072564,728.4458450868358,358.05820747284145,1983.2508239398778,236.18574290288583,0.185154,0.007192,6498.1,6122.5,0.059111,0.018494,-0.863935,3.9758,1.0000,,,,,
5.6640,1778836338.230458,472,16.561592,0.052115,0.017066,3.9784,0.0552,0.061570,16.570257,0.018261,0.011142,3.9643,16.585611,0.053602,0.017478,3.9771,0.0863,0.085921,0.139351,0.2299,16.585611,0.093490,0.113072,4.8072,-0.715371,0.592146,135.8575,0,1,clay,1.0000,0.500000,0,0,0.000000,0.000000,0.000000,0,nan,0.00,0.410581,0.3437,0.0048,0.216787,0.4407,0.45,5.15,6.05,5.17,-0.065739,-5.5325,-0.8429,0.008000,0.065516,0.6365,0.009448,-0.079128,-0.078426,594.8143421373702,831.5455093975656,2042.57439997039,273.2034767977393,0.192792,0.008232,6497.6,6123.0,0.059921,0.014007,0.755370,3.9763,1.0000,,,,,
5.6760,1778836338.242393,473,16.663180,0.007035,0.015154,3.9451,0.0864,0.056224,16.617815,0.020702,0.011841,3.9657,16.687149,0.008508,0.015566,3.9711,0.0901,0.084446,0.144041,0.2125,16.687149,0.105343,0.119326,4.8583,1.000000,0.584303,138.9341,0,1,clay,1.0000,0.500000,0,0,0.000000,0.000000,0.000000,0,nan,0.00,0.433308,0.3489,0.0045,0.228787,0.4477,0.44,5.14,6.03,5.06,-0.063298,-5.4924,-0.8926,0.008000,0.118220,0.2439,0.006384,-0.074623,-0.077071,662.2571823878161,-39.00136165240326,1968.4861738294562,233.1175648330776,0.181898,0.007120,6496.4,6124.2,0.062020,0.025303,-0.715371,3.9703,1.0000,,,,,
5.6880,1778836338.254427,474,16.628375,-0.104477,0.005199,3.9455,0.0532,0.058024,16.665389,0.023180,0.012526,3.9676,16.652293,-0.103215,0.005627,3.9664,0.0922,0.089000,0.152578,0.2348,16.652293,0.101201,0.117193,4.8405,1.000000,0.579951,143.9547,0,1,clay,1.0000,0.500000,0,0,0.000000,0.000000,0.000000,0,nan,0.00,0.456035,0.3541,0.0043,0.240787,0.4547,0.45,5.14,6.03,5.15,-0.089820,-6.3374,-0.8729,0.008000,0.151906,-0.7332,0.003099,-0.069894,-0.074015,285.34917819168527,328.76585589703336,1990.9953167598337,263.6461555467224,0.193511,0.007991,6494.2,6126.3,0.065813,0.026260,1.000000,3.9655,1.0000,,,,,
5.7000,1778836338.266428,475,16.759649,0.032773,0.020560,4.0159,0.1164,0.058554,16.712987,0.025719,0.013224,3.9698,16.783629,0.034502,0.021003,3.9762,0.1048,0.092534,0.155987,0.2468,16.783629,0.117196,0.125149,4.9072,-0.007375,0.560915,137.3412,0,1,clay,1.0000,0.500000,0,0,0.000000,0.000000,0.000000,0,nan,0.00,0.455868,0.3593,0.0041,0.240698,0.4614,0.45,5.14,6.03,5.11,-0.087281,-6.2974,-0.9374,0.008000,0.066886,0.1246,-0.002862,-0.056801,-0.074379,719.0229337721637,185.77262515560943,2047.8290797372229,180.73192581315857,0.202207,0.005634,6493.3,6127.2,0.067327,0.011092,1.000000,3.9752,1.0000,,,,,
5.7120,1778836338.278283,476,16.688420,-0.045176,0.011450,3.9319,0.0620,0.058141,16.760609,0.028302,0.013918,3.9729,16.712276,-0.043675,0.011895,3.9679,0.1030,0.092524,0.171423,0.2407,16.712276,0.108375,0.120855,4.8711,1.000000,0.543276,140.2746,0,1,clay,1.0000,0.500000,0,0,0.000000,0.000000,0.000000,0,nan,0.00,0.478595,0.3644,0.0039,0.252698,0.4679,0.44,5.14,6.02,5.17,-0.084698,-6.2577,-0.8983,0.008000,0.144628,-0.5698,-0.010444,-0.077763,-0.088275,350.61532023017963,419.8621420733679,2211.033390500586,206.52554826485672,0.201978,0.006374,6489.4,6131.2,0.074199,0.033419,-0.007375,3.9668,1.0000,,,,,
5.7240,1778836338.290457,477,16.907087,0.031674,0.014581,3.9690,0.0499,0.057752,16.808272,0.030956,0.014606,3.9757,16.931007,0.033263,0.015040,3.9683,0.1026,0.096160,0.179612,0.2587,16.931007,0.136384,0.133705,4.9696,1.000000,0.517898,140.1472,0,1,clay,1.0000,0.500000,0,0,0.000000,0.000000,0.000000,0,nan,0.00,0.501322,0.3696,0.0037,0.264698,0.4741,0.45,5.15,6.04,5.16,-0.082044,-6.2182,-0.9939,0.008000,0.109914,-0.1085,-0.012608,-0.085323,-0.092244,427.9593803043475,653.0937862860178,2125.206399131008,245.23786409235925,0.214553,0.007518,6487.3,6133.3,0.077858,0.028244,1.000000,3.9673,1.0000,,,,,
5.7360,1778836338.302432,478,16.809992,-0.000036,0.013046,3.9811,0.0761,0.057071,16.855972,0.033617,0.015290,3.9791,16.833899,0.001550,0.013514,3.9711,0.1068,0.098840,0.187829,0.2707,16.833899,0.123597,0.128117,4.9313,1.000000,0.498324,138.7492,0,1,clay,1.0000,0.500000,0,0,0.000000,0.000000,0.000000,0,nan,0.00,0.524049,0.3748,0.0035,0.276698,0.4801,0.44,5.15,6.03,5.16,-0.079383,-6.1790,-0.9521,0.008000,0.061881,-0.1458,-0.024103,-0.088093,-0.099618,352.8458022441496,225.56283471140523,2191.284235689669,230.3800988316733,0.225821,0.007105,6485.2,6135.4,0.081556,0.027477,1.000000,3.9700,1.0000,,,,,
5.7480,1778836338.314438,479,16.940692,0.136922,0.017894,3.9816,0.0879,0.071364,16.903719,0.036429,0.016039,3.9867,16.964655,0.138698,0.018388,3.9735,0.1128,0.103894,0.220787,0.2827,16.964655,0.140942,0.135597,4.9792,-1.000000,0.445046,136.8603,0,1,clay,1.0000,0.500000,0,0,0.000000,0.000000,0.000000,0,nan,0.00,0.501322,0.3799,0.0034,0.264698,0.4854,0.45,5.14,6.03,5.06,-0.109371,-6.9627,-0.9925,0.008000,0.076989,0.4052,-0.021457,-0.069469,-0.085594,35.80563335601897,937.3141823466503,2251.6993608444986,236.83531998550072,0.235548,0.007387,6476.8,6143.8,0.096157,0.031798,1.000000,3.9722,1.0000,,,,,
5.7600,1778836338.326308,480,17.019181,0.020212,0.017720,4.0577,-0.0049,0.089678,16.951507,0.039647,0.017035,3.9874,17.043144,0.021921,0.018234,3.9901,0.0961,0.105182,0.228289,0.2587,17.043144,0.151825,0.139952,4.9915,0.769793,0.407174,134.0395,0,1,clay,1.0000,0.500000,0,0,0.000000,0.000000,0.000000,0,nan,0.00,0.518817,0.3850,0.0032,0.273936,0.4903,0.44,5.13,6.00,5.07,-0.106153,-6.9056,-1.0041,0.008000,0.118136,-0.2129,-0.001618,-0.090899,-0.084320,325.61174551699924,210.47449563692442,2177.6542683506095,432.45351745127675,0.224958,0.013605,6474.8,6145.7,0.099616,0.016517,-1.000000,3.9888,1.0000,,,,,
5.7720,1778836338.338383,481,16.988667,0.100772,0.024545,4.0532,0.1072,0.098464,16.999335,0.043198,0.018186,3.9922,17.012693,0.102782,0.025104,4.0026,0.1076,0.113636,0.236142,0.2786,17.012693,0.147562,0.138261,4.9884,-1.000000,0.371698,128.9090,0,1,clay,1.0000,0.500000,0,0,0.000000,0.000000,0.000000,0,nan,0.00,0.496090,0.3900,0.0031,0.261936,0.4948,0.44,5.14,6.03,5.20,-0.102602,-6.8397,-0.9962,0.008000,0.018804,-0.0873,0.010174,-0.089362,-0.087464,-141.5893979769039,1214.8903511498709,2282.210413518205,441.8513081289433,0.229225,0.013889,6472.8,6147.8,0.103184,0.022253,0.769793,4.0012,1.0000,,,,,
5.7840,1778836338.350369,482,17.011040,0.037992,0.019188,4.0315,-0.0218,0.085892,17.047217,0.046523,0.019159,3.9963,17.035122,0.039779,0.019753,4.0086,0.0891,0.112566,0.247121,0.2559,17.035122,0.150697,0.139505,4.9908,1.000000,0.342102,128.3653,0,1,clay,1.0000,0.500000,0,0,0.000000,0.000000,0.000000,0,nan,0.00,0.518817,0.3950,0.0029,0.273936,0.4989,0.44,5.13,6.01,5.11,-0.099277,-6.7839,-0.9945,0.008000,0.073043,-0.2763,0.021564,-0.104014,-0.080977,-1919.2698769203525,518.3472394771321,2154.1690899114074,592.2393583642478,0.220374,0.019325,6469.9,6150.6,0.108126,0.020747,-1.000000,4.0071,1.0000,,,,,
5.7960,1778836338.362458,483,17.000169,0.061225,0.022587,4.0257,0.0927,0.024481,17.095144,0.048659,0.019405,3.9975,17.024320,0.063088,0.023111,4.0120,0.1003,0.108312,0.215106,0.2800,17.024320,0.149183,0.138905,4.9898,-0.544359,0.356351,127.8168,0,1,clay,1.0000,0.500000,0,0,0.000000,0.000000,0.000000,0,nan,0.00,0.506446,0.4000,0.0028,0.267403,0.5032,0.45,5.13,6.02,5.08,-0.097141,-6.7698,-0.9923,0.008000,0.147222,0.4618,0.029055,-0.098541,-0.093489,-1702.8155339437665,541.087633226751,2252.7828018760606,418.97115328384695,0.234093,0.013116,6478.0,6142.6,0.094066,0.031137,1.000000,4.0107,1.0000,,,,,
5.8080,1778836338.374354,484,17.073927,-0.014598,0.017975,3.7998,-0.0335,0.022465,17.143133,0.050667,0.019650,4.0037,17.097770,-0.013045,0.018445,3.9712,0.0822,0.099018,0.220490,0.2641,17.097770,0.159606,0.143012,4.9928,1.000000,0.376023,140.7796,0,1,clay,1.0000,0.500000,0,0,0.000000,0.000000,0.000000,0,nan,0.00,0.529173,0.4049,0.0026,0.279403,0.5077,0.44,5.13,6.01,5.14,-0.131533,-7.5674,-0.9891,0.008000,0.134908,-0.7037,-0.021880,-0.127821,-0.109825,-2083.8096530459,309.305640446776,2251.5551456407115,450.27105045922036,0.234823,0.014189,6476.7,6143.9,0.096409,0.085886,-0.544359,3.9699,1.0000,,,,,
5.8200,1778836338.386316,485,17.125195,0.088521,0.020393,3.9868,0.0292,0.021568,17.191180,0.052597,0.019929,4.0079,17.149037,0.090084,0.020835,3.9745,0.0834,0.096704,0.230424,0.2854,17.149037,0.167064,0.145916,4.9910,-1.000000,0.369433,136.9715,0,1,clay,1.0000,0.500000,0,0,0.000000,0.000000,0.000000,0,nan,0.00,0.506446,0.4098,0.0025,0.267403,0.5121,0.44,5.14,6.01,5.18,-0.129603,-7.5514,-0.9831,0.008000,0.103722,-0.0433,-0.011846,-0.135540,-0.125819,-2207.329660954997,-159.7471586187944,2327.859255255183,371.3991640287065,0.250052,0.011806,6474.2,6146.4,0.100743,0.043105,1.000000,3.9732,1.0000,,,,,
5.8320,1778836338.398448,486,17.279644,0.053945,0.024979,4.0606,0.0291,0.016441,17.239296,0.054305,0.020125,4.0134,17.303623,0.055533,0.025378,3.9915,0.0789,0.087919,0.237157,0.2614,17.303623,0.190484,0.154798,4.9873,-1.000000,0.351476,134.0338,0,1,clay,1.0000,0.500000,0,0,0.000000,0.000000,0.000000,0,nan,0.00,0.483718,0.4146,0.0024,0.255403,0.5163,0.44,5.15,6.03,5.24,-0.127895,-7.5402,-0.9738,0.008000,0.049111,0.0185,0.003776,-0.128105,-0.123721,-1598.1435026084682,804.8596901932376,2266.531691521293,292.9922898043234,0.241150,0.009431,6472.5,6148.1,0.103732,0.023702,-1.000000,3.9901,1.0000,,,,,
5.8440,1778836338.410459,487,17.267034,0.065467,0.024032,4.0421,0.0769,0.003741,17.287479,0.055718,0.020191,4.0187,17.291181,0.067003,0.024384,4.0016,0.0842,0.079446,0.245911,0.2494,17.291181,0.188547,0.154094,4.9868,-0.034064,0.330160,131.2417,0,1,clay,1.0000,0.500000,0,0,0.000000,0.000000,0.000000,0,nan,0.00,0.482944,0.4194,0.0023,0.254995,0.5203,0.45,5.15,6.04,5.12,-0.126482,-7.5364,-0.9681,0.008000,0.048413,0.0364,0.010288,-0.126746,-0.136078,-2129.888662756914,-186.44436199668735,2221.7841856991504,119.42325275136537,0.230275,0.004174,6470.2,6150.3,0.107641,0.016814,-1.000000,4.0001,1.0000,,,,,
5.8560,1778836338.422413,488,17.372630,0.050510,0.024334,4.0056,0.0306,0.012013,17.335711,0.057107,0.020324,4.0227,17.396772,0.052000,0.024662,4.0027,0.0824,0.076149,0.254031,0.2548,17.396772,0.205265,0.159907,4.9930,1.000000,0.310322,132.5741,0,1,clay,1.0000,0.500000,0,0,0.000000,0.000000,0.000000,0,nan,0.00,0.505671,0.4241,0.0022,0.266995,0.5240,0.45,5.14,6.03,5.07,-0.125093,-7.5288,-0.9703,0.008000,0.123815,-0.2546,0.005588,-0.127557,-0.137977,-1714.617274330997,445.86047299411905,2381.558770724292,76.46191907609317,0.232328,0.002878,6468.1,6152.4,0.111284,0.043360,-0.034064,4.0012,1.0000,,,,,
5.8680,1778836338.434444,489,17.348087,0.081682,0.022627,4.0780,0.0633,-0.001420,17.384021,0.058292,0.020375,4.0289,17.372275,0.083120,0.022928,4.0176,0.0890,0.073898,0.260005,0.2730,17.372275,0.201331,0.158591,4.9912,0.043892,0.286176,127.3259,0,1,clay,1.0000,0.500000,0,0,0.000000,0.000000,0.000000,0,nan,0.00,0.506669,0.4288,0.0021,0.267521,0.5275,0.45,5.13,6.03,5.13,-0.163908,-8.3000,-0.9623,0.008000,0.097301,-0.3510,0.003105,-0.114240,-0.142035,-1556.7093210607782,702.816061688157,2322.189668917574,-46.76516738083397,0.245842,-0.000855,6466.6,6154.0,0.113976,0.022198,1.000000,4.0161,1.0000,,,,,
5.8800,1778836338.446461,490,17.519945,0.061434,0.023559,4.0891,-0.0233,-0.022948,17.432380,0.059099,0.020244,4.0305,17.544233,0.062737,0.023809,4.0317,0.0766,0.065744,0.252556,0.2678,17.544233,0.229626,0.167447,5.0000,1.000000,0.270594,126.8671,0,1,clay,1.0000,0.500000,0,0,0.000000,0.000000,0.000000,0,nan,0.00,0.529396,0.4334,0.0020,0.279521,0.5307,0.45,5.13,6.03,5.12,-0.163101,-8.3075,-0.9695,0.008000,0.134379,-0.7396,0.003933,-0.150164,-0.173225,-2137.6200189042183,-333.7465139728963,2510.7678944959725,-65.67095842694668,0.253394,-0.001453,6468.4,6152.1,0.110751,0.026127,0.043892,4.0302,1.0000,,,,,
5.8920,1778836338.458434,491,17.470792,0.003149,0.018286,4.0976,-0.0342,-0.029164,17.480807,0.059531,0.019932,4.0366,17.495161,0.004196,0.018496,4.0448,0.0677,0.061460,0.259907,0.2856,17.495161,0.221394,0.164995,4.9998,1.000000,0.254051,126.2725,0,1,clay,1.0000,0.500000,0,0,0.000000,0.000000,0.000000,0,nan,0.00,0.552124,0.4379,0.0019,0.291521,0.5338,0.45,5.13,6.03,5.15,-0.162669,-8.3254,-0.9632,0.008000,0.079496,-0.7290,0.009972,-0.136054,-0.164419,-1950.410976375242,-303.1039122077012,2447.0899350886684,-79.39246780061495,0.272028,-0.001914,6466.6,6154.0,0.114038,0.024949,1.000000,4.0432,1.0000,,,,,
5.9040,1778836338.470375,492,17.513514,0.088544,0.012221,4.0248,-0.0391,-0.025061,17.529309,0.059824,0.019624,4.0438,17.537839,0.089340,0.012404,4.0413,0.0595,0.058574,0.273373,0.2975,17.537839,0.228547,0.167128,5.0000,1.000000,0.229985,124.0110,0,1,clay,1.0000,0.500000,0,0,0.000000,0.000000,0.000000,0,nan,0.00,0.574851,0.4424,0.0018,0.303521,0.5365,0.44,5.13,6.02,5.09,-0.162376,-8.3430,-0.9562,0.008000,0.089287,-1.2445,0.006173,-0.161910,-0.177003,-1771.715193844902,744.5128368326951,2516.216934313113,-73.1321663531584,0.289257,-0.001726,6463.1,6157.4,0.120029,0.044475,1.000000,4.0397,1.0000,,,,,
5.9160,1778836338.482357,493,17.554311,0.060499,0.020029,4.1050,0.0243,-0.027670,17.577889,0.059987,0.019296,4.0500,17.578672,0.061473,0.020189,4.0540,0.0645,0.056313,0.284907,0.3095,17.578672,0.235478,0.169171,5.0000,1.000000,0.202162,121.4971,0,1,clay,1.0000,0.500000,0,0,0.000000,0.000000,0.000000,0,nan,0.00,0.597578,0.4468,0.0017,0.315521,0.5389,0.44,5.13,6.02,5.17,-0.162213,-8.3618,-0.9500,0.008000,0.073049,-0.4766,0.059060,-0.143938,-0.175264,-1983.6781047175434,-171.21105013901484,2569.4475516728257,-169.52138022941713,0.302646,-0.004806,6460.2,6160.4,0.125186,0.030404,1.000000,4.0523,1.0000,,,,,
5.9280,1778836338.494447,494,17.614880,0.163546,0.021743,4.0379,-0.0877,-0.039866,17.626555,0.059910,0.018876,4.0577,17.639272,0.164412,0.021873,4.0513,0.0494,0.053063,0.300530,0.3215,17.639272,0.245924,0.172208,5.0000,1.000000,0.163481,118.1035,0,1,clay,1.0000,0.500000,0,0,0.000000,0.000000,0.000000,0,nan,0.00,0.620305,0.4511,0.0016,0.327521,0.5409,0.45,5.14,6.03,5.15,-0.205590,-9.1041,-0.9423,0.008000,0.080335,-0.5021,0.051936,-0.169694,-0.185638,-1608.7685103675603,126.30025034052187,2635.9983816549434,-108.1265242777548,0.322044,-0.002941,6456.2,6164.4,0.132157,0.047955,1.000000,4.0495,1.0000,,,,,
5.9400,1778836338.507689,495,17.736809,0.122939,0.012680,4.0117,-0.0667,-0.044697,17.675309,0.059577,0.018364,4.0642,17.761144,0.123478,0.012782,4.0441,0.0412,0.049986,0.308785,0.3335,17.761144,0.267505,0.178333,4.9999,1.000000,0.133752,121.9903,0,1,clay,1.0000,0.500000,0,0,0.000000,0.000000,0.000000,0,nan,0.00,0.643033,0.4554,0.0015,0.339521,0.5425,0.44,5.15,6.03,5.19,-0.205923,-9.1334,-0.9357,0.008000,0.049496,-1.2312,0.026988,-0.173028,-0.183912,-2184.0375417853866,-462.08042771044563,2687.315866017941,-103.82832676876808,0.339396,-0.002838,6454.0,6166.6,0.135906,0.056630,1.000000,4.0422,1.0000,,,,,
5.9520,1778836338.518394,496,17.771970,0.044949,0.022150,4.0788,-0.1206,-0.045656,17.724147,0.059075,0.017809,4.0710,17.796360,0.045579,0.022229,4.0512,0.0256,0.047869,0.316700,0.3455,17.796360,0.273885,0.180089,4.9996,-0.597324,0.111813,123.4487,0,1,clay,1.0000,0.500000,0,0,0.000000,0.000000,0.000000,0,nan,0.00,0.629457,0.4595,0.0015,0.332353,0.5438,0.44,5.14,6.01,5.08,-0.206425,-9.1652,-0.9286,0.008000,0.096765,-0.5832,0.023086,-0.189950,-0.180211,-1771.430147718703,244.84081334441743,2742.895098050366,-27.430799595072926,0.358318,-0.000252,6452.0,6168.6,0.139479,0.044550,1.000000,4.0493,1.0000,,,,,
5.9640,1778836338.530449,497,17.837497,-0.028639,0.013566,4.1247,-0.0245,-0.049708,17.773069,0.058387,0.017220,4.0779,17.861945,-0.028263,0.013611,4.0658,0.0260,0.041154,0.324296,0.3288,17.861945,-0.028263,0.456254,4.9995,1.000000,0.089632,128.7232,0,1,clay,1.0000,0.500000,0,0,0.000000,0.000000,0.000000,0,nan,0.00,0.652184,0.4636,0.0014,0.344353,0.5449,0.44,5.13,6.01,5.11,-0.207113,-9.1990,-0.9215,0.008000,0.118170,-1.0720,0.035773,-0.186680,-0.184001,-1754.2297438807568,-722.9895865772328,2610.0167214729004,-112.24657764185069,0.352395,-0.003080,6450.0,6170.6,0.142892,0.034956,-0.597324,4.0639,1.0000,,,,,
5.9760,1778836338.542423,498,17.815660,0.039122,0.012635,4.1487,-0.1169,-0.050835,17.822073,0.057554,0.016616,4.0838,17.840152,0.039370,0.012664,4.0823,0.0146,0.040672,0.329185,0.3504,17.840152,0.281907,0.182245,4.9995,1.000000,0.068552,120.8757,0,1,clay,1.0000,0.500000,0,0,0.000000,0.000000,0.000000,0,nan,0.00,0.674912,0.4675,0.0013,0.356353,0.5457,0.43,5.13,6.00,5.11,-0.207946,-9.2336,-0.9156,0.008000,0.084979,-1.0132,0.036705,-0.214709,-0.198428,-1901.8222977008718,-1495.8920678141953,2788.5289236401227,-53.81213638571271,0.369837,-0.001048,6448.7,6171.8,0.145110,0.034553,1.000000,4.0803,1.0000,,,,,
5.9880,1778836338.554470,499,17.846418,0.167248,0.014648,4.0850,-0.0381,-0.056264,17.871152,0.056553,0.015982,4.0913,17.870912,0.167538,0.014660,4.0833,0.0192,0.039233,0.342353,0.3624,17.870912,0.287599,0.183741,4.9995,0.577346,0.034645,113.9329,0,1,clay,1.0000,0.500000,0,0,0.000000,0.000000,0.000000,0,nan,0.00,0.688033,0.4714,0.0013,0.363281,0.5462,0.44,5.15,6.02,5.25,-0.208947,-9.2699,-0.9082,0.008000,0.126564,-0.9015,0.024265,-0.194176,-0.188476,-1430.7043730231503,-77.65297975008389,2828.3628542016954,-129.46214541907202,0.382955,-0.003598,6445.4,6175.2,0.150980,0.051976,1.000000,4.0812,1.0000,,,,,
6.0000,1778836338.566393,500,17.993243,0.145251,0.014536,4.0432,-0.0529,-0.056530,17.920323,0.055382,0.015312,4.0975,18.017746,0.145512,0.014531,4.0759,0.0197,0.037384,0.341868,0.3668,18.017746,0.315418,0.190670,5.0000,-1.000000,0.019432,118.9570,0,1,clay,1.0000,0.500000,0,0,0.000000,0.000000,0.000000,0,nan,0.00,0.665306,0.4751,0.0012,0.351281,0.5464,0.43,5.14,6.01,5.13,-0.256618,-10.0003,-0.9025,0.008000,0.149907,-0.5790,0.003067,-0.243680,-0.249852,-1672.0249057124888,-1076.9401000559128,3017.1754210431795,-168.75997513091426,0.391563,-0.004983,6445.4,6175.1,0.150855,0.065008,0.577346,4.0739,1.0000,,,,,
6.0120,1778836338.578477,501,18.020408,0.143246,0.017924,4.1281,0.0303,-0.059997,17.969589,0.054084,0.014610,4.1060,18.045015,0.143627,0.017890,4.0865,0.0311,0.031171,0.349600,0.3453,18.045015,0.320699,0.191918,5.0000,-1.000000,-0.001138,116.6558,0,1,clay,1.0000,0.500000,0,0,0.000000,0.000000,0.000000,0,nan,0.00,0.642579,0.4788,0.0011,0.339281,0.5464,0.44,5.14,6.02,5.12,-0.257916,-10.0406,-0.8940,0.008000,0.085100,-0.0193,0.015716,-0.168262,-0.205378,-1584.6349663425954,76.1753362628009,2654.2260063080175,-318.23247274753265,0.377124,-0.010303,6443.5,6177.1,0.154310,0.046565,-1.000000,4.0844,1.0000,,,,,
6.0240,1778836338.590462,502,17.983408,0.142146,0.016335,4.1058,-0.1525,-0.062710,18.018944,0.052595,0.013862,4.1144,18.008061,0.142308,0.016275,4.0907,0.0082,0.025867,0.358712,0.3333,18.008061,0.313551,0.190224,5.0000,-1.000000,-0.022575,115.3147,0,1,clay,1.0000,0.500000,0,0,0.000000,0.000000,0.000000,0,nan,0.00,0.619851,0.4823,0.0011,0.327281,0.5461,0.44,5.13,6.02,5.07,-0.259405,-10.0834,-0.8856,0.008000,0.057068,-0.5434,0.005991,-0.195835,-0.193511,-1573.8548280631385,-273.4782240164731,2645.2052125964747,-202.96631636160262,0.372040,-0.006157,6441.1,6179.4,0.158388,0.054197,-1.000000,4.0885,1.0000,,,,,
6.0360,1778836338.602473,503,17.998271,0.078432,0.005642,4.1318,-0.1146,-0.062401,18.068393,0.050991,0.013102,4.1210,18.022981,0.078224,0.005559,4.0991,-0.0040,0.021178,0.363496,0.3213,18.022981,0.316429,0.190911,5.0000,1.000000,-0.037105,119.8657,0,1,clay,1.0000,0.500000,0,0,0.000000,0.000000,0.000000,0,nan,0.00,0.642579,0.4858,0.0010,0.339281,0.5457,0.45,5.15,6.05,5.24,-0.261009,-10.1269,-0.8790,0.008000,0.117528,-1.2340,0.015493,-0.196932,-0.192519,-1736.9696154671287,-612.2649119887234,2630.28574471141,-160.5193303457977,0.363747,-0.004581,6439.9,6180.7,0.160557,0.051435,-1.000000,4.0969,1.0000,,,,,
6.0480,1778836338.614460,504,18.157942,0.004514,0.006482,4.0945,-0.1700,-0.076539,18.117909,0.049116,0.012224,4.1261,18.182722,0.004194,0.006382,4.0986,-0.0185,0.020772,0.357920,0.3453,18.182722,0.004194,0.485305,5.0000,1.000000,-0.034006,131.3400,0,1,clay,1.0000,0.500000,0,0,0.000000,0.000000,0.000000,0,nan,0.00,0.665306,0.4891,0.0010,0.351281,0.5453,0.45,5.15,6.06,5.20,-0.262884,-10.1773,-0.8739,0.008000,0.136394,-0.6474,0.021469,-0.216169,-0.199983,-1428.5689817789737,62.21006354206736,2847.7329485256923,-75.27089860545912,0.382470,-0.001844,6441.3,6179.3,0.158134,0.059517,1.000000,4.0964,1.0000,,,,,
6.0600,1778836338.626420,505,18.184858,0.118812,0.014056,4.1513,-0.0348,-0.079294,18.167535,0.046998,0.011281,4.1366,18.209714,0.118719,0.013938,4.1093,-0.0068,0.019423,0.369914,0.3573,18.209714,0.353331,0.199205,5.0000,1.000000,-0.050306,119.9962,0,1,clay,1.0000,0.500000,0,0,0.000000,0.000000,0.000000,0,nan,0.00,0.688033,0.4924,0.0009,0.363281,0.5447,0.45,5.16,6.05,5.19,-0.314502,-10.8656,-0.8634,0.008000,0.056412,-0.7426,0.024164,-0.209778,-0.216388,-1700.677370613454,-663.9674058749443,2887.8892797285307,-198.8294029364716,0.393610,-0.006230,6438.2,6182.3,0.163421,0.048855,1.000000,4.1070,1.0000,,,,,
6.0720,1778836338.638331,506,18.157540,0.053757,0.018627,4.1343,-0.0762,-0.079540,18.217264,0.044763,0.010310,4.1457,18.182416,0.053766,0.018496,4.1146,-0.0044,0.018669,0.378277,0.3693,18.182416,0.053766,0.440612,5.0000,-1.000000,-0.068500,117.8592,0,1,clay,1.0000,0.500000,0,0,0.000000,0.000000,0.000000,0,nan,0.00,0.665306,0.4955,0.0009,0.351281,0.5438,0.44,5.16,6.05,5.15,-0.316737,-10.9212,-0.8543,0.008000,0.130048,0.0516,0.014034,-0.192919,-0.200973,-1430.3510659809126,-152.73410884316633,2929.1658727629065,-244.4096171209692,0.406917,-0.007828,6436.1,6184.5,0.167157,0.056728,1.000000,4.1123,1.0000,,,,,
6.0840,1778836338.650432,507,18.291624,-0.031876,0.003782,4.1522,-0.0951,-0.075500,18.267095,0.042554,0.009402,4.1543,18.316580,-0.032300,0.003629,4.1224,-0.0107,0.013310,0.385155,0.3452,18.316580,-0.032300,0.305020,5.0000,1.000000,-0.101014,121.7407,0,1,clay,1.0000,0.500000,0,0,0.000000,0.000000,0.000000,0,nan,0.00,0.688033,0.4985,0.0008,0.363281,0.5426,0.45,5.15,6.04,5.09,-0.318946,-10.9733,-0.8457,0.008000,0.094787,-0.7420,0.004824,-0.196998,-0.207488,-965.527214972232,4.989310322149265,2700.3831971748978,-250.611594690998,0.396513,-0.007897,6434.3,6186.2,0.170243,0.053532,-1.000000,4.1200,1.0000,,,,,
6.0960,1778836338.662404,508,18.303086,0.106639,0.009635,4.1637,-0.1326,-0.075773,18.317023,0.040280,0.008478,4.1622,18.328070,0.106312,0.009482,4.1309,-0.0166,0.015274,0.393697,0.3693,18.328070,0.377535,0.204227,5.0000,1.000000,-0.135398,114.9082,0,1,clay,1.0000,0.500000,0,0,0.000000,0.000000,0.000000,0,nan,0.00,0.710760,0.5015,0.0008,0.375281,0.5410,0.45,5.16,6.06,5.24,-0.321220,-11.0262,-0.8378,0.008000,0.078778,-0.5127,0.010963,-0.212109,-0.213809,-1302.9580936877637,-96.12702878584867,2951.6284091490556,-207.72046582498172,0.411549,-0.006207,6432.1,6188.5,0.174101,0.052119,1.000000,4.1285,1.0000,,,,,
6.1080,1778836338.674433,509,18.273936,-0.083811,0.004892,4.2903,-0.0399,-0.082053,18.367069,0.037860,0.007490,4.1723,18.299197,-0.084204,0.004731,4.1622,-0.0052,0.015685,0.395518,0.3814,18.299197,-0.084204,0.330547,5.0000,1.000000,-0.145462,125.5696,0,1,clay,1.0000,0.500000,0,0,0.000000,0.000000,0.000000,0,nan,0.00,0.733488,0.5043,0.0008,0.387281,0.5392,0.45,5.16,6.07,5.16,-0.323640,-11.0828,-0.8277,0.008000,0.286419,-0.7665,0.049693,-0.225636,-0.243137,-1248.140081585766,108.05523065575073,3003.2847215251513,-293.757650704817,0.421849,-0.009636,6431.6,6189.0,0.174999,0.023998,1.000000,4.1598,1.0000,,,,,
6.1200,1778836338.686319,510,18.402025,0.032839,0.001692,4.2050,-0.0476,-0.081445,18.417225,0.035326,0.006486,4.1818,18.427289,0.032402,0.001528,4.1710,0.0027,0.016209,0.403679,0.3933,18.427289,0.032402,0.502491,5.0000,1.000000,-0.169126,121.8644,0,1,clay,1.0000,0.500000,0,0,0.000000,0.000000,0.000000,0,nan,0.00,0.756215,0.5069,0.0007,0.399281,0.5372,0.45,5.15,6.05,5.10,-0.378474,-11.7489,-0.8181,0.008000,0.136254,-1.1067,0.047126,-0.189956,-0.208380,-968.0879584131654,-432.417938699951,3042.164754545318,-359.20455377335884,0.432986,-0.012007,6429.5,6191.1,0.178628,0.043921,1.000000,4.1686,1.0000,,,,,
6.1320,1778836338.698444,511,18.466024,0.014385,0.007209,4.1821,-0.1303,-0.082389,18.467489,0.032737,0.005486,4.1902,18.491299,0.014027,0.007042,4.1736,-0.0050,0.016989,0.400209,0.4053,18.491299,0.014027,0.300767,5.0000,1.000000,-0.180320,121.4317,0,1,clay,1.0000,0.500000,0,0,0.000000,0.000000,0.000000,0,nan,0.00,0.778942,0.5095,0.0007,0.411281,0.5351,0.45,5.22,6.12,5.59,-0.381063,-11.8062,-0.8098,0.008000,0.147828,-0.6677,0.044647,-0.198218,-0.211990,-1253.9058351598728,-68.8505819753517,3090.134929463449,-310.6170087923085,0.448240,-0.010164,6430.4,6190.2,0.177159,0.052892,1.000000,4.1712,1.0000,,,,,
6.1440,1778836338.710475,512,18.570928,-0.014562,0.006776,4.2373,-0.0956,-0.092068,18.517834,0.029909,0.004360,4.1975,18.596578,-0.014949,0.006599,4.1864,-0.0037,0.017568,0.399310,0.4174,18.596578,-0.014949,0.329738,5.0000,-1.000000,-0.178808,128.4557,0,1,clay,1.0000,0.500000,0,0,0.000000,0.000000,0.000000,0,nan,0.00,0.756215,0.5119,0.0007,0.399281,0.5329,0.46,5.21,6.12,5.16,-0.383891,-11.8707,-0.8025,0.008000,0.168956,-0.0516,0.048557,-0.184955,-0.203641,-1046.5239544598032,-344.63124586725786,3154.680988161093,-322.3662893246882,0.461839,-0.011027,6430.6,6190.0,0.176798,0.044146,1.000000,4.1840,1.0000,,,,,
6.1560,1778836338.722413,513,18.548852,-0.022431,-0.006963,4.1828,-0.1461,-0.104144,18.568276,0.026843,0.003136,4.2056,18.574452,-0.023307,-0.007179,4.1862,-0.0174,0.009507,0.406662,0.3932,18.574452,-0.023307,0.322351,5.0000,1.000000,-0.173222,144.0957,0,1,clay,1.0000,0.500000,0,0,0.000000,0.000000,0.000000,0,nan,0.00,0.778942,0.5143,0.0006,0.411281,0.5308,0.45,5.20,6.11,5.15,-0.386957,-11.9409,-0.7944,0.008000,0.053444,-0.8836,0.049386,-0.191745,-0.210274,-920.1343697182328,98.63560544869466,2842.561270600531,-292.87819445466243,0.454471,-0.010366,6428.7,6191.9,0.180039,0.056529,-1.000000,4.1838,1.0000,,,,,
6.1680,1778836338.734421,514,18.586654,-0.008843,0.006195,4.1503,-0.0851,-0.096711,18.618817,0.023831,0.001971,4.2146,18.612158,-0.009366,0.005974,4.1798,-0.0119,0.010763,0.416169,0.4174,18.612158,-0.009366,0.328649,5.0000,1.000000,-0.155143,145.3394,0,1,clay,1.0000,0.500000,0,0,0.000000,0.000000,0.000000,0,nan,0.00,0.801669,0.5166,0.0006,0.423281,0.5290,0.45,5.17,6.08,5.02,-0.389969,-12.0076,-0.7854,0.008000,0.139850,-0.5549,0.031006,-0.197545,-0.216265,-881.2344195207779,110.45118719219238,3182.8794526609113,-349.156743431514,0.466928,-0.012086,6426.3,6194.3,0.184221,0.061968,1.000000,4.1773,1.0000,,,,,
6.1800,1778836338.746362,515,18.631640,-0.089193,0.006960,4.2367,-0.0804,-0.090363,18.669449,0.020880,0.000868,4.2221,18.657114,-0.089668,0.006742,4.1913,-0.0073,0.012050,0.419206,0.4294,18.657114,-0.089668,0.237426,5.0000,1.000000,-0.174819,130.3909,0,1,clay,1.0000,0.500000,0,0,0.000000,0.000000,0.000000,0,nan,0.00,0.824397,0.5187,0.0006,0.435281,0.5269,0.45,5.17,6.07,5.14,-0.447920,-12.6253,-0.7779,0.008000,0.157741,-0.7679,0.036359,-0.245003,-0.274367,-589.4116818625984,-21.1978534269889,3226.463849313979,-381.6049013857104,0.478393,-0.013139,6425.6,6195.0,0.185511,0.047858,1.000000,4.1888,1.0000,,,,,
6.1920,1778836338.758363,516,18.756876,0.111351,-0.005335,4.2010,-0.1366,-0.095708,18.720176,0.017843,-0.000274,4.2300,18.782292,0.110516,-0.005557,4.1937,-0.0130,0.012710,0.421350,0.4413,18.782292,0.110516,0.502941,5.0000,-1.000000,-0.215715,125.6810,0,1,clay,1.0000,0.500000,0,0,0.000000,0.000000,0.000000,0,nan,0.00,0.801669,0.5208,0.0005,0.423281,0.5243,0.45,5.18,6.08,5.25,-0.450957,-12.6908,-0.7700,0.008000,0.143745,-0.5899,0.030273,-0.291580,-0.333213,-892.4741286664661,260.23987826610323,3293.9417887029763,-343.9136484551243,0.493031,-0.011835,6425.0,6195.6,0.186510,0.056685,1.000000,4.1912,1.0000,,,,,
6.2040,1778836338.770392,517,18.726408,0.018568,-0.007213,4.2835,-0.0741,-0.098602,18.771006,0.014706,-0.001454,4.2405,18.751973,0.017672,-0.007455,4.2116,-0.0113,0.007566,0.426515,0.4172,18.751973,0.017672,0.321331,5.0000,0.901103,-0.245071,139.9151,0,1,clay,1.0000,0.500000,0,0,0.000000,0.000000,0.000000,0,nan,0.00,0.822149,0.5228,0.0005,0.434095,0.5213,0.45,5.18,6.07,5.19,-0.454094,-12.7584,-0.7595,0.008000,0.093570,-1.0441,0.038784,-0.162264,-0.221183,-744.0473476197814,-852.1151250265509,2901.238387856806,-389.43984203673745,0.480274,-0.013847,6423.6,6196.9,0.188900,0.037761,-1.000000,4.2090,1.0000,,,,,
6.2160,1778836338.782425,518,18.763173,0.029282,-0.006870,4.2671,-0.0307,-0.099158,18.821946,0.011484,-0.002649,4.2487,18.788880,0.028476,-0.007112,4.2229,0.0036,0.009770,0.430403,0.4396,18.788880,0.028476,0.319854,5.0000,1.000000,-0.275767,128.2235,0,1,clay,1.0000,0.500000,0,0,0.000000,0.000000,0.000000,0,nan,0.00,0.844876,0.5246,0.0005,0.446095,0.5180,0.45,5.18,6.09,5.18,-0.457316,-12.8269,-0.7513,0.008000,0.119438,-0.7546,0.018510,-0.188337,-0.221571,-619.8172964719131,-75.92208594514352,3392.571819451379,-479.1759809228464,0.488581,-0.017501,6422.6,6198.0,0.190698,0.045654,0.901103,4.2203,1.0000,,,,,
6.2280,1778836338.794449,519,18.847993,-0.008462,-0.001557,4.3030,-0.1305,-0.096365,18.872988,0.008287,-0.003802,4.2566,18.873796,-0.009173,-0.001796,4.2389,-0.0026,0.011459,0.428127,0.4522,18.873796,-0.009173,0.354225,5.0000,1.000000,-0.289628,133.7191,0,1,clay,1.0000,0.500000,0,0,0.000000,0.000000,0.000000,0,nan,0.00,0.867604,0.5263,0.0005,0.458095,0.5146,0.45,5.17,6.08,5.10,-0.460513,-12.8930,-0.7434,0.008000,0.044478,-0.2696,0.024906,-0.201429,-0.228761,-730.0339700774545,105.2484465747932,3375.856481368145,-436.34791565557794,0.502825,-0.015624,6423.1,6197.4,0.189775,0.038620,1.000000,4.2363,1.0000,,,,,
6.2400,1778836338.806462,520,18.790459,0.006819,0.001177,4.2531,-0.0500,-0.094980,18.924096,0.004982,-0.004985,4.2648,18.816260,0.006242,0.000943,4.2420,0.0071,0.013453,0.406218,0.4642,18.816260,0.006242,0.339887,5.0000,1.000000,-0.252158,134.1115,0,1,clay,1.0000,0.500000,0,0,0.000000,0.000000,0.000000,0,nan,0.00,0.890331,0.5280,0.0004,0.470095,0.5115,0.46,5.16,6.08,5.12,-0.521218,-13.4794,-0.7352,0.008000,0.118706,-0.4333,0.025903,-0.188912,-0.228556,-344.01715385932806,-735.8963398111764,3397.4014993478463,-490.0200975412172,0.512994,-0.017718,6428.6,6191.9,0.180138,0.071031,1.000000,4.2395,1.0000,,,,,
6.2520,1778836338.818508,521,18.952367,-0.017593,-0.004969,4.3365,-0.0649,-0.133029,18.975271,0.001082,-0.006539,4.2700,18.978337,-0.018357,-0.005239,4.2609,0.0130,0.009611,0.430347,0.4762,18.978337,-0.018357,0.227167,5.0000,1.000000,-0.272081,140.2476,0,1,clay,1.0000,0.500000,0,0,0.000000,0.000000,0.000000,0,nan,0.00,0.913058,0.5295,0.0004,0.482095,0.5083,0.47,5.16,6.10,5.15,-0.525118,-13.5684,-0.7300,0.008000,0.063378,-0.7635,0.031944,-0.191482,-0.242983,-632.277358773384,-1534.8745051056658,3625.259264693139,-515.755822891022,0.526740,-0.021605,6422.6,6198.0,0.190693,0.041111,1.000000,4.2583,1.0000,,,,,
6.2640,1778836338.830420,522,18.968015,-0.063281,-0.017044,4.2264,-0.0731,-0.142678,19.026542,-0.003191,-0.008291,4.2774,18.993872,-0.064402,-0.017351,4.2547,0.0164,0.004996,0.429080,0.4882,18.993872,-0.064402,0.235151,5.0000,1.000000,-0.255544,156.1977,0,1,clay,1.0000,0.500000,0,0,0.000000,0.000000,0.000000,0,nan,0.00,0.935785,0.5310,0.0004,0.494095,0.5052,0.46,5.16,6.08,5.15,-0.529391,-13.6688,-0.7226,0.008000,0.044748,-0.6197,0.025206,-0.172988,-0.238010,-107.0363049401041,-1472.5721012394808,3729.9466232814707,-587.8627035087372,0.541496,-0.025218,6422.9,6197.7,0.190185,0.065481,1.000000,4.2521,1.0000,,,,,
6.2760,1778836338.842395,523,18.990414,-0.031050,-0.012684,4.2475,-0.1148,-0.153334,19.077919,-0.007650,-0.010112,4.2878,19.016301,-0.032162,-0.013033,4.2539,0.0122,0.000054,0.439137,0.5002,19.016301,-0.032162,0.229362,5.0000,-1.000000,-0.259851,152.7791,0,1,clay,1.0000,0.500000,0,0,0.000000,0.000000,0.000000,0,nan,0.00,0.913058,0.5323,0.0004,0.482095,0.5021,0.47,5.15,6.09,5.13,-0.533850,-13.7731,-0.7122,0.008000,0.046527,-1.1307,0.029797,-0.168240,-0.229767,704.9684710915901,-2040.5539217073979,3850.777069317498,-605.2007187824845,0.550000,-0.027040,6420.4,6200.2,0.194582,0.059180,1.000000,4.2512,1.0000,,,,,
6.2880,1778836338.854339,524,19.040082,0.038150,-0.008055,4.2799,-0.0805,-0.115784,19.129396,-0.011780,-0.011690,4.2939,19.065923,0.037147,-0.008411,4.2594,0.0099,-0.003387,0.430250,0.4760,19.065923,0.037147,0.349395,5.0000,-1.000000,-0.289315,130.6719,0,1,clay,1.0000,0.500000,0,0,0.000000,0.000000,0.000000,0,nan,0.00,0.890331,0.5336,0.0004,0.470095,0.4986,0.46,5.14,6.06,5.08,-0.597780,-14.3692,-0.7061,0.008000,0.128974,-0.9168,0.023516,-0.188303,-0.250841,2221.7695154648763,-1688.7051906891004,3104.252695350844,-676.0142507920974,0.545858,-0.027114,6422.6,6198.0,0.190668,0.050513,-1.000000,4.2568,1.0000,,,,,
6.3000,1778836338.866386,525,19.130263,-0.084964,-0.018190,4.3222,-0.1767,-0.088156,19.180918,-0.015235,-0.012850,4.2996,19.156080,-0.086300,-0.018522,4.2722,-0.0089,-0.001469,0.461097,0.4640,19.156080,-0.086300,0.165787,5.0000,1.000000,-0.312970,135.0252,0,1,clay,1.0000,0.500000,0,0,0.000000,0.000000,0.000000,0,nan,0.00,0.913058,0.5348,0.0004,0.482095,0.4949,0.45,5.13,6.03,5.04,-0.601235,-14.4356,-0.7004,0.008000,0.206712,-0.7967,0.033592,-0.257551,-0.308615,2131.2990331526394,-278.171235568728,3047.979484943413,-567.8679064739858,0.535718,-0.020621,6414.7,6205.8,0.204364,0.042376,-1.000000,4.2694,1.0000,,,,,
6.3120,1778836338.878390,526,19.163096,0.004643,-0.025831,4.2860,-0.0669,-0.068757,19.232493,-0.018156,-0.013711,4.3024,19.188796,0.003251,-0.026108,4.2754,0.0001,0.008631,0.450803,0.4881,19.188796,0.003251,0.220810,5.0000,1.000000,-0.257643,167.0279,0,1,clay,1.0000,0.500000,0,0,0.000000,0.000000,0.000000,0,nan,0.00,0.935785,0.5359,0.0003,0.494095,0.4918,0.45,5.12,6.01,5.04,-0.604156,-14.4850,-0.6976,0.008000,0.014240,-1.0963,0.018372,-0.171231,-0.217775,2325.310264159291,-1383.0094509247826,3565.3996738934047,-546.330483720047,0.542969,-0.018911,6417.3,6203.2,0.199878,0.050634,1.000000,4.2726,1.0000,,,,,
6.3240,1778836338.890477,527,19.252811,-0.097530,-0.017579,4.3290,-0.0956,-0.054974,19.284119,-0.020565,-0.014318,4.3050,19.278558,-0.098611,-0.017796,4.2862,0.0019,0.018704,0.446570,0.5001,19.278558,-0.098611,0.176226,5.0000,1.000000,-0.280672,174.4057,0,1,clay,1.0000,0.500000,0,0,0.000000,0.000000,0.000000,0,nan,0.00,0.958513,0.5369,0.0003,0.506095,0.4884,0.45,5.13,6.02,5.19,-0.606565,-14.5197,-0.6950,0.008000,0.131668,-0.6557,0.017605,-0.271450,-0.304694,2771.0928012341433,-332.4035206309056,3584.387783920112,-464.73761856773274,0.550000,-0.015136,6418.5,6202.1,0.197861,0.042121,1.000000,4.2835,1.0000,,,,,
6.3360,1778836338.903003,528,19.306422,0.035726,-0.010985,4.3675,-0.0045,-0.036601,19.335793,-0.022572,-0.014742,4.3102,19.332319,0.035031,-0.011134,4.3025,0.0200,0.030541,0.441980,0.5121,19.332319,0.035031,0.233327,5.0000,1.000000,-0.323451,137.2157,0,1,clay,1.0000,0.500000,0,0,0.000000,0.000000,0.000000,0,nan,0.00,0.981240,0.5378,0.0003,0.518095,0.4845,0.45,5.14,6.03,5.20,-0.608572,-14.5440,-0.6898,0.008000,0.044977,-0.5921,0.018085,-0.247993,-0.304913,2210.940215980432,-691.3537836098078,3571.212069229687,-459.19447636403675,0.550000,-0.014771,6419.6,6201.0,0.195897,0.054243,1.000000,4.2998,1.0000,,,,,
6.3480,1778836338.914480,529,19.367540,-0.030951,-0.017437,4.3549,-0.0759,-0.026106,19.387562,-0.024397,-0.015135,4.3187,19.393565,-0.031701,-0.017519,4.3131,0.0224,0.042203,0.444792,0.5241,19.393565,-0.031701,0.166797,5.0000,0.825441,-0.274889,158.1339,0,1,clay,1.0000,0.500000,0,0,0.000000,0.000000,0.000000,0,nan,0.00,1.000000,0.5387,0.0003,0.528000,0.4812,0.45,5.14,6.04,5.14,-0.672397,-15.0177,-0.6813,0.008000,0.133439,-1.1302,0.027813,-0.221544,-0.259393,2893.0830389817493,-567.639060799669,3575.882867898349,-356.1935637486456,0.550000,-0.010477,6418.8,6201.7,0.197254,0.039476,1.000000,4.3104,1.0000,,,,,
6.3600,1778836338.926398,530,19.456462,-0.069402,-0.015307,4.2870,-0.0437,-0.006183,19.439371,-0.025785,-0.015327,4.3197,19.482435,-0.069933,-0.015313,4.3086,0.0296,0.054569,0.438865,0.5330,19.482435,-0.069933,0.183290,5.0000,0.000000,-0.301505,173.2810,0,1,clay,1.0000,0.500000,0,0,0.000000,0.000000,0.000000,0,nan,0.00,1.000000,0.5395,0.0003,0.528000,0.4776,0.45,5.13,6.03,5.10,-0.673785,-15.0287,-0.6803,0.008000,0.073061,-0.6319,0.001946,-0.189828,-0.204954,2757.930302898445,-45.53524689479946,3752.1056845465864,-264.8018303961122,0.550000,-0.006967,6420.4,6200.2,0.194507,0.050110,0.825441,4.3059,1.0000,,,,,
6.3720,1778836338.938420,531,19.446715,-0.026306,-0.013069,4.3350,-0.0260,0.004730,19.491241,-0.026678,-0.015278,4.3247,19.472693,-0.026619,-0.013007,4.3142,0.0370,0.064590,0.433988,0.5280,19.472693,-0.026619,0.174358,5.0000,-1.000000,-0.257419,161.5988,0,1,clay,1.0000,0.500000,0,0,0.000000,0.000000,0.000000,0,nan,0.00,0.977273,0.5402,0.0003,0.516000,0.4745,0.45,5.13,6.02,5.13,-0.674678,-15.0258,-0.6753,0.008000,0.050831,0.2167,0.013894,-0.198426,-0.206923,2781.4756495663505,-352.9262203444921,3186.566412340411,-188.72629477280003,0.550000,-0.004083,6421.6,6199.0,0.192424,0.037357,0.000000,4.3115,1.0000,,,,,
6.3840,1778836338.950413,532,19.546634,-0.049748,-0.013289,4.2894,-0.0531,0.018809,19.543167,-0.027101,-0.015036,4.3292,19.572589,-0.049961,-0.013164,4.3099,0.0361,0.072609,0.433244,0.5100,19.572589,-0.049961,0.186019,5.0000,-1.000000,-0.242569,142.1134,0,1,clay,1.0000,0.500000,0,0,0.000000,0.000000,0.000000,0,nan,0.00,0.954545,0.5409,0.0002,0.504000,0.4716,0.45,5.12,6.01,5.07,-0.675101,-15.0120,-0.6708,0.008000,0.105940,-0.0150,0.009418,-0.115309,-0.102370,2791.364301449268,-58.46656072575581,3046.2597160607834,-67.85251235149227,0.542670,0.000532,6421.9,6198.7,0.191978,0.048640,-1.000000,4.3072,1.0000,,,,,
6.3960,1778836338.962385,533,19.624403,0.043954,-0.014360,4.2697,-0.0295,0.027523,19.595156,-0.027137,-0.014653,4.3338,19.650243,0.043835,-0.014177,4.3026,0.0390,0.080034,0.428271,0.4980,19.650243,0.043835,0.256636,5.0000,1.000000,-0.280698,143.2174,0,1,clay,1.0000,0.500000,0,0,0.000000,0.000000,0.000000,0,nan,0.00,0.977273,0.5415,0.0002,0.516000,0.4682,0.44,5.12,6.00,5.09,-0.675137,-14.9900,-0.6662,0.008000,0.132992,-0.3215,-0.002437,-0.176488,-0.162141,2909.6850095175864,-23.79846977703255,3002.914222314252,25.3067128577909,0.524900,0.003874,6423.1,6197.4,0.189741,0.052716,-1.000000,4.3000,1.0000,,,,,
6.4080,1778836338.974469,534,19.709937,-0.046983,-0.013348,4.3738,0.0462,0.042440,19.647199,-0.026855,-0.014170,4.3379,19.735899,-0.046829,-0.013085,4.3168,0.0599,0.094375,0.424748,0.5220,19.735899,-0.046829,0.195280,5.0000,1.000000,-0.240974,166.3960,0,1,clay,1.0000,0.500000,0,0,0.000000,0.000000,0.000000,0,nan,0.00,1.000000,0.5421,0.0002,0.528000,0.4653,0.45,5.12,6.01,5.11,-0.738855,-15.3733,-0.6621,0.008000,0.135307,0.3049,-0.004091,-0.141949,-0.146270,2497.827649079163,-549.6102635908369,3458.556746239233,42.24401341973359,0.527697,0.004297,6424.0,6196.6,0.188287,0.031400,1.000000,4.3143,1.0000,,,,,
6.4200,1778836338.986373,535,19.714362,-0.008211,-0.010814,4.2999,0.0735,0.050691,19.699293,-0.026263,-0.013584,4.3416,19.740275,-0.007751,-0.010480,4.3140,0.0810,0.106532,0.422946,0.5340,19.740275,-0.007751,0.188834,5.0000,0.000000,-0.252085,152.3440,0,1,clay,1.0000,0.500000,0,0,0.000000,0.000000,0.000000,0,nan,0.00,1.000000,0.5426,0.0002,0.528000,0.4623,0.45,5.12,6.01,5.17,-0.738263,-15.3397,-0.6584,0.008000,0.097911,0.8268,-0.008960,-0.108078,-0.118806,2713.61212853103,-494.07301581945853,3474.6760399579093,39.95663509363007,0.530517,0.004059,6424.5,6196.1,0.187385,0.047845,1.000000,4.3115,1.0000,,,,,
6.4320,1778836338.998331,536,19.707511,-0.086408,-0.014047,4.3226,0.0662,0.058961,19.751430,-0.025358,-0.012885,4.3448,19.733455,-0.085847,-0.013653,4.3162,0.0945,0.115323,0.419275,0.5280,19.733455,-0.085847,0.142230,5.0000,0.000000,-0.205919,157.4016,0,1,clay,1.0000,0.500000,0,0,0.000000,0.000000,0.000000,0,nan,0.00,1.000000,0.5431,0.0002,0.528000,0.4598,0.44,5.15,6.04,5.30,-0.737358,-15.2997,-0.6552,0.008000,0.016640,0.1076,-0.017251,-0.117473,-0.137801,2530.3146075201225,838.3744897494421,3158.4093781241877,69.18627482971445,0.522846,0.004825,6425.4,6195.2,0.185794,0.042264,0.000000,4.3136,1.0000,,,,,
6.4440,1778836339.010519,537,19.856066,-0.070350,-0.017941,4.2875,0.0654,0.060648,19.803632,-0.024237,-0.012136,4.3509,19.882202,-0.069725,-0.017490,4.3111,0.1064,0.123901,0.423507,0.5280,19.882202,-0.069725,0.143024,5.0000,0.000000,-0.203468,163.9140,0,1,clay,1.0000,0.500000,0,0,0.000000,0.000000,0.000000,0,nan,0.00,1.000000,0.5436,0.0002,0.528000,0.4574,0.46,5.15,6.06,5.15,-0.736237,-15.2567,-0.6491,0.008000,0.142510,-0.5650,-0.038084,-0.111301,-0.129903,2680.3974833105335,-74.65107761597471,3148.751079437794,88.22301588854765,0.516561,0.005613,6424.4,6196.2,0.187545,0.050940,0.000000,4.3086,1.0000,,,,,
6.4560,1778836339.022357,538,19.829170,-0.078416,-0.009793,4.2386,0.1179,0.066270,19.855879,-0.022810,-0.011277,4.3534,19.855216,-0.077385,-0.009294,4.2975,0.1247,0.131090,0.415030,0.5280,19.855216,-0.077385,0.150912,5.0000,-1.000000,-0.205866,154.7908,0,1,clay,1.0000,0.500000,0,0,0.000000,0.000000,0.000000,0,nan,0.00,0.977273,0.5440,0.0002,0.516000,0.4549,0.45,5.14,6.05,5.08,-0.734810,-15.2075,-0.6466,0.008000,0.048244,0.2008,-0.062592,-0.089921,-0.121274,2487.3977161009125,-191.41863500977672,3127.0242931162984,62.60683980706045,0.508680,0.004334,6426.5,6194.0,0.183795,0.062934,0.000000,4.2950,1.0000,,,,,
6.4680,1778836339.034421,539,19.908058,-0.063998,-0.013824,4.3597,0.0521,0.090434,19.908146,-0.020967,-0.010254,4.3543,19.934123,-0.062976,-0.013271,4.3100,0.1248,0.137647,0.406309,0.5100,19.934123,-0.062976,0.148145,5.0000,-1.000000,-0.243649,122.7669,0,1,clay,1.0000,0.500000,0,0,0.000000,0.000000,0.000000,0,nan,0.00,0.954545,0.5445,0.0002,0.504000,0.4520,0.45,5.13,6.04,5.07,-0.798767,-15.5065,-0.6457,0.008000,0.005485,-0.2273,-0.044906,-0.092897,-0.116909,2316.572413785273,432.6571609324111,2961.892319851009,210.93141867636632,0.491654,0.008089,6428.8,6191.8,0.179950,0.036408,-1.000000,4.3075,1.0000,,,,,
6.4800,1778836339.046408,540,19.958623,-0.013945,-0.015095,4.3554,0.0280,0.096672,19.960439,-0.018785,-0.009109,4.3570,19.984679,-0.012897,-0.014494,4.3192,0.1206,0.143938,0.399149,0.4980,19.984679,-0.012897,0.140680,5.0000,1.000000,-0.292659,123.6801,0,1,clay,1.0000,0.500000,0,0,0.000000,0.000000,0.000000,0,nan,0.00,0.977273,0.5448,0.0002,0.516000,0.4485,0.45,5.13,6.03,5.16,-0.796585,-15.4409,-0.6430,0.008000,0.054461,-0.4897,-0.040757,-0.038222,-0.039978,3016.0623195792214,455.55782583064064,2937.3604316576184,362.4209246302967,0.476253,0.012663,6430.5,6190.1,0.176888,0.039507,-1.000000,4.3168,1.0000,,,,,
6.4920,1778836339.058406,541,19.974936,-0.101411,-0.008567,4.3798,-0.0301,0.103391,20.012770,-0.016272,-0.007874,4.3604,20.001083,-0.100154,-0.007901,4.3314,0.1121,0.155889,0.391304,0.5220,20.001083,-0.100154,0.161612,5.0000,1.000000,-0.266304,141.3463,0,1,clay,1.0000,0.500000,0,0,0.000000,0.000000,0.000000,0,nan,0.00,1.000000,0.5452,0.0002,0.528000,0.4453,0.45,5.13,6.03,5.12,-0.794072,-15.3701,-0.6396,0.008000,0.067406,-0.1527,-0.024198,-0.127705,-0.116885,2552.8245100434597,417.4994058996657,3360.2251679257984,586.2405760664471,0.487670,0.019426,6432.4,6188.1,0.173555,0.035022,1.000000,4.3290,1.0000,,,,,
6.5040,1778836339.070488,542,20.147482,-0.082961,-0.009055,4.3250,0.2178,0.106793,20.065135,-0.013517,-0.006588,4.3632,20.173681,-0.081399,-0.008332,4.3306,0.1488,0.165781,0.388045,0.5340,20.173681,-0.081399,0.122685,5.0000,0.000000,-0.270658,132.9152,0,1,clay,1.0000,0.500000,0,0,0.000000,0.000000,0.000000,0,nan,0.00,1.000000,0.5454,0.0002,0.528000,0.4420,0.46,5.13,6.05,5.12,-0.791317,-15.2965,-0.6368,0.008000,0.152579,-0.1651,-0.017170,-0.092818,-0.117408,2580.0478134631453,630.2033168466091,3362.6324630915865,434.34675912067576,0.487818,0.014092,6433.3,6187.3,0.172047,0.045677,1.000000,4.3282,1.0000,,,,,
6.5160,1778836339.082477,543,20.152687,-0.047122,-0.001275,4.3584,0.0721,0.112776,20.117516,-0.010443,-0.005222,4.3638,20.178900,-0.045275,-0.000508,4.3363,0.1501,0.171962,0.374693,0.5280,20.178900,-0.045275,0.167233,5.0000,0.000000,-0.227025,142.3575,0,1,clay,1.0000,0.500000,0,0,0.000000,0.000000,0.000000,0,nan,0.00,1.000000,0.5457,0.0001,0.528000,0.4393,0.46,5.14,6.06,5.21,-0.788243,-15.2182,-0.6362,0.008000,0.021894,0.1359,-0.025235,-0.117107,-0.131106,2335.9345762347075,1348.9142992660145,3172.386214021615,539.4820356992394,0.484408,0.016738,6436.7,6183.9,0.166163,0.040048,0.000000,4.3341,1.0000,,,,,
6.5280,1778836339.094301,544,19.991562,-0.022047,-0.002951,4.2649,0.1363,0.120158,20.169893,-0.007066,-0.003787,4.3635,20.017672,-0.020094,-0.002141,4.3229,0.1629,0.178548,0.362293,0.5280,20.017672,-0.020094,0.154486,5.0000,0.000000,-0.203979,128.9034,0,1,clay,1.0000,0.500000,0,0,0.000000,0.000000,0.000000,0,nan,0.00,1.000000,0.5459,0.0001,0.528000,0.4369,0.45,5.14,6.04,5.16,-0.852266,-15.4814,-0.6365,0.008000,0.183871,-0.1790,-0.035640,-0.127420,-0.145327,2702.8373122860066,1152.5603610887977,3157.3505093570325,551.1032201324837,0.478076,0.016634,6439.9,6180.7,0.160571,0.059630,0.000000,4.3207,1.0000,,,,,
6.5400,1778836339.106379,545,20.245826,-0.080367,-0.005721,4.4157,0.1266,0.115450,20.222307,-0.003484,-0.002358,4.3689,20.272087,-0.078379,-0.004879,4.3415,0.1718,0.183397,0.396048,0.5280,20.272087,-0.078379,0.128711,5.0000,0.000000,-0.222627,124.6219,0,1,clay,1.0000,0.500000,0,0,0.000000,0.000000,0.000000,0,nan,0.00,1.000000,0.5462,0.0001,0.528000,0.4342,0.45,5.14,6.04,5.11,-0.848684,-15.3995,-0.6311,0.008000,0.081628,-0.2063,-0.019019,-0.103275,-0.120448,2093.695856150842,-510.49973490323896,3183.2148963461354,525.7394392256392,0.474076,0.016509,6431.4,6189.2,0.175414,0.030571,0.000000,4.3391,1.0000,,,,,
6.5520,1778836339.118368,546,20.265011,0.009240,0.000752,4.2926,0.1442,0.099690,20.274828,-0.000021,-0.001123,4.3763,20.291182,0.011472,0.001601,4.3324,0.1819,0.184476,0.388046,0.5280,20.291182,0.011472,0.165092,5.0000,0.000000,-0.277160,126.8905,0,1,clay,1.0000,0.500000,0,0,0.000000,0.000000,0.000000,0,nan,0.00,1.000000,0.5463,0.0001,0.528000,0.4309,0.45,5.14,6.05,5.16,-0.845221,-15.3288,-0.6237,0.008000,0.074670,0.3353,-0.023423,-0.100918,-0.121158,1385.4517355023281,373.02434346827397,3128.287331248323,432.74503460758206,0.470900,0.014513,6433.4,6187.2,0.171931,0.060900,0.000000,4.3301,1.0000,,,,,
6.5640,1778836339.130432,547,20.398821,-0.097718,0.004353,4.3191,0.1452,0.095136,20.327403,0.003441,0.000033,4.3829,20.425016,-0.095332,0.005206,4.3303,0.1904,0.184825,0.387257,0.5280,20.425016,-0.095332,0.145942,5.0000,0.000000,-0.221502,143.0030,0,1,clay,1.0000,0.500000,0,0,0.000000,0.000000,0.000000,0,nan,0.00,1.000000,0.5465,0.0001,0.528000,0.4282,0.46,5.14,6.05,5.15,-0.841759,-15.2625,-0.6171,0.008000,0.123863,0.0309,-0.011099,-0.085878,-0.106924,1820.2701850179506,707.3770039228225,3116.7448367117304,365.2408141313392,0.468677,0.012487,6433.5,6187.1,0.171729,0.055577,0.000000,4.3279,1.0000,,,,,
6.5760,1778836339.142438,548,20.324593,-0.075920,-0.000157,4.4354,0.2394,0.107671,20.379987,0.007236,0.001324,4.3799,20.351001,-0.073470,0.000713,4.3510,0.2141,0.187462,0.372225,0.5280,20.351001,-0.073470,0.135830,5.0000,0.000000,-0.236860,124.2896,0,1,clay,1.0000,0.500000,0,0,0.000000,0.000000,0.000000,0,nan,0.00,1.000000,0.5466,0.0001,0.528000,0.4254,0.46,5.13,6.06,5.08,-0.906964,-15.5004,-0.6201,0.008000,0.058612,-0.0373,-0.001883,-0.161614,-0.218660,2475.8574979083437,330.3420644178736,3143.0824034813622,260.7128953656228,0.462138,0.007556,6437.4,6183.2,0.164945,0.029923,0.000000,4.3488,1.0000,,,,,
6.5880,1778836339.154393,549,20.447479,0.011944,-0.007485,4.3653,0.1277,0.128931,20.432472,0.011402,0.002781,4.3723,20.473851,0.014242,-0.006583,4.3540,0.2129,0.192492,0.340490,0.5280,20.473851,0.014242,0.165184,5.0000,0.000000,-0.198370,138.8294,0,1,clay,1.0000,0.500000,0,0,0.000000,0.000000,0.000000,0,nan,0.00,1.000000,0.5468,0.0001,0.528000,0.4230,0.46,5.13,6.05,5.10,-0.902798,-15.4169,-0.6277,0.008000,0.029948,-0.4231,-0.007163,-0.098623,-0.152260,3401.0292970291393,2073.772345198693,3171.8001252656245,398.91496959803806,0.460140,0.010211,6445.4,6175.2,0.150972,0.038626,0.000000,4.3520,1.0000,,,,,
6.6000,1778836339.166436,550,20.464112,0.010179,0.007821,4.2943,0.2071,0.132191,20.484912,0.015975,0.004361,4.3719,20.490276,0.013001,0.008750,4.3428,0.2259,0.196937,0.334274,0.5280,20.490276,0.013001,0.180328,5.0000,0.000000,-0.194832,133.1735,0,1,clay,1.0000,0.500000,0,0,0.000000,0.000000,0.000000,0,nan,0.00,1.000000,0.5469,0.0001,0.528000,0.4207,0.45,5.14,6.04,5.19,-0.898225,-15.3264,-0.6281,0.008000,0.083107,0.0076,-0.029682,-0.105021,-0.169906,2945.8463812473765,1468.7594157479853,3155.001639471695,366.0333243054192,0.454559,0.009096,6447.0,6173.6,0.148122,0.053837,0.000000,4.3408,1.0000,,,,,
6.6120,1778836339.178406,551,20.548032,0.064639,0.011019,4.4491,0.1984,0.139396,20.537363,0.020912,0.006020,4.3738,20.574307,0.067657,0.011981,4.3638,0.2351,0.202094,0.328246,0.5280,20.574307,0.067657,0.177509,5.0000,0.000000,-0.215147,116.4387,0,1,clay,1.0000,0.500000,0,0,0.000000,0.000000,0.000000,0,nan,0.00,1.000000,0.5470,0.0001,0.528000,0.4181,0.45,5.16,6.05,5.29,-0.893288,-15.2313,-0.6262,0.008000,0.123686,0.1588,-0.007600,-0.109101,-0.163159,2945.9323360415015,913.3961181865056,3196.717492186576,399.05206285715764,0.450452,0.009069,6448.5,6172.0,0.145451,0.019397,0.000000,4.3618,1.0000,,,,,
6.6240,1778836339.190420,552,20.613169,0.014182,0.009231,4.3463,0.1434,0.140134,20.589829,0.026136,0.007712,4.3762,20.639528,0.017196,0.010225,4.3607,0.2330,0.206536,0.325422,0.5280,20.639528,0.017196,0.143405,5.0000,0.000000,-0.210429,116.7158,0,1,clay,1.0000,0.500000,0,0,0.000000,0.000000,0.000000,0,nan,0.00,1.000000,0.5471,0.0001,0.528000,0.4156,0.45,5.17,6.06,5.22,-0.888064,-15.1344,-0.6238,0.008000,0.017299,-0.4273,-0.015031,-0.103308,-0.148896,3092.0531492497043,900.324556350994,3183.32566238075,472.826290645016,0.449178,0.011587,6449.2,6171.3,0.144261,0.041176,0.000000,4.3588,1.0000,,,,,
6.6360,1778836339.202363,553,20.581550,-0.100987,0.010108,4.3784,0.1691,0.145219,20.642316,0.031671,0.009452,4.3775,20.607945,-0.097886,0.011131,4.3645,0.2357,0.210813,0.320247,0.5280,20.607945,-0.097886,0.124869,5.0000,0.000000,-0.166912,123.4147,0,1,clay,1.0000,0.500000,0,0,0.000000,0.000000,0.000000,0,nan,0.00,1.000000,0.5471,0.0001,0.528000,0.4136,0.44,5.16,6.05,5.12,-0.952829,-15.2954,-0.6225,0.008000,0.180788,-0.3212,0.003461,-0.110755,-0.148185,2800.6290325923164,617.795561935454,3198.8491278018896,529.1772251024371,0.446771,0.012845,6450.5,6170.0,0.141963,0.034373,0.000000,4.3626,1.0000,,,,,
6.6480,1778836339.214400,554,20.696593,-0.000195,0.004270,4.3953,0.2188,0.157158,20.694782,0.037570,0.011283,4.3775,20.722962,0.002867,0.005324,4.3708,0.2464,0.215989,0.311267,0.5280,20.722962,0.002867,0.143380,5.0000,0.000000,-0.162994,128.7082,0,1,clay,1.0000,0.500000,0,0,0.000000,0.000000,0.000000,0,nan,0.00,1.000000,0.5472,0.0001,0.528000,0.4116,0.44,5.16,6.03,5.14,-0.946930,-15.1906,-0.6225,0.008000,0.035501,-0.5266,-0.012184,-0.106465,-0.147805,2912.9441694163147,1115.8264245162154,3233.3596166390666,554.1296902566635,0.441874,0.012550,6452.9,6167.7,0.137881,0.027472,0.000000,4.3689,1.0000,,,,,
6.6600,1778836339.226434,555,20.777363,0.084104,0.007882,4.4264,0.2218,0.158843,20.747224,0.043815,0.013190,4.3757,20.803788,0.087370,0.008967,4.3818,0.2557,0.220682,0.295873,0.5280,20.803788,0.087370,0.138896,5.0000,0.000000,-0.166949,109.2184,0,1,clay,1.0000,0.500000,0,0,0.000000,0.000000,0.000000,0,nan,0.00,1.000000,0.5473,0.0001,0.528000,0.4096,0.44,5.15,6.03,5.08,-0.940685,-15.0813,-0.6243,0.008000,0.058077,-0.6971,0.008791,-0.103476,-0.144983,3277.1026811402107,1803.6125192267787,3238.0892697804397,561.3109925536462,0.437809,0.012288,6456.8,6163.8,0.131074,0.020523,0.000000,4.3800,1.0000,,,,,
6.6720,1778836339.238412,556,20.816828,0.013453,0.024046,4.3672,0.2353,0.166230,20.799652,0.050404,0.015167,4.3762,20.843128,0.017251,0.025161,4.3793,0.2655,0.225463,0.287444,0.5280,20.843128,0.017251,0.164035,5.0000,0.000000,-0.172932,113.6797,0,1,clay,1.0000,0.500000,0,0,0.000000,0.000000,0.000000,0,nan,0.00,1.000000,0.5474,0.0001,0.528000,0.4075,0.44,5.15,6.03,5.18,-0.934096,-14.9680,-0.6238,0.008000,0.071320,0.0205,0.008514,-0.098229,-0.142438,2830.3295905164096,1043.6096995892083,3243.8778975085106,568.3727336773393,0.433198,0.012071,6458.9,6161.7,0.127361,0.033267,0.000000,4.3775,1.0000,,,,,
6.6840,1778836339.250379,557,20.862848,0.056317,0.015264,4.3347,0.2391,0.168411,20.852077,0.057318,0.017197,4.3789,20.889137,0.059985,0.016407,4.3710,0.2741,0.229784,0.284171,0.5280,20.889137,0.059985,0.152559,5.0000,0.000000,-0.159533,115.7989,0,1,clay,1.0000,0.500000,0,0,0.000000,0.000000,0.000000,0,nan,0.00,1.000000,0.5475,0.0001,0.528000,0.4056,0.44,5.15,6.02,5.12,-0.927182,-14.8517,-0.6211,0.008000,0.109154,-0.2404,-0.019001,-0.106348,-0.144577,3245.82351703757,1070.7437632544923,3232.75476306525,563.0557884573269,0.429019,0.011909,6459.7,6160.8,0.125932,0.040979,0.000000,4.3692,1.0000,,,,,
6.6960,1778836339.262390,558,20.857955,0.035613,0.015938,4.3791,0.3095,0.172166,20.904472,0.064557,0.019287,4.3762,20.884245,0.039464,0.017107,4.3727,0.2936,0.233955,0.262231,0.5280,20.884245,0.039464,0.155520,5.0000,0.000000,-0.138614,120.6695,0,1,clay,1.0000,0.500000,0,0,0.000000,0.000000,0.000000,0,nan,0.00,1.000000,0.5475,0.0001,0.528000,0.4039,0.44,5.15,6.03,5.19,-0.991443,-14.9701,-0.6238,0.008000,0.059284,0.1874,-0.016923,-0.083820,-0.138174,2786.780486197177,1481.6574183567209,3234.8677529842334,483.74398368752907,0.422496,0.008926,6465.3,6155.3,0.116209,0.030120,0.000000,4.3712,1.0000,,,,,
6.7080,1778836339.274396,559,20.872781,0.099889,0.020087,4.3685,0.2956,0.181552,20.956837,0.072154,0.021467,4.3755,20.899040,0.103982,0.021288,4.3721,0.3068,0.238822,0.249304,0.5280,20.899040,0.103982,0.151956,5.0000,0.000000,-0.152425,107.2148,0,1,clay,1.0000,0.500000,0,0,0.000000,0.000000,0.000000,0,nan,0.00,1.000000,0.5476,0.0001,0.528000,0.4021,0.44,5.16,6.03,5.20,-0.983846,-14.8452,-0.6245,0.008000,0.059069,-0.4788,-0.005611,-0.080694,-0.139352,3223.943094669456,1064.4292217309044,3257.0525602357334,473.15473932999856,0.417149,0.007850,6468.6,6151.9,0.110446,0.032952,0.000000,4.3706,1.0000,,,,,
6.7200,1778836339.286450,560,20.994895,0.114517,0.022844,4.3234,0.2255,0.186574,21.009182,0.080034,0.023693,4.3764,21.021169,0.118735,0.024081,4.3630,0.3051,0.243709,0.247785,0.5280,21.021169,0.118735,0.157394,5.0000,0.000000,-0.139317,105.9605,0,1,clay,1.0000,0.500000,0,0,0.000000,0.000000,0.000000,0,nan,0.00,1.000000,0.5477,0.0001,0.528000,0.4004,0.44,5.15,6.03,5.08,-0.975966,-14.7176,-0.6236,0.008000,0.020954,-0.5355,-0.035079,-0.089143,-0.136218,2819.0420365382643,882.8090045898351,3259.8793005309103,566.2926208438674,0.415330,0.010485,6469.0,6151.6,0.109813,0.043601,0.000000,4.3615,1.0000,,,,,
6.7320,1778836339.299758,561,21.084962,0.120609,0.022939,4.3631,0.2949,0.189840,21.061509,0.088197,0.025969,4.3757,21.111169,0.124932,0.024200,4.3632,0.3158,0.247917,0.235658,0.5280,21.111169,0.124932,0.160016,5.0000,0.000000,-0.131449,104.9768,0,1,clay,1.0000,0.500000,0,0,0.000000,0.000000,0.000000,0,nan,0.00,1.000000,0.5479,0.0001,0.528000,0.3989,0.44,5.15,6.03,5.14,-0.967803,-14.5873,-0.6243,0.008000,0.043808,-0.4549,-0.031470,-0.076025,-0.130047,2759.4946681717397,986.7211534455371,3270.49646019701,557.9943636101465,0.410792,0.009766,6472.1,6148.5,0.104422,0.012572,0.000000,4.3618,1.0000,,,,,
6.7440,1778836339.310474,562,21.094407,0.080800,0.030005,4.3015,0.2635,0.197451,21.113676,0.096766,0.028424,4.3612,21.120530,0.085379,0.031299,4.3512,0.3189,0.252651,0.167683,0.5280,21.120530,0.085379,0.172140,5.0000,0.000000,-0.057083,113.1575,0,1,clay,1.0000,0.500000,0,0,0.000000,0.000000,0.000000,0,nan,0.00,1.000000,0.5480,0.0001,0.528000,0.3982,0.44,5.16,6.05,5.24,-0.959234,-14.4466,-0.6388,0.008000,0.127028,-0.1265,-0.046385,-0.076712,-0.127126,2084.2973157078686,1350.0012598177996,3250.709332058608,620.2016032311653,0.407656,0.011189,6489.3,6131.3,0.074389,0.064212,0.000000,4.3501,1.0000,,,,,
6.7560,1778836339.322402,563,21.154033,0.171541,0.034921,4.3649,0.2285,0.215334,21.165852,0.105803,0.031068,4.3682,21.180189,0.176306,0.036262,4.3543,0.3153,0.259519,0.208045,0.5280,21.180189,0.176306,0.167569,5.0000,0.000000,-0.072015,104.8397,0,1,clay,1.0000,0.500000,0,0,0.000000,0.000000,0.000000,0,nan,0.00,1.000000,0.5482,0.0001,0.528000,0.3973,0.44,5.16,6.04,5.16,-1.022697,-14.4803,-0.6318,0.008000,0.107524,0.4583,-0.048892,-0.089189,-0.122380,2056.527139489909,1578.442798977621,3371.13122543675,830.3635346159904,0.405741,0.015218,6479.2,6141.4,0.092012,0.041326,0.000000,4.3530,1.0000,,,,,
6.7680,1778836339.334330,564,21.129376,0.159558,0.031070,4.3930,0.3108,0.212556,21.218011,0.115102,0.033711,4.3741,21.155551,0.164342,0.032441,4.3622,0.3269,0.264512,0.245087,0.5280,21.155551,0.164342,0.164406,5.0000,0.000000,-0.121268,97.8322,0,1,clay,1.0000,0.500000,0,0,0.000000,0.000000,0.000000,0,nan,0.00,1.000000,0.5484,0.0001,0.528000,0.3959,0.44,5.16,6.03,5.15,-1.013398,-14.3289,-0.6259,0.008000,0.112735,0.0020,-0.050638,-0.083542,-0.118987,2318.75412884125,-67.47937869106602,3369.1558165982506,799.1648751916343,0.400949,0.014577,6469.8,6150.8,0.108407,0.036055,0.000000,4.3608,1.0000,,,,,
6.7800,1778836339.346349,565,21.261455,0.043910,0.036703,4.3799,0.2513,0.187899,21.270275,0.124218,0.036073,4.3799,21.287616,0.048832,0.038074,4.3658,0.3257,0.264502,0.214871,0.5280,21.287616,0.048832,0.155285,5.0000,0.000000,-0.101967,109.9255,0,1,clay,1.0000,0.500000,0,0,0.000000,0.000000,0.000000,0,nan,0.00,1.000000,0.5486,0.0000,0.528000,0.3946,0.44,5.16,6.03,5.18,-1.004282,-14.1935,-0.6201,0.008000,0.050138,-0.6304,-0.043558,-0.092428,-0.122337,1377.953444048905,1060.639461363652,3245.368265551328,729.5183928782375,0.401336,0.014843,6477.4,6143.2,0.095197,0.037025,0.000000,4.3645,1.0000,,,,,
6.7920,1778836339.358402,566,21.362742,0.191675,0.035535,4.4464,0.2670,0.188591,21.322550,0.133334,0.038343,4.3825,21.389024,0.196589,0.036908,4.3816,0.3277,0.264794,0.210913,0.5280,21.389024,0.196589,0.172571,5.0000,0.000000,-0.125220,107.3716,0,1,clay,1.0000,0.500000,0,0,0.000000,0.000000,0.000000,0,nan,0.00,1.000000,0.5488,0.0000,0.528000,0.3931,0.44,5.16,6.04,5.16,-0.995166,-14.0635,-0.6175,0.008000,0.070844,-0.2206,-0.019051,-0.096439,-0.124631,1940.775058248094,1123.0197102869986,3272.249064392547,731.3490189141334,0.401283,0.014369,6478.4,6142.2,0.093398,0.022308,0.000000,4.3803,1.0000,,,,,
6.8040,1778836339.370395,567,21.363821,0.062177,0.039522,4.4427,0.2904,0.190331,21.374810,0.142649,0.040647,4.3834,21.390133,0.067234,0.040897,4.3936,0.3334,0.265226,0.203695,0.5280,21.390133,0.067234,0.158423,5.0000,0.000000,-0.121079,110.3860,0,1,clay,1.0000,0.500000,0,0,0.000000,0.000000,0.000000,0,nan,0.00,1.000000,0.5490,0.0000,0.528000,0.3917,0.43,5.16,6.03,5.14,-0.985851,-13.9314,-0.6166,0.008000,0.066973,-0.0562,-0.006558,-0.104510,-0.129784,2129.1252321454976,769.4662867607907,3284.6173893736386,698.0231652502753,0.400084,0.013090,6480.2,6140.4,0.090272,0.022521,0.000000,4.3924,1.0000,,,,,
6.8160,1778836339.382393,568,21.409687,0.188915,0.034134,4.4308,0.2355,0.196690,21.427041,0.152273,0.043042,4.3816,21.436014,0.193801,0.035514,4.4010,0.3281,0.266448,0.194534,0.5280,21.436014,0.193801,0.172807,5.0000,0.000000,-0.129314,109.4924,0,1,clay,1.0000,0.500000,0,0,0.000000,0.000000,0.000000,0,nan,0.00,1.000000,0.5492,0.0000,0.528000,0.3901,0.43,5.15,6.01,5.13,-1.049527,-13.9571,-0.6184,0.008000,0.074873,-0.6323,0.002761,-0.118360,-0.130633,2292.313700868607,1174.9425633526803,3316.58701871426,787.1495428652081,0.400996,0.014967,6482.5,6138.1,0.086215,0.023505,0.000000,4.3998,1.0000,,,,,
6.8280,1778836339.394385,569,21.496852,0.089477,0.045930,4.3584,0.2855,0.208228,21.479235,0.162216,0.045516,4.3817,21.523066,0.094731,0.047329,4.3929,0.3327,0.269376,0.186671,0.5280,21.523066,0.094731,0.165630,5.0000,0.000000,-0.112531,110.6277,0,1,clay,1.0000,0.500000,0,0,0.000000,0.000000,0.000000,0,nan,0.00,1.000000,0.5494,0.0000,0.528000,0.3888,0.43,5.15,6.02,5.14,-1.039584,-13.8154,-0.6183,0.008000,0.116381,-0.1445,0.004046,-0.113086,-0.127247,2277.8779997107913,1085.2825308954332,3344.819269500336,822.2190460349916,0.398367,0.015194,6484.5,6136.1,0.082766,0.037031,0.000000,4.3918,1.0000,,,,,
6.8400,1778836339.406431,570,21.562563,0.131402,0.045303,4.4308,0.2982,0.202465,21.531475,0.172321,0.047990,4.3935,21.588807,0.136692,0.046711,4.4006,0.3387,0.270872,0.206007,0.5280,21.588807,0.136692,0.162739,5.0000,0.000000,-0.139373,106.1888,0,1,clay,1.0000,0.500000,0,0,0.000000,0.000000,0.000000,0,nan,0.00,1.000000,0.5496,0.0000,0.528000,0.3871,0.43,5.15,6.01,5.14,-1.029479,-13.6736,-0.6065,0.008000,0.076888,-0.2113,0.012572,-0.116494,-0.130479,1545.3269010686568,1828.811739606702,3342.021661304293,783.8068226117962,0.396505,0.014337,6479.6,6140.9,0.091258,0.024422,0.000000,4.3994,1.0000,,,,,
6.8520,1778836339.418398,571,21.609853,0.226451,0.043576,4.3905,0.3474,0.188986,21.583775,0.182308,0.050290,4.3960,21.636054,0.231762,0.044975,4.3988,0.3523,0.269781,0.195211,0.5280,21.636054,0.231762,0.184234,5.0000,0.000000,-0.142236,110.4714,0,1,clay,1.0000,0.500000,0,0,0.000000,0.000000,0.000000,0,nan,0.00,1.000000,0.5497,0.0000,0.528000,0.3854,0.43,5.15,6.00,5.14,-1.019492,-13.5419,-0.6040,0.008000,0.078960,-0.7441,0.029728,-0.101828,-0.126282,1324.6088430938387,2107.3295315791497,3259.1423754273733,598.4162093893217,0.393573,0.010490,6482.3,6138.2,0.086562,0.031308,0.000000,4.3977,1.0000,,,,,
6.8640,1778836339.430391,572,21.582480,0.210554,0.055454,4.4182,0.2742,0.189998,21.636114,0.192407,0.052581,4.4007,21.608604,0.216148,0.056846,4.4028,0.3502,0.269030,0.193716,0.5280,21.608604,0.216148,0.195941,5.0000,0.000000,-0.148667,106.9942,0,1,clay,1.0000,0.500000,0,0,0.000000,0.000000,0.000000,0,nan,0.00,1.000000,0.5499,0.0000,0.528000,0.3836,0.42,5.15,6.00,5.18,-1.083393,-13.5236,-0.5993,0.008000,0.062412,-0.3873,0.026561,-0.113341,-0.141551,1946.1116765281974,-144.99767926461482,3273.254469844851,613.2308069906351,0.394464,0.010672,6482.7,6137.9,0.085909,0.025117,0.000000,4.4016,1.0000,,,,,
6.8760,1778836339.442415,573,21.668274,0.214394,0.045467,4.4642,0.3345,0.198797,21.688389,0.202862,0.055030,4.3943,21.694579,0.219811,0.046869,4.4148,0.3594,0.270222,0.179321,0.5280,21.694579,0.219811,0.157664,5.0000,0.000000,-0.143335,99.3003,0,1,clay,1.0000,0.500000,0,0,0.000000,0.000000,0.000000,0,nan,0.00,1.000000,0.5499,0.0000,0.528000,0.3819,0.43,5.15,6.00,5.11,-1.072938,-13.3833,-0.6057,0.008000,0.087548,-0.7692,0.027009,-0.102804,-0.131880,2802.804483066256,-21.74085123596649,3326.8296728947503,588.7968131278071,0.392247,0.008813,6486.3,6134.2,0.079571,0.011063,0.000000,4.4137,1.0000,,,,,
6.8880,1778836339.454516,574,21.764520,0.181398,0.053924,4.4448,0.3374,0.221618,21.740542,0.213748,0.057648,4.3883,21.790852,0.187146,0.055358,4.4207,0.3673,0.274893,0.157042,0.5280,21.790852,0.187146,0.171330,5.0000,0.000000,-0.125959,102.8253,0,1,clay,1.0000,0.500000,0,0,0.000000,0.000000,0.000000,0,nan,0.00,1.000000,0.5499,0.0000,0.528000,0.3804,0.44,5.15,6.02,5.14,-1.062052,-13.2333,-0.6117,0.008000,0.059649,-0.6074,0.032523,-0.095930,-0.128756,2914.3841388963247,739.1707090471617,3426.034011125246,682.5216484287716,0.388666,0.008907,6492.0,6128.6,0.069721,0.010379,0.000000,4.4198,1.0000,,,,,
6.9000,1778836339.466545,575,21.848805,0.247860,0.060070,4.3820,0.4433,0.231806,21.792624,0.225008,0.060413,4.3875,21.875171,0.254012,0.061547,4.4134,0.3927,0.280564,0.149518,0.5280,21.875171,0.254012,0.173374,5.0000,0.000000,-0.125182,94.8071,0,1,clay,1.0000,0.500000,0,0,0.000000,0.000000,0.000000,0,nan,0.00,1.000000,0.5499,0.0000,0.528000,0.3789,0.45,5.14,6.04,5.09,-1.050792,-13.0748,-0.6125,0.008000,0.046545,-0.1901,0.009762,-0.071856,-0.125056,3061.567652987437,344.3993033485884,3432.8197658265867,574.1229015997335,0.380157,0.005126,6493.9,6126.7,0.066354,0.028358,0.000000,4.4124,1.0000,,,,,
6.9120,1778836339.478410,576,21.792284,0.157677,0.065119,4.3959,0.2777,0.238366,21.844647,0.236611,0.063288,4.3873,21.818619,0.163964,0.066632,4.4101,0.3834,0.285877,0.149081,0.5280,21.818619,0.163964,0.185121,5.0000,0.000000,-0.125672,101.0863,0,1,clay,1.0000,0.500000,0,0,0.000000,0.000000,0.000000,0,nan,0.00,1.000000,0.5498,0.0000,0.528000,0.3774,0.46,5.13,6.04,5.08,-1.039189,-12.9101,-0.6127,0.008000,0.034390,-0.1318,-0.004757,-0.084249,-0.117867,2765.6319262610273,1227.9692095091134,3461.673132004544,780.1183168682227,0.380040,0.009829,6494.0,6126.5,0.066159,0.023093,0.000000,4.4092,1.0000,,,,,
6.9240,1778836339.490445,577,21.930331,0.266654,0.064217,4.4231,0.3262,0.246280,21.896621,0.248567,0.066249,4.3858,21.956652,0.272977,0.065766,4.4128,0.3845,0.291423,0.135264,0.5280,21.956652,0.272977,0.177864,5.0000,0.000000,-0.135534,91.5009,0,1,clay,1.0000,0.500000,0,0,0.000000,0.000000,0.000000,0,nan,0.00,1.000000,0.5497,0.0000,0.528000,0.3757,0.46,5.14,6.05,5.18,-1.101633,-12.8212,-0.6142,0.008000,0.059190,0.1179,-0.008528,-0.080751,-0.110683,2781.943949092126,610.0372778881537,3492.099797543494,916.262744392998,0.377499,0.012077,6497.5,6123.0,0.060060,0.018062,0.000000,4.4119,1.0000,,,,,
6.9360,1778836339.502431,578,21.881248,0.188017,0.066141,4.3282,0.3105,0.248584,21.948442,0.261024,0.069436,4.3716,21.907457,0.194423,0.067721,4.3966,0.3825,0.296167,0.142848,0.5280,21.907457,0.194423,0.186109,5.0000,0.000000,-0.129393,100.9046,0,1,clay,1.0000,0.500000,0,0,0.000000,0.000000,0.000000,0,nan,0.00,1.000000,0.5496,0.0000,0.528000,0.3742,0.45,5.14,6.05,5.16,-1.089176,-12.6386,-0.6284,0.008000,0.077393,-0.4656,-0.015890,-0.088894,-0.108647,2129.7027471088877,1385.632876618855,3465.6763519805727,991.9231146489319,0.375341,0.014808,6495.6,6125.0,0.063434,0.044743,0.000000,4.3957,1.0000,,,,,
6.9480,1778836339.514416,579,21.982954,0.185045,0.060971,4.4166,0.2740,0.259591,22.000246,0.273686,0.072578,4.3872,22.009206,0.191324,0.062588,4.4005,0.3745,0.301882,0.125046,0.5280,22.009206,0.191324,0.184389,5.0000,0.000000,-0.116943,103.4382,0,1,clay,1.0000,0.500000,0,0,0.000000,0.000000,0.000000,0,nan,0.00,1.000000,0.5494,0.0000,0.528000,0.3728,0.45,5.13,6.03,5.08,-1.076514,-12.4585,-0.6128,0.008000,0.064973,-0.7349,-0.021446,-0.100922,-0.103514,2590.0053449005563,1260.6716336832899,3525.2886232555984,1263.5467241017718,0.374999,0.019394,6500.1,6120.5,0.055557,0.023451,0.000000,4.3998,1.0000,,,,,
6.9600,1778836339.526622,580,22.044401,0.277419,0.075975,4.4104,0.3254,0.251604,22.052146,0.286410,0.075608,4.3929,22.070497,0.284125,0.077609,4.4026,0.3770,0.305073,0.127406,0.5280,22.070497,0.284125,0.191370,5.0000,0.000000,-0.125590,92.6749,0,1,clay,1.0000,0.500000,0,0,0.000000,0.000000,0.000000,0,nan,0.00,1.000000,0.5492,0.0000,0.528000,0.3713,0.45,5.13,6.03,5.13,-1.063790,-12.2850,-0.6071,0.008000,0.059393,0.2304,-0.016522,-0.101946,-0.097196,2381.3462333561565,222.16945293181448,3489.7173367763926,1243.8780725269364,0.373020,0.020231,6499.5,6121.0,0.056565,0.028055,0.000000,4.4018,1.0000,,,,,
6.9720,1778836339.538413,581,22.103853,0.316340,0.088275,4.4141,0.2961,0.256754,22.104006,0.299399,0.078686,4.3924,22.129873,0.323385,0.089932,4.4049,0.3739,0.308602,0.116813,0.5280,22.129873,0.323385,0.200831,5.0000,0.000000,-0.123164,89.6762,0,1,clay,1.0000,0.500000,0,0,0.000000,0.000000,0.000000,0,nan,0.00,1.000000,0.5490,0.0000,0.528000,0.3698,0.45,5.14,6.03,5.18,-1.050801,-12.1086,-0.6076,0.008000,0.059860,0.2593,-0.017955,-0.106543,-0.096969,2624.969207357102,433.6299162872991,3507.465874339794,1369.651812011074,0.372354,0.022573,6502.2,6118.4,0.051911,0.025872,0.000000,4.4042,1.0000,,,,,
6.9840,1778836339.550284,582,22.153367,0.326295,0.082863,4.4620,0.3027,0.263552,22.155809,0.312721,0.081851,4.3922,22.179442,0.333225,0.084543,4.4161,0.3725,0.312545,0.113245,0.5280,22.179442,0.333225,0.196006,5.0000,0.000000,-0.125752,90.2624,0,1,clay,1.0000,0.500000,0,0,0.000000,0.000000,0.000000,0,nan,0.00,1.000000,0.5488,0.0000,0.528000,0.3683,0.44,5.14,6.02,5.15,-1.112279,-11.9967,-0.6078,0.008000,0.021690,0.5140,-0.017370,-0.111814,-0.090108,2689.948146045996,958.6620968177484,3546.458289913294,1513.9845200149416,0.371398,0.024633,6503.1,6117.5,0.050329,0.014816,0.000000,4.4154,1.0000,,,,,
6.9960,1778836339.562565,583,22.177373,0.306356,0.083509,4.3471,0.3282,0.266755,22.207544,0.326321,0.085085,4.3905,22.203525,0.313405,0.085225,4.4028,0.3763,0.316564,0.100743,0.5280,22.203525,0.313405,0.199494,5.0000,0.000000,-0.110536,93.3603,0,1,clay,1.0000,0.500000,0,0,0.000000,0.000000,0.000000,0,nan,0.00,1.000000,0.5485,0.0000,0.528000,0.3670,0.46,5.17,6.08,5.31,-1.098679,-11.8114,-0.6095,0.008000,0.052751,0.0379,-0.034253,-0.119346,-0.093271,2668.9596996156793,1274.3458164412768,3513.7399514947924,1527.0442198904166,0.368534,0.025536,6506.3,6114.3,0.044818,0.042020,0.000000,4.4022,1.0000,,,,,
7.0080,1778836339.574426,584,22.183051,0.333980,0.081181,4.3668,0.3171,0.280502,22.259191,0.340234,0.088421,4.3874,22.209280,0.341056,0.082939,4.3959,0.3773,0.322008,0.097783,0.5280,22.209280,0.341056,0.195072,5.0000,0.000000,-0.100630,90.9282,0,1,clay,1.0000,0.500000,0,0,0.000000,0.000000,0.000000,0,nan,0.00,1.000000,0.5482,0.0000,0.528000,0.3658,0.46,5.16,6.07,5.12,-1.084766,-11.6203,-0.6126,0.008000,0.131548,-0.4826,-0.032994,-0.133854,-0.090483,2151.6795161169184,444.52551721276376,3555.4889493026208,1708.0562144718715,0.365889,0.027768,6507.0,6113.5,0.043471,0.039994,0.000000,4.3953,1.0000,,,,,
7.0200,1778836339.586378,585,22.353175,0.291902,0.093128,4.3597,0.2688,0.284134,22.310773,0.354450,0.091810,4.3882,22.379250,0.299280,0.094916,4.3890,0.3692,0.326667,0.094886,0.5280,22.379250,0.299280,0.215153,5.0000,0.000000,-0.088019,99.7464,0,1,clay,1.0000,0.500000,0,0,0.000000,0.000000,0.000000,0,nan,0.00,1.000000,0.5479,0.0000,0.528000,0.3647,0.46,5.17,6.09,5.27,-1.070550,-11.4261,-0.6118,0.008000,0.100727,-0.1198,-0.036628,-0.134999,-0.079660,2468.171890878032,1269.8806186078543,3561.4333782644794,1880.0439823201357,0.365528,0.031985,6507.8,6112.8,0.042166,0.042633,0.000000,4.3884,1.0000,,,,,
7.0320,1778836339.598404,586,22.362157,0.353882,0.087483,4.4361,0.3837,0.287436,22.362299,0.368932,0.095253,4.3879,22.388382,0.361273,0.089306,4.3982,0.3834,0.331416,0.089952,0.5280,22.388382,0.361273,0.204126,5.0000,-0.000000,-0.089731,91.6707,0,1,clay,1.0000,0.500000,0,0,0.000000,0.000000,0.000000,0,nan,0.00,1.000000,0.5476,0.0000,0.528000,0.3636,0.46,5.22,6.13,5.44,-1.056068,-11.2288,-0.6121,0.008000,0.044357,-0.4254,-0.028625,-0.130911,-0.084227,2344.526365865263,1597.5501543935984,3579.7374038142857,1896.5570244637177,0.360629,0.030474,6509.0,6111.5,0.039954,0.024631,0.000000,4.3977,1.0000,,,,,
7.0440,1778836339.610544,587,22.374131,0.359535,0.100005,4.3699,0.3388,0.291172,22.413748,0.383737,0.098752,4.3878,22.400487,0.367400,0.101876,4.3928,0.3873,0.336174,0.080215,0.5280,22.400487,0.367400,0.215760,5.0000,0.000000,-0.076002,90.2856,0,1,clay,1.0000,0.500000,0,0,0.000000,0.000000,0.000000,0,nan,0.00,1.000000,0.5473,0.0000,0.528000,0.3627,0.47,5.20,6.14,5.14,-1.116263,-11.0487,-0.6122,0.008000,0.060130,0.1528,-0.018603,-0.120028,-0.070213,2623.1999590757405,2261.698083862313,3564.4034705976164,1940.3088927299987,0.357875,0.031602,6511.5,6109.1,0.035661,0.041851,-0.000000,4.3923,1.0000,,,,,
7.0560,1778836339.622405,588,22.405543,0.422845,0.107269,4.3674,0.3429,0.289561,22.465179,0.398780,0.102255,4.3903,22.431693,0.430916,0.109152,4.3880,0.3904,0.338995,0.084036,0.5280,22.431693,0.430916,0.217580,5.0000,0.000000,-0.079523,84.1607,0,1,clay,1.0000,0.500000,0,0,0.000000,0.000000,0.000000,0,nan,0.00,1.000000,0.5470,0.0000,0.528000,0.3618,0.46,5.20,6.11,5.14,-1.101220,-10.8480,-0.6097,0.008000,0.124556,0.8304,-0.025569,-0.123467,-0.075776,2294.6707462109634,1020.8224383526946,3547.761022299584,1942.352893052774,0.355566,0.032215,6510.6,6110.0,0.037310,0.042519,0.000000,4.3875,1.0000,,,,,
7.0680,1778836339.634406,589,22.520707,0.358367,0.110940,4.3880,0.4336,0.292701,22.516567,0.414060,0.105761,4.3926,22.546733,0.366659,0.112838,4.3881,0.4090,0.341937,0.080162,0.5280,22.546733,0.366659,0.230254,5.0000,-0.000000,-0.073852,92.5299,0,1,clay,1.0000,0.500000,0,0,0.000000,0.000000,0.000000,0,nan,0.00,1.000000,0.5466,0.0000,0.528000,0.3609,0.45,5.21,6.12,5.29,-1.085940,-10.6470,-0.6074,0.008000,0.049238,0.1618,-0.027777,-0.100549,-0.067015,2214.6247652765223,1424.6526098938748,3543.3178170694755,1863.544957087519,0.349766,0.028920,6511.5,6109.0,0.035609,0.039431,0.000000,4.3876,1.0000,,,,,
7.0800,1778836339.646422,590,22.619066,0.437167,0.111764,4.4506,0.3592,0.293529,22.567897,0.429585,0.109291,4.3917,22.645187,0.445541,0.113681,4.4002,0.4111,0.344727,0.071363,0.5280,22.645187,0.445541,0.226131,5.0000,0.000000,-0.076954,85.7348,0,1,clay,1.0000,0.500000,0,0,0.000000,0.000000,0.000000,0,nan,0.00,1.000000,0.5463,0.0000,0.528000,0.3600,0.45,5.22,6.12,5.28,-1.070415,-10.4448,-0.6083,0.008000,0.059174,-0.5173,-0.016844,-0.103087,-0.069046,2357.372325453553,1911.2080813103871,3563.518983559777,1938.5590855544413,0.348697,0.029520,6513.8,6106.8,0.031709,0.027804,-0.000000,4.3998,1.0000,,,,,
7.0920,1778836339.658484,591,22.704316,0.474332,0.117402,4.2829,0.4380,0.296655,22.619161,0.445334,0.112832,4.3913,22.730308,0.482987,0.119342,4.3776,0.4268,0.347316,0.068390,0.5280,22.730308,0.482987,0.230807,5.0000,-0.110616,-0.071945,84.7846,0,1,clay,1.0000,0.500000,0,0,0.000000,0.000000,0.000000,0,nan,0.00,0.997486,0.5459,0.0000,0.526673,0.3591,0.45,5.22,6.13,5.23,-1.054666,-10.2419,-0.6087,0.008000,0.092964,0.0919,-0.050257,-0.088311,-0.067189,2228.86794861367,1605.5322013286145,3499.6767423336732,1777.3997330409477,0.342952,0.026979,6514.5,6106.0,0.030405,0.064868,0.000000,4.3771,1.0000,,,,,
7.1040,1778836339.670436,592,22.653598,0.406163,0.109477,4.4621,0.3559,0.293834,22.670361,0.461347,0.116377,4.3917,22.679750,0.414624,0.111426,4.3940,0.4245,0.348751,0.067447,0.5260,22.679750,0.414624,0.228024,5.0000,0.110616,-0.072688,88.3136,0,1,clay,1.0000,0.500000,0,0,0.000000,0.000000,0.000000,0,nan,0.00,1.000000,0.5456,0.0000,0.528000,0.3582,0.45,5.23,6.13,5.25,-1.113653,-10.0143,-0.6083,0.008000,0.037280,-0.4243,-0.019264,-0.093541,-0.065137,2346.5107242575286,1896.9146649849135,3446.2991339565797,1898.3398543076025,0.342105,0.028117,6514.8,6105.8,0.029975,0.026400,-0.110616,4.3936,1.0000,,,,,
7.1160,1778836339.682436,593,22.801839,0.406695,0.107613,4.4056,0.3512,0.295321,22.721502,0.477582,0.119912,4.3918,22.828033,0.415117,0.109575,4.3963,0.4224,0.350752,0.065294,0.5287,22.828033,0.415117,0.206370,5.0000,0.000000,-0.073392,81.7896,0,1,clay,1.0000,0.500000,0,0,0.000000,0.000000,0.000000,0,nan,0.00,1.000000,0.5452,0.0000,0.528000,0.3573,0.45,5.24,6.14,5.29,-1.097418,-9.8117,-0.6082,0.008000,0.171829,-0.4313,-0.009777,-0.101838,-0.067243,1894.393103527028,1653.7499585108994,3647.7691885244094,1931.130612083904,0.343469,0.029419,6515.3,6105.2,0.029026,0.039398,0.110616,4.3959,1.0000,,,,,
7.1280,1778836339.695813,594,22.773387,0.487615,0.114503,4.3198,0.4200,0.297988,22.772591,0.494018,0.123471,4.3925,22.799406,0.496283,0.116474,4.3815,0.4325,0.352230,0.055893,0.5280,22.799406,0.496283,0.228720,5.0000,0.000000,-0.068361,82.5737,0,1,clay,1.0000,0.500000,0,0,0.000000,0.000000,0.000000,0,nan,0.00,1.000000,0.5448,0.0000,0.528000,0.3565,0.45,5.22,6.11,5.14,-1.080982,-9.6078,-0.6075,0.008000,0.067733,-0.7494,-0.017313,-0.082988,-0.058805,2510.633668653558,1749.7855633014283,3500.336263677842,1850.5861107980759,0.339697,0.027746,6517.7,6102.9,0.024878,0.034629,0.000000,4.3812,1.0000,,,,,
7.1400,1778836339.706405,595,22.811896,0.551578,0.134921,4.4540,0.3353,0.318209,22.823570,0.510885,0.127193,4.3865,22.837725,0.560760,0.136916,4.3957,0.4255,0.356818,0.067002,0.5280,22.837725,0.560760,0.272121,5.0000,-1.000000,-0.088535,83.1129,0,1,clay,1.0000,0.500000,0,0,0.000000,0.000000,0.000000,0,nan,0.00,0.977273,0.5445,0.0000,0.516000,0.3555,0.44,5.23,6.11,5.28,-1.064115,-9.3946,-0.6135,0.008000,0.060576,0.7147,-0.011922,-0.105970,-0.061318,2086.9831283004223,1684.671849734831,3621.502888309959,2213.1568503266594,0.339973,0.031480,6514.9,6105.7,0.029768,0.036975,0.000000,4.3953,1.0000,,,,,
7.1520,1778836339.718391,596,22.838068,0.511278,0.136624,4.4527,0.3807,0.312909,22.874466,0.528053,0.130988,4.3946,22.863956,0.520544,0.138631,4.4070,0.4254,0.356834,0.107454,0.5099,22.863956,0.520544,0.248293,5.0000,-1.000000,-0.140578,77.4517,0,1,clay,1.0000,0.500000,0,0,0.000000,0.000000,0.000000,0,nan,0.00,0.954545,0.5441,0.0000,0.504000,0.3538,0.44,5.25,6.12,5.34,-1.046947,-9.1771,-0.6054,0.008000,0.012132,0.0647,0.005599,-0.107802,-0.059649,2236.6888137856304,1462.0175060520028,3226.2034522197982,2143.7362513101652,0.326621,0.032088,6504.6,6116.0,0.047684,0.034379,-1.000000,4.4064,1.0000,,,,,
7.1640,1778836339.730429,597,22.948336,0.525337,0.136025,4.4332,0.4018,0.308880,22.925403,0.545263,0.134677,4.3984,22.974343,0.534660,0.138043,4.4122,0.4292,0.356358,0.104868,0.4979,22.974343,0.534660,0.249339,5.0000,1.000000,-0.174802,76.9189,0,1,clay,1.0000,0.500000,0,0,0.000000,0.000000,0.000000,0,nan,0.00,0.977273,0.5436,0.0000,0.516000,0.3517,0.44,5.24,6.12,5.18,-1.104537,-8.9174,-0.6016,0.008000,0.101159,-0.4026,0.015191,-0.099495,-0.053347,2134.375525137479,1418.1805758466553,3154.5240731191625,2080.854994450473,0.312753,0.031376,6505.2,6115.4,0.046684,0.039009,-1.000000,4.4116,1.0000,,,,,
7.1760,1778836339.742569,598,22.953186,0.607237,0.134641,4.4913,0.3086,0.300258,22.976347,0.562507,0.138263,4.4026,22.979250,0.616466,0.136664,4.4277,0.4206,0.359983,0.107808,0.5221,22.979250,0.616466,0.269382,5.0000,-0.399126,-0.202185,78.6946,0,1,clay,1.0000,0.500000,0,0,0.000000,0.000000,0.000000,0,nan,0.00,0.968202,0.5432,0.0000,0.511210,0.3492,0.44,5.24,6.11,5.23,-1.087293,-8.7119,-0.5974,0.008000,0.098231,-0.7099,0.030932,-0.124636,-0.056364,1629.6077091200082,1225.103597544575,3457.0902550374412,2139.9061327076192,0.328240,0.034153,6504.4,6116.2,0.048073,0.026843,1.000000,4.4270,1.0000,,,,,
7.1880,1778836339.754332,599,23.005080,0.667273,0.153234,4.3945,0.3562,0.294465,23.027265,0.579843,0.141811,4.4048,23.030919,0.676943,0.155245,4.4214,0.4178,0.357029,0.110144,0.5088,23.030919,0.676943,0.281170,5.0000,-1.000000,-0.221360,73.7715,0,1,clay,1.0000,0.500000,0,0,0.000000,0.000000,0.000000,0,nan,0.00,0.945474,0.5427,0.0000,0.499210,0.3466,0.44,5.25,6.13,5.33,-1.069957,-8.5086,-0.5952,0.008000,0.101475,0.2911,0.013382,-0.134560,-0.064329,1800.6935953183538,1665.3720132967521,3237.7415940586925,2037.1543915847933,0.323859,0.034018,6503.8,6116.8,0.049178,0.045791,-0.399126,4.4207,1.0000,,,,,
7.2000,1778836339.766408,600,23.087262,0.564486,0.151413,4.4650,0.2646,0.299521,23.078136,0.597433,0.145402,4.4057,23.113269,0.574019,0.153422,4.4299,0.3984,0.354412,0.101421,0.4931,23.113269,0.574019,0.263369,5.0000,-0.527775,-0.220068,75.2331,0,1,clay,1.0000,0.500000,0,0,0.000000,0.000000,0.000000,0,nan,0.00,0.933480,0.5421,0.0000,0.492877,0.3439,0.44,5.24,6.12,5.18,-1.052367,-8.3029,-0.5943,0.008000,0.095059,-0.1525,0.044873,-0.159091,-0.063782,2319.498835873867,1989.1321993685751,3162.1446413632543,2261.052143447728,0.316281,0.038180,6505.9,6114.6,0.045380,0.027972,-1.000000,4.4293,1.0000,,,,,
7.2120,1778836339.778481,601,23.158462,0.604894,0.151689,4.4873,0.3452,0.301835,23.128947,0.615274,0.149028,4.4068,23.184566,0.614456,0.153700,4.4411,0.3981,0.354017,0.092579,0.4896,23.184566,0.614456,0.261592,5.0000,-1.000000,-0.218669,73.4703,0,1,clay,1.0000,0.500000,0,0,0.000000,0.000000,0.000000,0,nan,0.00,0.910752,0.5415,0.0000,0.480877,0.3413,0.45,5.25,6.14,5.28,-1.109026,-7.9976,-0.5932,0.008000,0.068068,0.3087,0.039751,-0.160973,-0.065366,2060.172861791948,1625.8596893131166,3195.490336997483,2304.7145143279195,0.310121,0.038146,6508.2,6112.4,0.041474,0.023884,-0.527775,4.4405,1.0000,,,,,
7.2240,1778836339.790573,602,23.180228,0.706121,0.148488,4.3916,0.3036,0.302465,23.179703,0.633317,0.152667,4.4082,23.206305,0.715527,0.150493,4.4316,0.3886,0.351559,0.087050,0.4747,23.206305,0.715527,0.278091,5.0000,-1.000000,-0.214381,75.0266,0,1,clay,1.0000,0.500000,0,0,0.000000,0.000000,0.000000,0,nan,0.00,0.888025,0.5409,0.0000,0.468877,0.3387,0.44,5.27,6.16,5.38,-1.090983,-7.7891,-0.5918,0.008000,0.163353,0.2199,0.028194,-0.178723,-0.076839,2153.841494535048,1542.3834935810696,3082.84891817063,2327.320188078757,0.299228,0.040139,6509.6,6111.0,0.039028,0.044744,-1.000000,4.4310,1.0000,,,,,
7.2360,1778836339.802428,603,23.197284,0.663562,0.158901,4.4309,0.3342,0.303005,23.230464,0.651441,0.156234,4.4141,23.223326,0.673247,0.160906,4.4315,0.3863,0.349667,0.078216,0.4627,23.223326,0.673247,0.264169,5.0000,-1.000000,-0.199829,70.3239,0,1,clay,1.0000,0.500000,0,0,0.000000,0.000000,0.000000,0,nan,0.00,0.865298,0.5402,0.0000,0.456877,0.3363,0.44,5.24,6.12,5.09,-1.072859,-7.5847,-0.5859,0.008000,0.031636,0.4128,0.043900,-0.188192,-0.082006,1003.9027078962755,1157.084264038806,3030.0810215710308,2371.0055622540676,0.287098,0.040385,6511.8,6108.7,0.035117,-0.151908,-1.000000,4.4310,1.0000,,,,,
7.2480,1778836339.814407,604,23.324098,0.686117,0.160091,4.3396,0.4209,0.279249,23.281045,0.669406,0.159636,4.3812,23.349874,0.695800,0.162053,4.4134,0.3991,0.343347,0.013169,0.4508,23.349874,0.695800,0.266949,5.0000,0.398131,-0.125612,71.5993,0,1,clay,1.0000,0.500000,0,0,0.000000,0.000000,0.000000,0,nan,0.00,0.874346,0.5395,0.0000,0.461655,0.3348,0.44,5.23,6.10,5.16,-1.054894,-7.3898,-0.6188,0.008000,0.072291,-0.7166,0.010937,-0.157721,-0.072674,496.2002149999511,467.5787518376999,2879.171445349995,2060.079551467098,0.272211,0.035174,6528.3,6092.2,0.006354,-0.245973,-1.000000,4.4133,1.0000,,,,,
7.2600,1778836339.826389,605,23.381721,0.661938,0.161920,4.3337,0.3379,0.284435,23.331377,0.687378,0.162999,4.3725,23.407359,0.671616,0.163871,4.3976,0.3982,0.342953,-0.049123,0.4641,23.407359,0.671616,0.272746,5.0000,-0.692585,-0.017130,76.2196,0,1,clay,1.0000,0.500000,0,0,0.000000,0.000000,0.000000,0,nan,0.00,0.858606,0.5389,0.0000,0.453344,0.3346,0.44,5.25,6.13,5.39,-1.036922,-7.1971,-0.6275,0.008000,0.096155,-0.7101,-0.019880,-0.162539,-0.079155,960.3822247242263,552.8102443326937,3230.0998479516966,2177.891861826096,0.277774,0.034983,6544.2,6076.4,-0.021351,-0.333020,0.398131,4.3979,1.0000,,,,,
7.2720,1778836339.838415,606,23.286951,0.716552,0.166235,4.3347,0.3614,0.290638,23.381243,0.705573,0.166499,4.3286,23.312601,0.726369,0.168185,4.3852,0.3985,0.340077,-0.080902,0.4491,23.312601,0.726369,0.297780,5.0000,-0.190552,0.072385,78.6335,0,1,clay,1.0000,0.500000,0,0,0.000000,0.000000,0.000000,0,nan,0.00,0.854275,0.5383,0.0000,0.451057,0.3355,0.44,5.27,6.16,5.36,-1.092627,-6.8665,-0.6714,0.008000,0.113575,-0.4265,-0.037029,-0.206976,-0.132301,935.5738652415055,756.9995110332804,2791.098971262267,2249.982812165402,0.268686,0.034260,6552.4,6068.1,-0.035675,-0.383131,-0.692585,4.3857,1.0000,,,,,
7.2840,1778836339.850360,607,23.433731,0.717416,0.171194,4.2734,0.3205,0.296981,23.430636,0.723804,0.170064,4.3041,23.459281,0.727334,0.173152,4.3631,0.3929,0.340344,-0.138547,0.4499,23.459281,0.727334,0.278402,5.0000,-1.000000,0.184228,76.4647,0,1,clay,1.0000,0.500000,0,0,0.000000,0.000000,0.000000,0,nan,0.00,0.831548,0.5378,0.0000,0.439057,0.3377,0.45,5.27,6.16,5.27,-1.074396,-6.6623,-0.6959,0.008000,0.064628,-0.0842,-0.074507,-0.194111,-0.109972,331.9863387351443,555.5075197339046,2735.5466692205864,2424.990800524425,0.266599,0.036059,6567.2,6053.4,-0.061370,-0.433120,-0.190552,4.3639,1.0000,,,,,
7.2960,1778836339.862459,608,23.460738,0.729593,0.181204,4.2068,0.2956,0.298217,23.479622,0.742050,0.173654,4.2736,23.486003,0.739654,0.183156,4.3323,0.3812,0.337635,-0.193380,0.4329,23.486003,0.739654,0.287953,5.0000,1.000000,0.303962,79.1631,0,1,clay,1.0000,0.500000,0,0,0.000000,0.000000,0.000000,0,nan,0.00,0.854275,0.5374,0.0000,0.451057,0.3414,0.44,5.25,6.14,5.16,-1.056150,-6.4566,-0.7264,0.008000,0.113515,-0.5583,-0.098876,-0.184278,-0.092789,254.07166882059184,427.6074404750954,2473.9673472168442,2572.530076350616,0.255212,0.038836,6581.2,6039.3,-0.085885,-0.481748,-1.000000,4.3335,1.0000,,,,,
7.3080,1778836339.874405,609,23.503456,0.815523,0.169780,4.2696,0.3437,0.299455,23.528260,0.760321,0.177252,4.2509,23.528653,0.825283,0.171738,4.3200,0.3857,0.341769,-0.195192,0.4572,23.528653,0.825283,0.298505,5.0000,-1.000000,0.368937,82.6752,0,1,clay,1.0000,0.500000,0,0,0.000000,0.000000,0.000000,0,nan,0.00,0.831548,0.5371,0.0000,0.439057,0.3458,0.44,5.26,6.14,5.33,-1.037879,-6.2504,-0.7491,0.008000,0.085392,-1.0933,-0.118882,-0.170321,-0.089127,125.0471665831759,368.84623694097206,2617.370109221033,2615.0032036562834,0.266053,0.038934,6581.9,6038.7,-0.087007,-0.539718,1.000000,4.3212,1.0000,,,,,
7.3200,1778836339.886413,610,23.569657,0.801561,0.191230,4.1833,0.3816,0.296558,23.576549,0.778490,0.180798,4.2142,23.594505,0.811866,0.193181,4.2930,0.3901,0.337979,-0.246786,0.4329,23.594505,0.811866,0.322518,5.0000,-1.000000,0.462390,87.2106,0,1,clay,1.0000,0.500000,0,0,0.000000,0.000000,0.000000,0,nan,0.00,0.808820,0.5370,0.0000,0.427057,0.3513,0.44,5.26,6.14,5.26,-1.019710,-6.0473,-0.7858,0.008000,0.046441,0.1220,-0.155852,-0.146818,-0.071010,-159.75017382046514,389.93165801788615,2319.289945550021,2565.7427452583097,0.250958,0.037237,6595.0,6025.5,-0.109965,-0.582189,-1.000000,4.2945,1.0000,,,,,
7.3320,1778836339.898385,611,23.684906,0.832255,0.189363,4.2837,0.2475,0.303850,23.624437,0.796749,0.184415,4.1849,23.709814,0.842408,0.191316,4.2906,0.3705,0.336761,-0.295891,0.4209,23.709814,0.842408,0.321197,5.0000,-1.000000,0.560420,89.2740,0,1,clay,1.0000,0.500000,0,0,0.000000,0.000000,0.000000,0,nan,0.00,0.786093,0.5371,0.0000,0.415057,0.3581,0.44,5.25,6.14,5.20,-1.001451,-5.8400,-0.8151,0.008000,0.069326,0.2128,-0.147885,-0.158585,-0.065614,-21.567070149033867,388.19190891313013,2182.2882639347945,2905.9687254068176,0.242612,0.042290,6607.6,6012.9,-0.131902,-0.493572,-1.000000,4.2924,1.0000,,,,,
7.3440,1778836339.910333,612,23.704872,0.811612,0.187984,4.1168,0.2399,0.311623,23.671889,0.815129,0.188134,4.1596,23.729551,0.821574,0.189939,4.2564,0.3527,0.336088,-0.332445,0.4089,23.729551,0.821574,0.294865,5.0000,0.924828,0.658157,89.6988,0,1,clay,1.0000,0.500000,0,0,0.000000,0.000000,0.000000,0,nan,0.00,0.807112,0.5374,0.0000,0.426155,0.3660,0.44,5.26,6.14,5.30,-1.056371,-5.4859,-0.8404,0.008000,0.064230,-0.4520,-0.180909,-0.166461,-0.053149,245.4221591115414,466.14914726679746,2030.3403265458178,3020.63051387743,0.232009,0.047665,6617.0,6003.5,-0.148304,-0.333971,-1.000000,4.2584,1.0000,,,,,
7.3560,1778836339.922435,613,23.667168,0.887110,0.195753,4.1191,0.2390,0.311777,23.718996,0.833498,0.191864,4.1328,23.691670,0.897217,0.197734,4.2292,0.3431,0.341121,-0.364117,0.4318,23.691670,0.897217,0.321553,5.0000,-1.000000,0.745311,95.1268,0,1,clay,1.0000,0.500000,0,0,0.000000,0.000000,0.000000,0,nan,0.00,0.784385,0.5378,0.0000,0.414155,0.3749,0.44,5.26,6.14,5.23,-1.038002,-5.2722,-0.8672,0.008000,0.106941,-0.0364,-0.183275,-0.194200,-0.057728,431.82713890386276,889.6931848627195,2044.1640025510499,3125.67378810023,0.244293,0.052105,6625.2,5995.4,-0.162558,-0.272273,0.924828,4.2314,1.0000,,,,,
7.3680,1778836339.934397,614,23.825472,0.846015,0.196605,4.1000,0.2573,0.302993,23.765826,0.851857,0.195575,4.1141,23.849791,0.856028,0.198572,4.2035,0.3328,0.337170,-0.405421,0.4080,23.849791,0.856028,0.304070,5.0000,-0.901770,0.842535,98.9145,0,1,clay,1.0000,0.500000,0,0,0.000000,0.000000,0.000000,0,nan,0.00,0.763890,0.5386,0.0000,0.403334,0.3850,0.44,5.24,6.12,5.15,-1.019643,-5.0596,-0.8858,0.008000,0.009404,-0.0894,-0.186693,-0.190433,-0.040618,403.7829460359257,669.6139247528272,1864.783059522868,3096.231439536333,0.232917,0.054248,6635.8,5984.8,-0.181028,-0.233876,-1.000000,4.2060,1.0000,,,,,
7.3800,1778836339.946388,615,23.698392,0.779094,0.192754,4.1008,0.2636,0.312442,23.812347,0.870233,0.199277,4.0856,23.722596,0.788945,0.194721,4.1829,0.3263,0.336342,-0.446286,0.3978,23.722596,0.788945,0.303939,5.0000,1.000000,0.943520,107.4914,0,1,clay,1.0000,0.500000,0,0,0.000000,0.000000,0.000000,0,nan,0.00,0.786617,0.5395,0.0000,0.415334,0.3963,0.44,5.24,6.13,5.23,-1.001267,-4.8475,-0.9144,0.008000,0.117704,-0.5408,-0.191441,-0.194549,-0.033145,680.9559778631541,782.3183721952929,1736.0255770612862,3218.180422991201,0.221657,0.056448,6646.3,5974.3,-0.199332,-0.204588,-0.901770,4.1856,1.0000,,,,,
7.3920,1778836339.958435,616,23.788953,0.958141,0.201660,4.1339,0.2006,0.318559,23.858453,0.888831,0.203135,4.0665,23.813009,0.968146,0.203652,4.1727,0.3147,0.342033,-0.469966,0.4215,23.813009,0.968146,0.324054,5.0000,-1.000000,1.012756,105.3363,0,1,clay,1.0000,0.500000,0,0,0.000000,0.000000,0.000000,0,nan,0.00,0.763890,0.5407,0.0000,0.403334,0.4085,0.44,5.23,6.11,5.15,-0.982669,-4.6264,-0.9335,0.008000,0.105603,-0.3166,-0.173593,-0.199636,-0.014012,606.4328497776169,970.5899226186555,1730.8780479184275,3366.902315619008,0.235962,0.061541,6652.4,5968.1,-0.210060,-0.175208,1.000000,4.1756,1.0000,,,,,
7.4040,1778836339.970475,617,23.988635,0.884989,0.209137,4.0192,0.2946,0.322340,23.904249,0.907476,0.206987,4.0468,24.012410,0.895155,0.211132,4.1423,0.3160,0.340435,-0.500367,0.3972,24.012410,0.895155,0.317787,5.0000,-1.000000,1.095005,111.4046,0,1,clay,1.0000,0.500000,0,0,0.000000,0.000000,0.000000,0,nan,0.00,0.741162,0.5422,0.0000,0.391334,0.4216,0.45,5.23,6.13,5.27,-1.036524,-4.2132,-0.9532,0.008000,0.096156,-0.4459,-0.167639,-0.197736,-0.012567,515.7939933843364,1091.7371633922698,1640.3367994811179,3312.7202560287574,0.220378,0.061942,6660.3,5960.3,-0.223668,-0.128084,-1.000000,4.1454,1.0000,,,,,
7.4160,1778836339.982333,618,23.958080,0.821791,0.205868,3.9890,0.3271,0.312209,23.949807,0.926121,0.210799,4.0266,23.981703,0.831887,0.207857,4.1121,0.3233,0.338042,-0.477604,0.3852,23.981703,0.831887,0.320762,5.0000,-0.570425,1.125929,118.7518,0,1,clay,1.0000,0.500000,0,0,0.000000,0.000000,0.000000,0,nan,0.00,0.728198,0.5440,0.0000,0.384489,0.4351,0.45,5.23,6.12,5.18,-1.017879,-3.9948,-0.9734,0.008000,0.170292,-0.0027,-0.185353,-0.180429,0.001940,805.85509113539,1094.9001131642556,1571.4872672234287,3144.810332300969,0.204453,0.060025,6654.6,5966.0,-0.213841,-0.098427,-1.000000,4.1151,1.0000,,,,,
7.4280,1778836339.994384,619,23.929919,0.932295,0.215827,4.0513,0.1382,0.329969,23.994976,0.944960,0.214717,4.0023,23.953375,0.942461,0.217830,4.0999,0.2965,0.339767,-0.467498,0.3810,23.953375,0.942461,0.346900,5.0000,-1.000000,1.131399,119.1942,0,1,clay,1.0000,0.500000,0,0,0.000000,0.000000,0.000000,0,nan,0.00,0.705471,0.5460,0.0000,0.372489,0.4487,0.45,5.22,6.11,5.17,-0.999040,-3.7703,-0.9977,0.008000,0.086401,-0.6390,-0.165538,-0.205619,0.011576,1316.3894468335216,1781.8034233440203,1575.82138234831,3426.44556397595,0.202268,0.068587,6652.1,5968.5,-0.209459,-0.078687,-0.570425,4.1027,1.0000,,,,,
7.4400,1778836340.006377,620,24.018703,1.064508,0.220721,3.9540,0.2999,0.328276,24.039817,0.963967,0.218675,3.9831,24.041878,1.074779,0.222726,4.0711,0.3017,0.338983,-0.468117,0.3664,24.041878,1.074779,0.376126,5.0000,-1.000000,1.135415,122.4191,0,1,clay,1.0000,0.500000,0,0,0.000000,0.000000,0.000000,0,nan,0.00,0.682744,0.5483,0.0000,0.360489,0.4623,0.44,5.20,6.09,5.11,-0.980033,-3.5435,-1.0169,0.008000,0.108343,-0.2447,-0.187026,-0.181516,0.032433,1181.2850700990637,894.2923428856141,1512.5777823146955,3319.150513311429,0.185941,0.068092,6652.3,5968.3,-0.209741,-0.036169,-1.000000,4.0740,1.0000,,,,,
7.4520,1778836340.018409,621,24.121123,0.981762,0.225667,4.0522,0.2770,0.329439,24.084413,0.983109,0.222631,3.9705,24.144157,0.992131,0.227672,4.0670,0.3017,0.338508,-0.452219,0.3544,24.144157,0.992131,0.357183,5.0000,0.892761,1.127149,122.1199,0,1,clay,1.0000,0.500000,0,0,0.000000,0.000000,0.000000,0,nan,0.00,0.703034,0.5508,0.0000,0.371202,0.4759,0.44,5.21,6.10,5.29,-0.960891,-3.3169,-1.0295,0.008000,0.012431,0.1214,-0.153376,-0.171223,0.035536,1446.6203592997995,1966.8726429919195,1503.3067124582458,3383.812922656004,0.172245,0.068550,6648.2,5972.3,-0.202724,-0.041519,-1.000000,4.0697,1.0000,,,,,
7.4640,1778836340.030389,622,24.059977,0.986469,0.216130,3.9764,0.1315,0.327135,24.128806,1.002424,0.226583,3.9616,24.083070,0.996498,0.218156,4.0489,0.2809,0.342751,-0.445401,0.3766,24.083070,0.996498,0.346524,5.0000,0.959480,1.119650,125.9420,0,1,clay,1.0000,0.500000,0,0,0.000000,0.000000,0.000000,0,nan,0.00,0.724840,0.5535,0.0000,0.382716,0.4893,0.44,5.21,6.10,5.19,-1.013076,-2.8596,-1.0384,0.008000,0.085909,-0.9005,-0.141106,-0.185647,0.052419,1566.3586870657791,1977.5062822136179,1474.7482378881218,3393.904400297991,0.187799,0.075897,6646.5,5974.1,-0.199697,-0.007013,0.892761,4.0517,1.0000,,,,,
7.4760,1778836340.042418,623,24.142618,1.016543,0.223986,3.9440,0.1085,0.332661,24.173057,1.021886,0.230510,3.9582,24.165574,1.026634,0.226035,4.0282,0.2597,0.346629,-0.434757,0.3886,24.165574,1.026634,0.353347,5.0000,-1.000000,1.108922,127.7585,0,1,clay,1.0000,0.500000,0,0,0.000000,0.000000,0.000000,0,nan,0.00,0.702113,0.5565,0.0000,0.370716,0.5026,0.45,5.21,6.11,5.21,-0.993614,-2.6347,-1.0418,0.008000,0.102557,-0.4757,-0.132130,-0.193672,0.059959,1720.6061778994772,1619.9119764297388,1568.675986845102,3478.686996024871,0.203638,0.083534,6643.8,5976.8,-0.194983,0.016438,0.959480,4.0308,1.0000,,,,,
7.4880,1778836340.054399,624,24.226443,1.140608,0.237759,3.9330,0.1951,0.316601,24.217277,1.041353,0.234324,3.9579,24.249188,1.150941,0.239792,4.0093,0.2530,0.341682,-0.417392,0.3646,24.249188,1.150941,0.390121,5.0000,-1.000000,1.085995,129.0368,0,1,clay,1.0000,0.500000,0,0,0.000000,0.000000,0.000000,0,nan,0.00,0.679386,0.5596,0.0000,0.358716,0.5156,0.45,5.20,6.11,5.13,-0.974147,-2.4162,-1.0421,0.008000,0.216083,0.5388,-0.126375,-0.196796,0.060010,1567.4499315662026,1811.230326158144,1592.2261674866727,3342.0807092543423,0.192223,0.084335,6639.4,5981.2,-0.187290,0.024319,-1.000000,4.0119,1.0000,,,,,
7.5000,1778836340.066510,625,24.342070,1.049879,0.238077,3.9760,0.2874,0.320950,24.261388,1.060960,0.238157,3.9550,24.364749,1.060271,0.240100,4.0024,0.2643,0.339100,-0.409600,0.3526,24.364749,1.060271,0.369383,4.9994,-0.385714,1.076658,130.8526,0,1,clay,1.0000,0.500000,0,0,0.000000,0.000000,0.000000,0,nan,0.00,0.670619,0.5629,0.0000,0.354087,0.5286,0.46,5.19,6.11,5.15,-0.954540,-2.1965,-1.0443,0.008000,0.162922,0.0127,-0.120804,-0.166320,0.077479,2154.5787028892655,1589.1583786830074,1546.4571852841875,3347.629409664029,0.176417,0.080733,6637.4,5983.2,-0.183787,0.019761,-1.000000,4.0049,1.0000,,,,,
7.5120,1778836340.078368,626,24.333114,0.941969,0.236982,3.9042,0.1549,0.324473,24.305355,1.080803,0.242045,3.9512,24.355613,0.952183,0.238997,3.9830,0.2511,0.338611,-0.392397,0.3517,24.355613,0.952183,0.351179,4.9994,1.000000,1.064080,133.8719,0,1,clay,1.0000,0.500000,0,0,0.000000,0.000000,0.000000,0,nan,0.00,0.693347,0.5663,0.0000,0.366087,0.5413,0.45,5.22,6.12,5.37,-0.934697,-1.9738,-1.0482,0.008000,0.140573,-0.4694,-0.106793,-0.173690,0.068138,2071.447139871922,1588.2384218527513,1500.6478832280945,3352.3317236826233,0.174041,0.084773,6633.0,5987.6,-0.176154,0.044889,-0.385714,3.9854,1.0000,,,,,
7.5240,1778836340.091041,627,24.367959,1.155565,0.234952,3.9486,0.2112,0.328472,24.349198,1.100931,0.245999,3.9504,24.390532,1.165803,0.236992,3.9760,0.2540,0.342854,-0.375202,0.3722,24.390532,1.165803,0.392757,4.9993,-1.000000,1.029769,134.2465,0,1,clay,1.0000,0.500000,0,0,0.000000,0.000000,0.000000,0,nan,0.00,0.670619,0.5699,0.0000,0.354087,0.5537,0.45,5.20,6.10,5.11,-0.914569,-1.7472,-1.0489,0.008000,0.154374,-0.3844,-0.086073,-0.179658,0.072695,2326.76434197769,1838.0595144133586,1542.2801927922953,3401.007467629008,0.185302,0.085481,6628.6,5991.9,-0.168541,0.043774,1.000000,3.9783,1.0000,,,,,
7.5360,1778836340.102374,628,24.430103,1.087451,0.247409,4.0007,0.2054,0.328930,24.392949,1.121289,0.249941,3.9515,24.452479,1.097905,0.249435,3.9805,0.2494,0.340068,-0.355607,0.3480,24.452479,1.097905,0.376723,4.9994,-0.965585,0.999339,130.8593,0,1,clay,1.0000,0.500000,0,0,0.000000,0.000000,0.000000,0,nan,0.00,0.648674,0.5737,0.0000,0.342500,0.5657,0.45,5.23,6.12,5.38,-0.964511,-1.2384,-1.0479,0.008000,0.097937,-0.2520,-0.070468,-0.169209,0.072825,2112.1099321205,1670.728842279683,1642.7229841818526,3436.7905989055416,0.173387,0.086151,6623.6,5997.0,-0.159784,0.040992,-1.000000,3.9826,1.0000,,,,,
7.5480,1778836340.114409,629,24.460086,1.113930,0.256454,3.8956,0.0897,0.325979,24.436678,1.141767,0.253835,3.9550,24.482398,1.124457,0.258482,3.9637,0.2261,0.337722,-0.339097,0.3366,24.482398,1.124457,0.383059,4.9997,-1.000000,0.968200,132.0237,0,1,clay,1.0000,0.500000,0,0,0.000000,0.000000,0.000000,0,nan,0.00,0.625947,0.5775,0.0000,0.330500,0.5773,0.44,5.25,6.14,5.34,-0.944033,-1.0153,-1.0447,0.008000,0.138773,-0.0098,-0.058463,-0.190422,0.072388,2273.669459192564,2164.935687338762,1617.5835394726996,3402.2654236920675,0.166657,0.092492,6619.4,6001.2,-0.152423,0.071614,-0.965585,3.9658,1.0000,,,,,
7.5600,1778836340.126392,630,24.498018,1.154350,0.263927,4.0639,0.3484,0.322371,24.480335,1.162448,0.257730,3.9557,24.520425,1.165281,0.265957,3.9829,0.2525,0.335365,-0.309643,0.3244,24.520425,1.165281,0.385423,5.0000,-1.000000,0.917467,124.1934,0,1,clay,1.0000,0.500000,0,0,0.000000,0.000000,0.000000,0,nan,0.00,0.603220,0.5815,0.0000,0.318500,0.5883,0.45,5.24,6.15,5.23,-0.923352,-0.7922,-1.0443,0.008000,0.026064,0.1378,-0.036954,-0.154028,0.077258,2017.4941152353858,1591.5712087831316,1627.0178588307147,3378.8613424212917,0.148080,0.084086,6611.9,6008.7,-0.139347,0.042027,-1.000000,3.9848,1.0000,,,,,
7.5720,1778836340.138427,631,24.519639,1.263841,0.267103,4.0190,0.3141,0.328850,24.523910,1.183382,0.261655,3.9587,24.542035,1.274955,0.269131,3.9896,0.2672,0.333867,-0.289566,0.3124,24.542035,1.274955,0.409125,5.0000,-1.000000,0.863532,121.0151,0,1,clay,1.0000,0.500000,0,0,0.000000,0.000000,0.000000,0,nan,0.00,0.580492,0.5855,0.0000,0.306500,0.5987,0.45,5.25,6.16,5.28,-0.902418,-0.5672,-1.0413,0.008000,0.115104,0.8407,-0.012982,-0.123244,0.081121,2292.5987831601747,2075.351283958831,1599.5460101527726,3336.769220089807,0.131555,0.079711,6606.7,6013.8,-0.130345,0.053030,-1.000000,3.9914,1.0000,,,,,
7.5840,1778836340.150390,632,24.631912,1.106414,0.260891,3.9038,0.2017,0.326798,24.567425,1.204528,0.265590,3.9631,24.654339,1.117329,0.262916,3.9728,0.2589,0.331459,-0.264023,0.3003,24.654339,1.117329,0.393318,5.0000,1.000000,0.828012,129.3421,0,1,clay,1.0000,0.500000,0,0,0.000000,0.000000,0.000000,0,nan,0.00,0.603220,0.5895,0.0000,0.318500,0.6086,0.46,5.24,6.16,5.20,-0.881272,-0.3418,-1.0369,0.008000,0.128498,0.0111,-0.010224,-0.114273,0.084685,2051.3927720747956,2033.2294134990893,1568.5728598573057,3251.041189187281,0.120314,0.081887,6600.2,6020.4,-0.118926,0.086933,-1.000000,3.9745,1.0000,,,,,
7.5960,1778836340.162434,633,24.577054,1.266823,0.275999,4.0070,0.2084,0.324715,24.610896,1.225830,0.269469,3.9651,24.599321,1.278070,0.278032,3.9792,0.2583,0.335077,-0.247450,0.3247,24.599321,1.278070,0.419183,5.0000,-1.000000,0.777364,121.2749,0,1,clay,1.0000,0.500000,0,0,0.000000,0.000000,0.000000,0,nan,0.00,0.580492,0.5937,0.0000,0.306500,0.6179,0.46,5.25,6.16,5.28,-0.859970,-0.1195,-1.0349,0.008000,0.071021,0.1168,0.013175,-0.102947,0.088872,2065.711089099249,1932.398399814595,1480.00133114986,3299.0928205675737,0.133680,0.082740,6595.9,6024.6,-0.111508,0.068981,1.000000,3.9808,1.0000,,,,,
7.6080,1778836340.174401,634,24.663276,1.235373,0.271408,3.9732,0.3016,0.303158,24.654363,1.247225,0.273246,3.9718,24.685637,1.246565,0.273411,3.9781,0.2685,0.327889,-0.197638,0.3003,24.685637,1.246565,0.423964,5.0000,1.000000,0.709892,123.0209,0,1,clay,1.0000,0.500000,0,0,0.000000,0.000000,0.000000,0,nan,0.00,0.603220,0.5978,0.0000,0.318500,0.6265,0.46,5.22,6.15,5.09,-0.907475,0.3914,-1.0282,0.008000,0.070979,-0.1491,0.017837,-0.094744,0.076986,2339.0114614067243,2261.23774683403,1658.6444330310974,3009.9967679207934,0.119722,0.077281,6583.2,6037.3,-0.089382,0.079858,-1.000000,3.9793,1.0000,,,,,
7.6200,1778836340.186469,635,24.746319,1.318777,0.275888,3.9429,0.2374,0.301226,24.697879,1.268598,0.276884,3.9727,24.768520,1.330008,0.277873,3.9712,0.2712,0.328268,-0.172680,0.3246,24.768520,1.330008,0.418157,4.9987,-1.000000,0.645378,119.2746,0,1,clay,1.0000,0.500000,0,0,0.000000,0.000000,0.000000,0,nan,0.00,0.580492,0.6019,0.0000,0.306500,0.6342,0.46,5.24,6.16,5.31,-0.886102,0.5998,-1.0259,0.008000,0.196671,0.1736,0.028448,-0.094707,0.073868,1801.8728103842063,1830.192449253444,1590.4736959266074,2931.813628990809,0.133031,0.075926,6576.8,6043.8,-0.078172,0.087267,1.000000,3.9722,1.0000,,,,,
7.6320,1778836340.198430,636,24.818787,1.350308,0.269399,3.9176,0.3084,0.306819,24.741263,1.290178,0.280577,3.9659,24.841025,1.361429,0.271365,3.9605,0.2800,0.322847,-0.192211,0.3003,24.841025,1.361429,0.410834,4.9905,0.435179,0.635875,121.3959,0,1,clay,1.0000,0.500000,0,0,0.000000,0.000000,0.000000,0,nan,0.00,0.590383,0.6060,0.0000,0.311722,0.6418,0.46,5.22,6.14,5.10,-0.864522,0.8114,-1.0246,0.008000,0.062048,-0.1076,0.023201,-0.077322,0.072884,1974.2313591133552,1486.1029119158256,1655.5266422658096,2906.0065582115703,0.118100,0.071937,6581.6,6038.9,-0.086624,-0.106016,-1.000000,3.9617,1.0000,,,,,
7.6440,1778836340.210414,637,24.736499,1.175814,0.288132,4.0109,0.2159,0.310361,24.784412,1.311886,0.284285,3.9469,24.758516,1.187290,0.290092,3.9697,0.2751,0.324092,-0.241171,0.3144,24.758516,1.187290,0.412510,4.9994,1.000000,0.682060,122.7910,0,1,clay,1.0000,0.500000,0,0,0.000000,0.000000,0.000000,0,nan,0.00,0.613110,0.6102,0.0000,0.323722,0.6500,0.46,5.21,6.14,5.20,-0.842814,1.0238,-1.0525,0.008000,0.127147,0.2687,0.026306,-0.081203,0.069875,965.5925935554876,996.0666303113959,1649.767514377621,3053.3543332081736,0.125882,0.073172,6594.0,6026.5,-0.108209,-0.253234,0.435179,3.9712,1.0000,,,,,
7.6560,1778836340.222364,638,24.791472,1.300090,0.287352,4.0083,0.2482,0.308408,24.827243,1.333592,0.287961,3.9220,24.813473,1.311542,0.289309,3.9768,0.2779,0.325975,-0.260111,0.3298,24.813473,1.311542,0.432732,4.9942,-1.000000,0.717543,121.1231,0,1,clay,1.0000,0.500000,0,0,0.000000,0.000000,0.000000,0,nan,0.00,0.590383,0.6143,0.0000,0.311722,0.6586,0.45,5.20,6.11,5.14,-0.821108,1.2344,-1.0721,0.008000,0.054584,-0.2809,0.048575,-0.062332,0.079906,782.3945061362731,935.6134618185458,1474.9937868373822,3048.356007548536,0.138546,0.072450,6598.9,6021.7,-0.116692,-0.326071,1.000000,3.9784,1.0000,,,,,
7.6680,1778836340.234352,639,24.926376,1.319989,0.287775,3.9273,0.1799,0.295653,24.869772,1.355172,0.291557,3.9008,24.948299,1.331279,0.289697,3.9666,0.2629,0.319287,-0.306239,0.3056,24.948299,1.331279,0.435844,4.9683,-0.785732,0.790039,125.2458,0,1,clay,1.0000,0.500000,0,0,0.000000,0.000000,0.000000,0,nan,0.00,0.572525,0.6185,0.0000,0.302293,0.6681,0.45,5.19,6.10,5.13,-0.799528,1.4405,-1.0675,0.008000,0.049849,-0.6714,0.016587,-0.085608,0.062045,687.1444508106747,704.7697873098925,1485.0548978142879,2958.6227037303424,0.130543,0.074405,6610.6,6009.9,-0.137150,-0.367938,-1.000000,3.9685,1.0000,,,,,
7.6800,1778836340.246408,640,24.935653,1.336023,0.300054,3.8568,0.2850,0.297545,24.911980,1.376719,0.295131,3.8765,24.957235,1.347527,0.301951,3.9447,0.2703,0.315321,-0.348904,0.2975,24.957235,1.347527,0.444969,4.9659,-1.000000,0.874662,130.4053,0,1,clay,1.0000,0.500000,0,0,0.000000,0.000000,0.000000,0,nan,0.00,0.549798,0.6228,0.0000,0.290293,0.6786,0.45,5.18,6.08,5.12,-0.845481,1.9736,-1.0895,0.008000,0.125886,-0.1412,-0.013797,-0.090398,0.059831,456.7556918849933,676.1402429300949,1344.726081990303,2887.508384888355,0.118624,0.071283,6621.5,5999.0,-0.156178,-0.423752,-0.785732,3.9469,1.0000,,,,,
7.6920,1778836340.258477,641,24.927621,1.398865,0.300088,3.8852,0.1824,0.297705,24.953821,1.398214,0.298705,3.8473,24.949245,1.410290,0.301973,3.9325,0.2573,0.311046,-0.390766,0.2842,24.949245,1.410290,0.434987,4.9681,-1.000000,0.961612,132.6871,0,1,clay,1.0000,0.500000,0,0,0.000000,0.000000,0.000000,0,nan,0.00,0.527071,0.6271,0.0000,0.278293,0.6901,0.46,5.17,6.10,5.12,-0.823986,2.1784,-1.1208,0.008000,0.136124,0.2307,-0.011471,-0.103446,0.052511,206.72951033083953,834.2968351429533,1259.073572600314,2944.377800819516,0.109722,0.073680,6632.3,5988.3,-0.174898,-0.480125,-1.000000,3.9349,1.0000,,,,,
7.7040,1778836340.270413,642,24.993521,1.452591,0.298192,3.7386,0.1995,0.298502,24.995324,1.419673,0.302290,3.8281,25.014898,1.463803,0.300055,3.8944,0.2493,0.306992,-0.417985,0.2722,25.014898,1.463803,0.476533,4.9479,-0.586743,1.043292,144.9223,0,1,clay,1.0000,0.500000,0,0,0.000000,0.000000,0.000000,0,nan,0.00,0.513736,0.6316,0.0000,0.271252,0.7027,0.46,5.18,6.10,5.21,-0.802527,2.3838,-1.1198,0.008000,0.035095,-0.7647,-0.057529,-0.106542,0.055437,135.13717632168363,533.11654408643,1142.6823052452173,2851.9938985231515,0.098085,0.075394,6639.3,5981.3,-0.187142,-0.515343,-1.000000,3.8969,1.0000,,,,,
7.7160,1778836340.282437,643,25.158026,1.347229,0.302959,3.7759,0.1811,0.297705,25.036497,1.441047,0.305858,3.7971,25.179267,1.358449,0.304812,3.8707,0.2405,0.304466,-0.456255,0.2677,25.179267,1.358449,0.420813,4.8796,1.000000,1.142981,149.4506,0,1,clay,1.0000,0.500000,0,0,0.000000,0.000000,0.000000,0,nan,0.00,0.536463,0.6361,0.0000,0.283252,0.7164,0.46,5.17,6.10,5.14,-0.781153,2.5882,-1.0825,0.008000,0.138393,-0.1857,-0.084782,-0.131648,0.030631,8.10430126854149,525.8291733182285,1047.5608642700288,2875.9002930496563,0.092620,0.077504,6649.1,5971.4,-0.204264,-0.579409,-0.586743,3.8735,1.0000,,,,,
7.7280,1778836340.294469,644,25.072753,1.504387,0.308147,3.8620,0.2126,0.308006,25.077283,1.462429,0.309488,3.7671,25.093890,1.515726,0.310013,3.8683,0.2427,0.308621,-0.492355,0.2893,25.093890,1.515726,0.478764,4.9173,-1.000000,1.218690,153.0632,0,1,clay,1.0000,0.500000,0,0,0.000000,0.000000,0.000000,0,nan,0.00,0.513736,0.6409,0.0000,0.271252,0.7310,0.46,5.16,6.09,5.11,-0.759771,2.7962,-1.1502,0.008000,0.057043,-0.1463,-0.082613,-0.127511,0.047417,132.0087671363678,530.5329837340792,935.378793962788,3019.560882504471,0.104333,0.078194,6658.4,5962.1,-0.220469,-0.480511,1.000000,3.8713,1.0000,,,,,
7.7400,1778836340.306427,645,25.094459,1.426218,0.319500,3.6934,0.2295,0.306482,25.117686,1.483856,0.313186,3.7446,25.115204,1.437686,0.321352,3.8338,0.2416,0.304955,-0.495304,0.2652,25.115204,1.437686,0.457532,4.9082,-0.467941,1.276817,161.3460,0,1,clay,1.0000,0.500000,0,0,0.000000,0.000000,0.000000,0,nan,0.00,0.503101,0.6458,0.0000,0.265637,0.7463,0.46,5.16,6.07,5.12,-0.738344,3.0081,-1.1636,0.008000,0.159257,0.9082,-0.104394,-0.147497,0.017608,370.00500424666825,858.9538307973271,1025.975449733315,2863.4503729894727,0.089906,0.078441,6659.3,5961.3,-0.221964,-0.296570,-1.000000,3.8369,1.0000,,,,,
7.7520,1778836340.318401,646,25.260415,1.478941,0.316816,3.7549,0.2040,0.296427,25.157849,1.505178,0.316824,3.7264,25.281078,1.490267,0.318653,3.8183,0.2383,0.302673,-0.442005,0.2628,25.281078,1.490267,0.453906,4.8336,-1.000000,1.263511,160.4966,0,1,clay,1.0000,0.500000,0,0,0.000000,0.000000,0.000000,0,nan,0.00,0.480373,0.6508,0.0000,0.253637,0.7615,0.45,5.17,6.07,5.22,-0.782822,3.5958,-1.1072,0.008000,0.176656,-0.3257,-0.124591,-0.179318,-0.004276,816.133673599989,671.3265655091244,993.4886280405733,2811.640167390098,0.084895,0.078818,6645.9,5974.7,-0.198581,-0.244498,-0.467941,3.8210,1.0000,,,,,
7.7640,1778836340.330422,647,25.168701,1.562426,0.328256,3.7444,0.0777,0.304394,25.197701,1.526532,0.320499,3.7043,25.189254,1.573822,0.330089,3.8036,0.2116,0.299883,-0.418002,0.2476,25.189254,1.573822,0.490312,4.8751,-1.000000,1.227072,163.2101,0,1,clay,1.0000,0.500000,0,0,0.000000,0.000000,0.000000,0,nan,0.00,0.457646,0.6560,0.0000,0.241637,0.7762,0.46,5.17,6.09,5.20,-0.761468,3.8064,-1.1708,0.008000,0.060833,0.3638,-0.144579,-0.193897,0.018210,608.8509808149716,930.3239010532577,1030.591095274717,2941.325998658382,0.078887,0.086230,6639.8,5980.8,-0.187955,-0.202074,-1.000000,3.8062,1.0000,,,,,
7.7760,1778836340.342324,648,25.189316,1.539372,0.327648,3.6560,0.1557,0.312619,25.237222,1.547997,0.324259,3.6832,25.209707,1.550651,0.329481,3.7744,0.2035,0.298595,-0.449884,0.2356,25.209707,1.550651,0.497372,4.8657,-0.684260,1.248689,174.2008,0,1,clay,1.0000,0.500000,0,0,0.000000,0.000000,0.000000,0,nan,0.00,0.442095,0.6613,0.0000,0.233426,0.7912,0.45,5.16,6.06,5.10,-0.740003,4.0218,-1.1825,0.008000,0.119242,0.3450,-0.158877,-0.194169,0.020404,525.521413428486,1298.6496749435378,907.9038108921415,2951.8731885063653,0.066476,0.089408,6647.8,5972.8,-0.201932,-0.144572,-1.000000,3.7771,1.0000,,,,,
7.7880,1778836340.354398,649,25.200594,1.533870,0.328749,3.6761,0.2293,0.319892,25.276413,1.569587,0.328085,3.6632,25.220772,1.545156,0.330587,3.7547,0.2102,0.299343,-0.462567,0.2293,25.220772,1.545156,0.500974,4.8607,-0.368047,1.277241,180.2067,0,1,clay,1.0000,0.500000,0,0,0.000000,0.000000,0.000000,0,nan,0.00,0.433730,0.6667,0.0000,0.229009,0.8065,0.45,5.15,6.05,5.10,-0.718413,4.2410,-1.1975,0.008000,0.110567,-0.2713,-0.152280,-0.176413,0.037180,603.1683558081861,1246.1484631668604,771.924862453232,2989.137899210974,0.053858,0.088786,6651.0,5969.5,-0.207579,-0.111070,-0.684260,3.7576,1.0000,,,,,
7.8000,1778836340.366322,650,25.379367,1.621223,0.342843,3.5353,0.0974,0.316021,25.315328,1.591188,0.331896,3.6419,25.399120,1.632579,0.344681,3.7115,0.1929,0.299294,-0.497366,0.2268,25.399120,1.632579,0.504530,4.7827,-1.000000,1.341804,192.2676,0,1,clay,1.0000,0.500000,0,0,0.000000,0.000000,0.000000,0,nan,0.00,0.411003,0.6723,0.0000,0.217009,0.8226,0.44,5.14,6.03,5.10,-0.696812,4.4594,-1.1408,0.008000,0.079824,0.5595,-0.178921,-0.171361,0.060465,-938.5878899590255,1155.8866102030404,686.8485761723693,2883.8128335114616,0.051507,0.095399,6659.9,5960.7,-0.223011,-0.033051,-0.368047,3.7145,1.0000,,,,,
7.8120,1778836340.378392,651,25.331125,1.488285,0.338943,3.6155,0.1759,0.308989,25.354039,1.612703,0.335631,3.6307,25.350763,1.499474,0.340766,3.6924,0.1908,0.296244,-0.491965,0.2110,25.350763,1.499474,0.478799,4.8033,1.000000,1.378925,199.3801,0,1,clay,1.0000,0.500000,0,0,0.000000,0.000000,0.000000,0,nan,0.00,0.433730,0.6780,0.0000,0.229009,0.8392,0.44,5.15,6.02,5.16,-0.675297,4.6734,-1.1726,0.008000,0.164856,0.4692,-0.157212,-0.157272,0.064091,560.9815805564381,1232.259355320944,606.1894255301187,2865.4265799921313,0.038516,0.095720,6658.6,5962.0,-0.220789,-0.025651,-1.000000,3.6954,1.0000,,,,,
7.8240,1778836340.390429,652,25.366280,1.645182,0.335998,3.6837,0.0952,0.306559,25.392553,1.634167,0.339307,3.6157,25.385958,1.656243,0.337827,3.6901,0.1802,0.299259,-0.500788,0.2350,25.385958,1.656243,0.493682,4.7883,-1.000000,1.401194,197.9601,0,1,clay,1.0000,0.500000,0,0,0.000000,0.000000,0.000000,0,nan,0.00,0.411003,0.6839,0.0000,0.217009,0.8560,0.44,5.14,6.01,5.09,-0.717833,5.2892,-1.1726,0.008000,0.189802,0.0423,-0.131971,-0.181897,0.048039,-325.2885954351212,1672.1970143777266,593.9795168837207,2921.9727946542157,0.054633,0.099616,6660.9,5959.7,-0.224782,-0.015811,1.000000,3.6931,1.0000,,,,,
7.8360,1778836340.402438,653,25.353049,1.585811,0.343522,3.6564,0.2651,0.306559,25.430875,1.655687,0.342986,3.6070,25.372550,1.597077,0.345337,3.6830,0.1956,0.295346,-0.498291,0.2110,25.372550,1.597077,0.512883,4.7940,-1.000000,1.415017,201.8574,0,1,clay,1.0000,0.500000,0,0,0.000000,0.000000,0.000000,0,nan,0.00,0.388276,0.6899,0.0000,0.205009,0.8730,0.44,5.13,6.01,5.09,-0.696313,5.5000,-1.1870,0.008000,0.146607,0.1516,-0.133031,-0.132785,0.089868,29.00781361548843,1927.9777971434874,589.6583723386143,2843.9066446173897,0.037069,0.094067,6660.3,5960.3,-0.223735,0.006128,-1.000000,3.6860,1.0000,,,,,
7.8480,1778836340.414392,654,25.507126,1.688941,0.343462,3.5979,0.1056,0.288662,25.469198,1.677037,0.346491,3.6068,25.526533,1.700020,0.345243,3.6661,0.1806,0.289587,-0.476580,0.1990,25.526533,1.700020,0.498493,4.7284,-1.000000,1.407512,203.3213,0,1,clay,1.0000,0.500000,0,0,0.000000,0.000000,0.000000,0,nan,0.00,0.365548,0.6961,0.0000,0.193009,0.8899,0.44,5.17,6.04,5.37,-0.674963,5.7008,-1.1215,0.008000,0.079743,-0.4805,-0.115355,-0.132998,0.082540,-669.7149228378305,1351.798169223468,498.340643614106,2690.226126088318,0.029620,0.096591,6654.8,5965.8,-0.214177,0.036965,-1.000000,3.6689,1.0000,,,,,
7.8600,1778836340.426486,655,25.500306,1.739930,0.346987,3.4931,0.1863,0.294581,25.507483,1.698400,0.349984,3.6073,25.519647,1.751087,0.348764,3.6322,0.1823,0.285063,-0.442853,0.1870,25.519647,1.751087,0.554084,4.7313,-1.000000,1.375398,212.8550,0,1,clay,1.0000,0.500000,0,0,0.000000,0.000000,0.000000,0,nan,0.00,0.342821,0.7024,0.0000,0.181009,0.9064,0.44,5.20,6.08,5.37,-0.653600,5.9009,-1.1240,0.008000,0.135497,-0.1108,-0.139181,-0.128061,0.075031,-486.6429734160369,1952.3071112823172,371.0439630892034,2628.8054088915883,0.015733,0.095466,6646.3,5974.3,-0.199296,0.078221,-1.000000,3.6349,1.0000,,,,,
7.8720,1778836340.438558,656,25.526020,1.733961,0.353240,3.6758,0.1614,0.289030,25.545710,1.719908,0.353474,3.6117,25.545438,1.745258,0.355002,3.6403,0.1789,0.280581,-0.412344,0.1749,25.545438,1.745258,0.562153,4.7202,-1.000000,1.327886,209.1908,0,1,clay,1.0000,0.500000,0,0,0.000000,0.000000,0.000000,0,nan,0.00,0.320094,0.7088,0.0000,0.169009,0.9223,0.44,5.19,6.07,5.14,-0.632092,6.1009,-1.1085,0.008000,0.028431,-0.3918,-0.118982,-0.093388,0.102117,-82.41529046925717,1883.6424421779586,280.38239626249094,2698.47911918428,0.005623,0.094441,6638.5,5982.1,-0.185756,0.045266,-1.000000,3.6428,1.0000,,,,,
7.8840,1778836340.450471,657,25.572830,1.649586,0.358462,3.6704,0.0782,0.285528,25.584006,1.741431,0.356872,3.6209,25.592279,1.660867,0.360203,3.6459,0.1612,0.275911,-0.373799,0.1629,25.592279,1.660867,0.524119,4.6997,-0.612605,1.271158,206.4019,0,1,clay,1.0000,0.500000,0,0,0.000000,0.000000,0.000000,0,nan,0.00,0.306171,0.7152,0.0000,0.161658,0.9375,0.45,5.19,6.08,5.20,-0.610569,6.2956,-1.0789,0.008000,0.091870,-0.0503,-0.081210,-0.093779,0.103012,-318.43648191134304,2483.365117515817,212.97876270658648,2716.4638489612335,-0.000332,0.097707,6628.7,5991.9,-0.168610,0.054482,-1.000000,3.6482,1.0000,,,,,
7.8960,1778836340.462339,658,25.596416,1.709857,0.355798,3.6297,0.1296,0.275959,25.622435,1.762897,0.360155,3.6305,25.615878,1.721000,0.357510,3.6425,0.1565,0.271292,-0.337959,0.1579,25.615878,1.721000,0.509584,4.6894,-0.976720,1.204464,203.5961,0,1,clay,1.0000,0.500000,0,0,0.000000,0.000000,0.000000,0,nan,0.00,0.283973,0.7217,0.0000,0.149938,0.9520,0.44,5.18,6.06,5.11,-0.589103,6.4836,-1.0589,0.008000,0.048431,-0.2706,-0.063902,-0.106764,0.085380,-216.77853533468243,1839.9714794678716,127.13225378475727,2622.2103789663206,-0.005030,0.096983,6619.5,6001.1,-0.152630,0.076004,-0.612605,3.6446,1.0000,,,,,
7.9080,1778836340.474422,659,25.654159,1.801420,0.366178,3.6186,0.1748,0.263226,25.661004,1.784346,0.363365,3.6430,25.673461,1.812702,0.367848,3.6377,0.1592,0.264022,-0.292627,0.1440,25.673461,1.812702,0.559659,4.6639,-1.000000,1.124809,203.7505,0,1,clay,1.0000,0.500000,0,0,0.000000,0.000000,0.000000,0,nan,0.00,0.261245,0.7283,0.0000,0.137938,0.9655,0.44,5.19,6.07,5.25,-0.629654,7.1203,-1.0210,0.008000,0.074195,-0.4831,-0.022231,-0.075268,0.106048,-171.02364997571266,1877.417677857329,-5.33546013740542,2489.9713567723134,-0.015990,0.092925,6607.9,6012.6,-0.132431,0.090838,-0.976720,3.6395,1.0000,,,,,
7.9200,1778836340.487099,660,25.611060,1.831451,0.371342,3.5966,0.1312,0.257061,25.699704,1.805785,0.366485,3.6551,25.630343,1.842757,0.372976,3.6297,0.1535,0.256671,-0.248236,0.1319,25.630343,1.842757,0.550685,4.6830,-1.000000,1.036620,203.1770,0,1,clay,1.0000,0.500000,0,0,0.000000,0.000000,0.000000,0,nan,0.00,0.238518,0.7348,0.0000,0.125938,0.9779,0.45,5.19,6.09,5.22,-0.608215,7.2990,-1.0279,0.008000,0.159996,0.0545,-0.011960,-0.076091,0.093609,-89.87897027970256,1782.6477239055928,-148.94392379888833,2421.2502339710563,-0.024795,0.091495,6596.6,6024.0,-0.112625,0.108244,-1.000000,3.6312,1.0000,,,,,
7.9320,1778836340.498443,661,25.867694,1.894815,0.377461,3.6972,0.1209,0.252885,25.738542,1.827268,0.369546,3.6696,25.887017,1.906179,0.379057,3.6427,0.1468,0.249930,-0.202443,0.1199,25.887017,1.906179,0.553133,4.5684,-1.000000,0.955460,199.6574,0,1,clay,1.0000,0.500000,0,0,0.000000,0.000000,0.000000,0,nan,0.00,0.215791,0.7414,0.0000,0.113938,0.9894,0.44,5.19,6.08,5.19,-0.586732,7.4744,-0.8988,0.008000,0.164818,0.5562,0.003998,-0.074026,0.088245,-6.108777195247498,2108.4553043455066,-298.37252087161835,2429.9068998885823,-0.032485,0.090023,6584.8,6035.7,-0.092169,0.093662,-1.000000,3.6440,1.0000,,,,,
7.9440,1778836340.510377,662,25.822612,1.805527,0.371568,3.6395,0.1299,0.252849,25.777498,1.848851,0.372554,3.6842,25.841996,1.816693,0.373131,3.6421,0.1425,0.243930,-0.159021,0.1079,25.841996,1.816693,0.574582,4.5886,-1.000000,0.873523,200.8615,0,1,clay,1.0000,0.500000,0,0,0.000000,0.000000,0.000000,0,nan,0.00,0.193064,0.7478,0.0000,0.101938,0.9999,0.44,5.19,6.07,5.20,-0.565149,7.6468,-0.9044,0.008000,0.128073,-0.1892,0.009978,-0.075678,0.088049,26.226819699827573,2351.408965766391,-468.528239837593,2381.352338406838,-0.041956,0.088638,6573.7,6046.9,-0.072775,0.115215,-1.000000,3.6431,1.0000,,,,,
7.9560,1778836340.522383,663,25.741507,1.942153,0.371818,3.6765,0.0770,0.242524,25.816641,1.870399,0.375403,3.6973,25.760969,1.953205,0.373342,3.6488,0.1294,0.237025,-0.120180,0.0959,25.760969,1.953205,0.608266,4.6249,-1.000000,0.774868,194.8988,0,1,clay,1.0000,0.500000,0,0,0.000000,0.000000,0.000000,0,nan,0.00,0.170336,0.7542,0.0000,0.089938,1.0092,0.44,5.19,6.06,5.14,-0.543601,7.8100,-0.9276,0.008000,0.122425,-0.1366,0.031189,-0.072344,0.095009,-368.59731899078986,2384.333910510229,-584.9269516321019,2339.3048204553506,-0.048024,0.089204,6563.7,6056.8,-0.055405,0.115295,-1.000000,3.6496,1.0000,,,,,
7.9680,1778836340.534462,664,25.847968,1.941476,0.381334,3.5832,0.0259,0.231489,25.855921,1.891992,0.378179,3.7116,25.867344,1.952517,0.382815,3.6362,0.1095,0.228955,-0.079030,0.0839,25.867344,1.952517,0.627377,4.5773,-1.000000,0.693175,199.5064,0,1,clay,1.0000,0.500000,0,0,0.000000,0.000000,0.000000,0,nan,0.00,0.147609,0.7605,0.0000,0.077938,1.0175,0.45,5.17,6.06,5.08,-0.522008,7.9690,-0.8657,0.008000,0.011122,0.2329,0.048821,-0.080228,0.098807,87.34945100147004,2279.528637115035,-687.7649806617857,2263.831136346981,-0.052382,0.091801,6553.2,6067.4,-0.036974,0.143001,-1.000000,3.6367,1.0000,,,,,
7.9800,1778836340.546401,665,25.972676,1.966131,0.372403,3.6560,0.0844,0.226029,25.895343,1.913654,0.380900,3.7255,25.992138,1.976875,0.373836,3.6403,0.1033,0.221477,-0.032342,0.0719,25.992138,1.976875,0.623321,4.5210,-1.000000,0.611553,198.9331,0,1,clay,1.0000,0.500000,0,0,0.000000,0.000000,0.000000,0,nan,0.00,0.124882,0.7667,0.0000,0.065938,1.0248,0.44,5.17,6.05,5.15,-0.560146,8.6301,-0.7954,0.008000,0.113734,-0.6106,0.041418,-0.081497,0.093895,86.37891542125081,1950.8541617384935,-821.8769457847025,2222.570866046541,-0.060240,0.089974,6541.2,6079.3,-0.016133,0.130071,-1.000000,3.6405,1.0000,,,,,
7.9920,1778836340.558409,666,25.971310,1.932829,0.375643,3.8216,0.0812,0.214342,25.934946,1.935267,0.383476,3.7402,25.990979,1.943617,0.377029,3.6755,0.0974,0.213407,-0.002612,0.0599,25.990979,1.943617,0.545301,4.5215,-1.000000,0.532290,186.8369,0,1,clay,1.0000,0.500000,0,0,0.000000,0.000000,0.000000,0,nan,0.00,0.102155,0.7728,0.0000,0.053938,1.0312,0.44,5.18,6.07,5.24,-0.538533,8.7777,-0.7812,0.008000,0.105492,-0.6962,0.067051,-0.077363,0.087110,-172.92204451373755,1798.3713204199541,-915.9050345760063,2180.6638432278246,-0.066616,0.086856,6533.6,6087.0,-0.002789,0.092410,-1.000000,3.6755,1.0000,,,,,
8.0040,1778836340.570470,667,25.993681,2.007633,0.380574,3.7456,0.0927,0.203826,25.974746,1.956815,0.385902,3.7536,26.013468,2.018492,0.381913,3.6892,0.0942,0.204520,0.022324,0.0479,26.013468,2.018492,0.606762,4.5113,-1.000000,0.460323,183.2758,0,1,clay,1.0000,0.500000,0,0,0.000000,0.000000,0.000000,0,nan,0.00,0.079427,0.7787,0.0000,0.041938,1.0368,0.45,5.18,6.08,5.21,-0.516985,8.9167,-0.7577,0.008000,0.118872,-0.2329,0.080384,-0.067898,0.083825,-159.58989373695866,2666.3896425880857,-1038.5804081722436,2062.435899008816,-0.074384,0.083185,6527.1,6093.4,0.008429,0.110547,-1.000000,3.6891,1.0000,,,,,
8.0160,1778836340.582408,668,25.953476,1.939944,0.391920,3.7133,0.1864,0.191171,26.014715,1.978316,0.388174,3.7660,25.973164,1.951041,0.393203,3.6940,0.1077,0.194960,0.041018,0.0359,25.973164,1.951041,0.552938,4.5295,-1.000000,0.404125,180.5799,0,1,clay,1.0000,0.500000,0,0,0.000000,0.000000,0.000000,0,nan,0.00,0.056700,0.7844,0.0000,0.029938,1.0416,0.45,5.19,6.08,5.20,-0.495484,9.0469,-0.7635,0.008000,0.069226,-0.1335,0.085288,-0.032980,0.093502,-251.5524034434444,2288.9736894701814,-1197.200380564487,1870.1454203905967,-0.086993,0.074369,6522.3,6098.3,0.016877,0.124289,-1.000000,3.6938,1.0000,,,,,
8.0280,1778836340.594380,669,25.917161,2.021068,0.399774,3.7417,0.0599,0.152607,26.054949,1.999552,0.390160,3.7817,25.936921,2.032162,0.400970,3.7036,0.0961,0.180590,0.089051,0.0239,25.936921,2.032162,0.602522,4.5459,-1.000000,0.317681,177.6208,0,1,clay,1.0000,0.500000,0,0,0.000000,0.000000,0.000000,0,nan,0.00,0.033973,0.7900,0.0000,0.017938,1.0454,0.45,5.19,6.08,5.19,-0.474248,9.1607,-0.7642,0.008000,0.031000,0.0648,0.098188,-0.033623,0.091015,-56.497929824102044,1627.1547869357069,-1310.3778037121883,1705.7572958422002,-0.089621,0.070319,6510.0,6110.5,0.038234,0.128284,-1.000000,3.7031,1.0000,,,,,
8.0400,1778836340.606311,670,26.074094,1.989042,0.389293,3.8191,0.1184,0.133225,26.095500,2.020409,0.391819,3.7910,26.094112,1.999833,0.390395,3.7262,0.0966,0.165722,0.109337,0.0119,26.094112,1.999833,0.627511,4.4746,-1.000000,0.262551,174.4449,0,1,clay,1.0000,0.500000,0,0,0.000000,0.000000,0.000000,0,nan,0.00,0.011245,0.7953,0.0000,0.005938,1.0486,0.44,5.18,6.07,5.16,-0.453391,9.2557,-0.6836,0.008000,0.166198,-0.8455,0.103021,-0.014712,0.094370,-232.14065949014355,1547.8083702079546,-1387.672444499177,1552.278369492757,-0.095053,0.062057,6504.8,6115.8,0.047425,0.118335,-1.000000,3.7255,1.0000,,,,,
8.0520,1778836340.618352,671,26.092584,2.031615,0.398694,3.7518,0.0889,0.140531,26.136115,2.041371,0.393505,3.7986,26.112535,2.042455,0.399725,3.7313,0.0915,0.154310,0.119708,-0.0001,26.112535,2.042455,0.614145,4.4662,-1.000000,0.218437,172.2820,0,1,clay,1.0000,0.500000,0,0,0.000000,0.000000,0.000000,0,nan,0.00,-0.011482,0.8005,0.0000,-0.006062,1.0512,0.44,5.17,6.04,5.10,-0.489829,9.8711,-0.6675,0.008000,0.076097,0.0671,0.104363,-0.013676,0.093555,898.6717841368338,1639.9095109423715,-1431.4014494816508,1476.903095838163,-0.101264,0.057824,6502.1,6118.5,0.052154,0.132232,-1.000000,3.7306,1.0000,,,,,
8.0640,1778836340.630403,672,26.149822,2.073247,0.394400,3.7223,0.0677,0.154256,26.176710,2.062710,0.395342,3.8122,26.169792,2.083860,0.395386,3.7298,0.0832,0.146808,0.130691,-0.0121,26.169792,2.083860,0.596962,4.4398,-1.000000,0.188906,172.7998,0,1,clay,1.0000,0.500000,0,0,0.000000,0.000000,0.000000,0,nan,0.00,-0.034209,0.8055,0.0000,-0.018062,1.0535,0.43,5.18,6.05,5.22,-0.468490,9.9763,-0.6276,0.008000,0.090813,-0.1515,0.092175,-0.004268,0.107140,1621.3206714615555,1614.9703254756805,-1468.9773243567727,1460.623728219733,-0.108792,0.056811,6499.2,6121.4,0.057123,0.136414,-1.000000,3.7290,1.0000,,,,,
8.0760,1778836340.642473,673,26.237508,2.060778,0.399459,3.8078,0.0004,0.157955,26.217358,2.084379,0.397225,3.8277,26.257604,2.071393,0.400415,3.7452,0.0643,0.140842,0.162936,-0.0241,26.257604,2.071393,0.614635,4.3988,-1.000000,0.144597,170.9512,0,1,clay,1.0000,0.500000,0,0,0.000000,0.000000,0.000000,0,nan,0.00,-0.056936,0.8103,0.0000,-0.030062,1.0552,0.43,5.16,6.03,5.08,-0.446821,10.0842,-0.5711,0.008000,0.087697,-0.3582,0.115909,-0.006146,0.124557,1570.1588808432075,1783.5405232091757,-1494.2163501918571,1508.867345381469,-0.113601,0.059539,6491.0,6129.6,0.071438,0.113213,-1.000000,3.7443,1.0000,,,,,
8.0880,1778836340.654499,674,26.258968,2.019882,0.406063,3.8554,0.0721,0.148687,26.258158,2.106153,0.399011,3.8422,26.279146,2.030619,0.406983,3.7669,0.0612,0.134244,0.193591,-0.0361,26.279146,2.030619,0.555639,4.3886,-1.000000,0.090252,164.8193,0,1,clay,1.0000,0.500000,0,0,0.000000,0.000000,0.000000,0,nan,0.00,-0.079664,0.8149,0.0000,-0.042062,1.0563,0.44,5.17,6.06,5.22,-0.425047,10.1865,-0.5464,0.008000,0.143027,0.5775,0.128734,-0.000889,0.130080,1528.6168134123886,1444.1841595018084,-1572.8213364826584,1447.7633601579382,-0.122517,0.057091,6483.2,6137.4,0.085091,0.102672,-1.000000,3.7658,1.0000,,,,,
8.1000,1778836340.666329,675,26.315901,2.090484,0.392112,3.8099,0.2100,0.148061,26.299064,2.128080,0.400780,3.8567,26.336250,2.101048,0.393002,3.7756,0.0825,0.128388,0.219017,-0.0481,26.336250,2.101048,0.601545,4.3615,-1.000000,0.036349,163.6090,0,1,clay,1.0000,0.500000,0,0,0.000000,0.000000,0.000000,0,nan,0.00,-0.102391,0.8193,0.0000,-0.054062,1.0567,0.44,5.18,6.05,5.19,-0.403120,10.2879,-0.5048,0.008000,0.028997,-0.3585,0.099061,0.030968,0.129700,1190.196718477503,1157.1229384853941,-1685.0373146069487,1258.1341278531518,-0.139225,0.048155,6476.6,6143.9,0.096463,0.115439,-1.000000,3.7743,1.0000,,,,,
8.1120,1778836340.678394,676,26.323797,2.153123,0.408352,3.9955,0.1826,0.152152,26.340039,2.150271,0.402589,3.8717,26.344206,2.164172,0.409221,3.8185,0.0944,0.124055,0.230725,-0.0601,26.344206,2.164172,0.578781,4.3577,-1.000000,-0.018275,152.7282,0,1,clay,1.0000,0.500000,0,0,0.000000,0.000000,0.000000,0,nan,0.00,-0.125118,0.8234,0.0000,-0.066062,1.0565,0.44,5.16,6.04,5.07,-0.380929,10.3916,-0.4860,0.008000,0.044647,0.3430,0.125677,0.060906,0.140951,1382.6427692233106,1577.410292118771,-1750.9816073442285,1154.99150454937,-0.153008,0.042331,6473.6,6147.0,0.101776,0.072342,-1.000000,3.8171,1.0000,,,,,
8.1240,1778836340.690366,677,26.409068,2.114916,0.403500,3.7565,0.1713,0.148370,26.381119,2.172652,0.404374,3.8862,26.429415,2.125828,0.404342,3.8069,0.1017,0.119294,0.247714,-0.0721,26.429415,2.125828,0.604025,4.3174,-1.000000,-0.048625,157.4276,0,1,clay,1.0000,0.500000,0,0,0.000000,0.000000,0.000000,0,nan,0.00,-0.147845,0.8274,0.0000,-0.078062,1.0559,0.44,5.15,6.03,5.06,-0.413548,11.0485,-0.4312,0.008000,0.112153,-0.5271,0.107282,0.065984,0.134646,1476.7636492963484,1257.5357988422513,-1837.7817364750804,1044.3446740926554,-0.166758,0.038428,6469.2,6151.4,0.109424,0.126237,-1.000000,3.8054,1.0000,,,,,
8.1360,1778836340.702382,678,26.424493,2.127626,0.407882,3.8158,0.1735,0.146721,26.422296,2.195176,0.406137,3.8983,26.444780,2.138629,0.408702,3.8090,0.1076,0.114784,0.265519,-0.0841,26.444780,2.138629,0.601903,4.3101,-1.000000,-0.085057,157.0121,0,1,clay,1.0000,0.500000,0,0,0.000000,0.000000,0.000000,0,nan,0.00,-0.170573,0.8311,0.0000,-0.090062,1.0549,0.45,5.15,6.04,5.16,-0.391024,11.1495,-0.4119,0.008000,0.182491,-0.6387,0.094907,0.093083,0.151518,1273.0050066210429,1105.084210075443,-1895.9125456076695,954.7561000827836,-0.179848,0.034904,6464.6,6155.9,0.117366,0.113075,-1.000000,3.8074,1.0000,,,,,
8.1480,1778836340.714325,679,26.478706,2.168332,0.405688,3.8996,0.1357,0.149256,26.463534,2.217880,0.407906,3.9093,26.499108,2.179291,0.406491,3.8269,0.1053,0.111176,0.280800,-0.0961,26.499108,2.179291,0.584659,4.2849,-1.000000,-0.120093,153.3539,0,1,clay,1.0000,0.500000,0,0,0.000000,0.000000,0.000000,0,nan,0.00,-0.193300,0.8346,0.0000,-0.102062,1.0534,0.44,5.16,6.04,5.20,-0.368320,11.2508,-0.3756,0.008000,0.054796,-0.0733,0.088148,0.095594,0.144194,1200.6501669690624,1126.5468122614425,-1934.7173053511524,933.761596232087,-0.190603,0.034057,6460.7,6159.8,0.124210,0.099541,-1.000000,3.8253,1.0000,,,,,
8.1600,1778836340.726402,680,26.588498,2.239437,0.406291,3.9132,0.1918,0.148637,26.504825,2.240792,0.409691,3.9210,26.609060,2.250520,0.407082,3.8441,0.1127,0.107555,0.298163,-0.1081,26.609060,2.250520,0.673499,4.2346,-1.000000,-0.156626,153.6061,0,1,clay,1.0000,0.500000,0,0,0.000000,0.000000,0.000000,0,nan,0.00,-0.216027,0.8379,0.0000,-0.114062,1.0516,0.45,5.16,6.06,5.18,-0.345408,11.3531,-0.3136,0.008000,0.147023,-0.5079,0.098990,0.116112,0.155525,1310.4917978336232,1343.2951591573674,-1989.161918821922,843.446629860768,-0.204287,0.030480,6456.3,6164.3,0.131971,0.097202,-1.000000,3.8423,1.0000,,,,,
8.1720,1778836340.738365,681,26.490134,2.319154,0.415456,3.9584,0.1261,0.149750,26.546189,2.263884,0.411484,3.9337,26.510718,2.330424,0.416233,3.8667,0.1069,0.104531,0.314641,-0.1201,26.510718,2.588499,0.211085,4.2796,-1.000000,-0.223104,155.0488,0,1,clay,1.0000,0.500000,0,0,0.000000,0.000000,0.000000,0,nan,0.00,-0.238755,0.8410,0.0000,-0.126062,1.0489,0.44,5.15,6.04,5.09,-0.322316,11.4558,-0.3459,0.008000,0.063587,0.3088,0.121912,0.121930,0.160412,1369.4326985200923,959.0224870025305,-2020.9833450753613,851.2489386430473,-0.214234,0.030937,6452.0,6168.5,0.139344,0.086403,-1.000000,3.8648,1.0000,,,,,
8.1840,1778836340.750374,682,26.605359,2.385753,0.418931,3.9556,0.2081,0.146792,26.587643,2.287144,0.413250,3.9467,26.625976,2.397172,0.419694,3.8844,0.1163,0.101202,0.333337,-0.1321,26.625976,2.612900,0.206177,4.2267,-1.000000,-0.298179,160.6815,0,1,clay,1.0000,0.500000,0,0,0.000000,0.000000,0.000000,0,nan,0.00,-0.261482,0.8439,0.0000,-0.138062,1.0453,0.45,5.15,6.04,5.12,-0.299056,11.5570,-0.2800,0.008000,0.142606,0.2539,0.120809,0.148841,0.170005,1089.355329321552,1470.8049161652675,-2076.838207440011,745.091406924809,-0.228423,0.026970,6447.2,6173.4,0.147776,0.087755,-1.000000,3.8823,1.0000,,,,,
8.1960,1778836340.762420,683,26.675551,2.218108,0.411503,3.9707,0.2026,0.144481,26.629181,2.310538,0.414990,3.9583,26.696302,2.229416,0.412249,3.9015,0.1225,0.097767,0.337105,-0.1441,26.696302,2.229416,0.578460,4.1923,-1.000000,-0.317032,141.3545,0,1,clay,1.0000,0.500000,0,0,0.000000,0.000000,0.000000,0,nan,0.00,-0.284209,0.8465,0.0000,-0.150062,1.0415,0.45,5.14,6.03,5.12,-0.327962,12.2649,-0.2339,0.008000,0.062963,-0.5102,0.113136,0.164668,0.167244,1297.6084616692604,1388.2811820064962,-2135.4096460898695,668.3661538109466,-0.241648,0.023853,6446.1,6174.4,0.149639,0.084974,-1.000000,3.8994,1.0000,,,,,
8.2080,1778836340.774408,684,26.635224,2.381217,0.411784,3.9167,0.0819,0.149813,26.670783,2.334136,0.416748,3.9700,26.656019,2.392426,0.412522,3.9049,0.1058,0.095224,0.345008,-0.1561,26.656019,2.619164,0.204902,4.2123,-1.000000,-0.345792,150.6584,0,1,clay,1.0000,0.500000,0,0,0.000000,0.000000,0.000000,0,nan,0.00,-0.306936,0.8488,0.0000,-0.162062,1.0374,0.45,5.16,6.05,5.26,-0.304364,12.3656,-0.2423,0.008000,0.115842,0.3406,0.105247,0.140948,0.164140,1298.2091313528235,951.6931702735377,-2157.55499065263,764.23101126241,-0.249397,0.027851,6444.1,6176.5,0.153178,0.097524,-1.000000,3.9028,1.0000,,,,,
8.2200,1778836340.786411,685,26.790387,2.313678,0.415611,3.9806,0.1322,0.150482,26.712418,2.357935,0.418546,3.9788,26.811260,2.324983,0.416341,3.9199,0.1007,0.092830,0.342318,-0.1681,26.811260,2.324983,0.640693,4.1282,-1.000000,-0.359187,143.3754,0,1,clay,1.0000,0.500000,0,0,0.000000,0.000000,0.000000,0,nan,0.00,-0.329664,0.8510,0.0000,-0.174062,1.0330,0.44,5.16,6.04,5.17,-0.280565,12.4686,-0.1494,0.008000,0.111295,-0.3447,0.076251,0.140214,0.169446,1259.6004126474263,754.4536881301187,-2198.2954077763443,790.1514643102424,-0.260185,0.028545,6444.7,6175.8,0.152068,0.083976,-1.000000,3.9178,1.0000,,,,,
8.2320,1778836340.798444,686,26.789655,2.405982,0.417722,4.0020,0.2682,0.165969,26.754036,2.382071,0.420475,3.9888,26.810630,2.417554,0.418465,3.9361,0.1199,0.092842,0.322313,-0.1801,26.810630,2.650767,0.198337,4.1285,-1.000000,-0.362769,151.8606,0,1,clay,1.0000,0.500000,0,0,0.000000,0.000000,0.000000,0,nan,0.00,-0.352391,0.8529,0.0000,-0.186062,1.0287,0.45,5.15,6.05,5.08,-0.256429,12.5791,-0.1397,0.008000,0.106151,0.0831,0.102461,0.162851,0.170336,1174.8458375348432,978.7459770320064,-2246.562444901969,701.951396612088,-0.278935,0.023687,6449.8,6170.8,0.143275,0.085699,-1.000000,3.9341,1.0000,,,,,
8.2440,1778836340.810411,687,26.774011,2.431529,0.427601,4.0998,0.0149,0.165693,26.795667,2.406428,0.422450,4.0003,26.795068,2.443206,0.428348,3.9683,0.0908,0.092595,0.342295,-0.1921,26.795068,2.647634,0.199008,4.1377,-1.000000,-0.415987,148.4940,0,1,clay,1.0000,0.500000,0,0,0.000000,0.000000,0.000000,0,nan,0.00,-0.375118,0.8547,0.0000,-0.198062,1.0237,0.45,5.15,6.05,5.13,-0.232072,12.6923,-0.1373,0.008000,0.115295,0.4252,0.130629,0.131869,0.174771,990.6134982967701,1040.9755788702382,-2243.0867223580776,916.3792449558606,-0.283559,0.032033,6444.7,6175.8,0.152105,0.061347,-1.000000,3.9662,1.0000,,,,,
8.2560,1778836340.822351,688,26.831924,2.547522,0.426389,4.0715,0.0826,0.160474,26.837419,2.430855,0.424374,4.0124,26.853113,2.559144,0.427133,3.9887,0.0787,0.091086,0.351983,-0.2041,26.853113,2.659265,0.196483,4.1040,-1.000000,-0.484983,161.7449,0,1,clay,1.0000,0.500000,0,0,0.000000,0.000000,0.000000,0,nan,0.00,-0.397845,0.8562,0.0000,-0.210062,1.0179,0.45,5.14,6.04,5.13,-0.207645,12.8025,-0.0916,0.008000,0.191280,0.5031,0.131541,0.126200,0.179672,434.40710219266066,953.8175211126229,-2284.622814771598,983.5261359316078,-0.292673,0.035001,6442.2,6178.4,0.156524,0.057535,-1.000000,3.9866,1.0000,,,,,
8.2680,1778836340.834392,689,26.864665,2.484237,0.427671,4.0184,0.1512,0.148282,26.879320,2.455288,0.426203,4.0249,26.885885,2.495900,0.428399,3.9949,0.0806,0.087360,0.354935,-0.2161,26.885885,2.665763,0.195031,4.0859,-1.000000,-0.526573,154.0410,0,1,clay,1.0000,0.500000,0,0,0.000000,0.000000,0.000000,0,nan,0.00,-0.420573,0.8574,0.0000,-0.222062,1.0116,0.45,5.14,6.04,5.11,-0.232712,13.5433,-0.0610,0.008000,0.102274,0.5634,0.118814,0.129158,0.177527,291.02582769989453,1223.227738980421,-2357.120316384897,919.4670326401324,-0.304965,0.033138,6441.3,6179.2,0.158012,0.080005,-1.000000,3.9927,1.0000,,,,,
8.2800,1778836340.846393,690,26.881755,2.491764,0.433157,4.0652,0.2330,0.149751,26.921346,2.479760,0.427987,4.0365,26.902970,2.503666,0.433872,4.0090,0.0961,0.084200,0.364297,-0.2281,26.902970,2.669132,0.194267,4.0771,-1.000000,-0.580533,161.3165,0,1,clay,1.0000,0.500000,0,0,0.000000,0.000000,0.000000,0,nan,0.00,-0.443300,0.8584,0.0000,-0.234062,1.0046,0.46,5.13,6.04,5.09,-0.208240,13.6455,-0.0406,0.008000,0.034796,0.3707,0.108615,0.154380,0.181104,320.5007755687615,744.0764004064891,-2393.80685809914,784.7567508226907,-0.321013,0.027740,6438.9,6181.7,0.162258,0.070503,-1.000000,4.0068,1.0000,,,,,
8.2920,1778836340.858446,691,26.931898,2.474263,0.423014,4.0415,0.1553,0.150439,26.963449,2.504357,0.429789,4.0463,26.953280,2.485947,0.423718,4.0158,0.0945,0.081268,0.375140,-0.2401,26.953280,2.678971,0.191987,4.0544,-1.000000,-0.602226,148.4009,0,1,clay,1.0000,0.500000,0,0,0.000000,0.000000,0.000000,0,nan,0.00,-0.466027,0.8592,0.0000,-0.246062,0.9974,0.46,5.13,6.05,5.10,-0.183643,13.7487,-0.0081,0.008000,0.112778,-0.3896,0.095788,0.151496,0.178682,276.93215456869706,74.76009628080007,-2421.345280365703,764.901210194348,-0.332712,0.027244,6436.1,6184.5,0.167189,0.080465,-1.000000,4.0135,1.0000,,,,,
8.3040,1778836340.870306,692,27.042228,2.574780,0.435602,4.0493,0.1969,0.152207,27.005604,2.529093,0.431611,4.0562,27.063406,2.586733,0.436296,4.0227,0.1004,0.079021,0.376140,-0.2521,27.063406,2.700085,0.186853,4.0297,-1.000000,-0.625594,171.8041,0,1,clay,1.0000,0.500000,0,0,0.000000,0.000000,0.000000,0,nan,0.00,-0.488755,0.8598,0.0000,-0.258062,0.9899,0.45,5.14,6.04,5.23,-0.158907,13.8531,0.0265,0.008000,0.163781,0.7779,0.085231,0.158532,0.179208,393.0444667164592,833.3419784100399,-2450.701105975484,710.6974425124552,-0.346554,0.024975,6435.8,6184.8,0.167683,0.083115,-1.000000,4.0204,1.0000,,,,,
8.3160,1778836340.883871,693,27.026962,2.500475,0.426610,4.1189,0.1853,0.151413,27.047825,2.553935,0.433435,4.0635,27.048375,2.512305,0.427296,4.0418,0.1025,0.076388,0.384556,-0.2641,27.048375,2.697238,0.187562,4.0309,-1.000000,-0.648644,146.4153,0,1,clay,1.0000,0.500000,0,0,0.000000,0.000000,0.000000,0,nan,0.00,-0.511482,0.8601,0.0000,-0.270062,0.9821,0.45,5.13,6.03,5.10,-0.134065,13.9576,0.0325,0.008000,0.075783,0.2616,0.100124,0.176317,0.187732,356.2823809082835,687.4986324027735,-2471.5915138554146,675.8622937273569,-0.359086,0.023564,6433.6,6186.9,0.171463,0.038185,-1.000000,4.0395,1.0000,,,,,
8.3280,1778836340.894419,694,27.091049,2.573124,0.430843,4.0999,0.1460,0.171143,27.090073,2.579070,0.435398,4.0758,27.112442,2.585045,0.431541,4.0535,0.0969,0.077140,0.375545,-0.2761,27.112442,2.709297,0.184524,4.0289,-1.000000,-0.651909,159.8853,0,1,clay,1.0000,0.500000,0,0,0.000000,0.000000,0.000000,0,nan,0.00,-0.534209,0.8602,0.0000,-0.282062,0.9743,0.45,5.12,6.01,5.06,-0.108930,14.0701,0.0469,0.008000,0.095796,0.2991,0.097040,0.178739,0.195154,418.2558568820474,778.8168356101446,-2448.5517755162027,777.7820289237,-0.371229,0.025944,6435.9,6184.7,0.167543,0.077087,-1.000000,4.0512,1.0000,,,,,
8.3400,1778836340.906408,695,27.101006,2.699335,0.432544,4.1891,0.1139,0.163894,27.132302,2.604409,0.437413,4.0851,27.122530,2.711297,0.433242,4.0802,0.0863,0.076141,0.378046,-0.2881,27.122530,2.711177,0.184041,4.0293,-1.000000,-0.715257,189.3282,0,1,clay,1.0000,0.500000,0,0,0.000000,0.000000,0.000000,0,nan,0.00,-0.556936,0.8601,0.0000,-0.294062,0.9657,0.45,5.12,6.02,5.13,-0.130091,14.8715,0.0558,0.008000,0.113513,0.2747,0.109553,0.159470,0.191268,28.313677627462596,1102.543144596352,-2476.665238113181,853.8547334690452,-0.380867,0.028671,6435.2,6185.3,0.168654,0.061021,-1.000000,4.0779,1.0000,,,,,
8.3520,1778836340.918398,696,27.226311,2.574287,0.437654,4.2473,0.1661,0.156745,27.174689,2.629689,0.439312,4.0954,27.247944,2.586433,0.438343,4.1130,0.0866,0.073794,0.383982,-0.3001,27.247944,2.734130,0.177957,4.0391,-1.000000,-0.753442,161.5236,0,1,clay,1.0000,0.500000,0,0,0.000000,0.000000,0.000000,0,nan,0.00,-0.579664,0.8597,0.0000,-0.306062,0.9566,0.45,5.13,6.02,5.16,-0.104811,14.9803,0.0563,0.008000,0.097448,0.0027,0.108180,0.181582,0.204596,-471.83718086306135,881.998440375661,-2509.709189624723,830.2785748830938,-0.392623,0.027729,6433.6,6186.9,0.171443,0.049527,-1.000000,4.1107,1.0000,,,,,
8.3640,1778836340.930352,697,27.346726,2.532636,0.433433,4.0390,0.2011,0.150422,27.217287,2.654836,0.441077,4.1094,27.368337,2.544680,0.434107,4.0992,0.0925,0.070193,0.391872,-0.3121,27.368337,2.755411,0.171894,4.0420,-1.000000,-0.739195,152.4505,0,1,clay,1.0000,0.500000,0,0,0.000000,0.000000,0.000000,0,nan,0.00,-0.602391,0.8592,0.0000,-0.318062,0.9478,0.45,5.15,6.04,5.24,-0.079664,15.0814,0.0674,0.008000,0.254099,-0.1609,0.072895,0.202464,0.208110,-803.7057457173798,963.4723622008081,-2564.7869509829634,724.1106436664395,-0.406555,0.025084,6431.6,6189.0,0.175029,0.091183,-1.000000,4.0968,1.0000,,,,,
8.3760,1778836340.942458,698,27.303973,2.672168,0.443741,4.1511,0.1967,0.139969,27.260111,2.679833,0.442683,4.1208,27.325582,2.684486,0.444392,4.1097,0.0960,0.065034,0.392413,-0.3241,27.325582,2.747940,0.174081,4.0420,-1.000000,-0.814828,206.8895,0,1,clay,1.0000,0.500000,0,0,0.000000,0.000000,0.000000,0,nan,0.00,-0.625118,0.8584,0.0000,-0.330062,0.9380,0.45,5.15,6.04,5.16,-0.054667,15.1735,0.0788,0.008000,0.064758,0.3785,0.076938,0.209781,0.207018,-764.1826886857241,1227.0472371516917,-2597.3507191050335,640.5016063519506,-0.418606,0.022182,6431.5,6189.1,0.175235,0.063592,-1.000000,4.1073,1.0000,,,,,
8.3880,1778836340.954450,699,27.352324,2.752300,0.442131,4.1884,0.0784,0.125568,27.303115,2.704752,0.444180,4.1324,27.374130,2.764482,0.442746,4.1254,0.0777,0.058134,0.401606,-0.3361,27.374130,2.756416,0.171594,4.0419,-1.000000,-0.863639,210.3291,0,1,clay,1.0000,0.500000,0,0,0.000000,0.000000,0.000000,0,nan,0.00,-0.647845,0.8573,0.0000,-0.342062,0.9276,0.45,5.14,6.04,5.12,-0.029748,15.2592,0.0904,0.008000,0.112294,-0.0092,0.077611,0.183399,0.198570,-664.7312339325657,1010.1015078607575,-2636.3978950688424,671.3949186567123,-0.423903,0.024213,6429.0,6191.6,0.179498,0.056530,-1.000000,4.1230,1.0000,,,,,
8.4000,1778836340.966403,700,27.225181,2.759238,0.444817,4.2032,0.1571,0.125836,27.346218,2.729743,0.445703,4.1420,27.247011,2.771447,0.445400,4.1410,0.0766,0.052461,0.414013,-0.3481,27.247011,2.733963,0.178003,4.0391,-1.000000,-0.928997,196.1612,0,1,clay,1.0000,0.500000,0,0,0.000000,0.000000,0.000000,0,nan,0.00,-0.670573,0.8561,0.0000,-0.354062,0.9165,0.44,5.14,6.02,5.09,-0.004757,15.3464,0.1030,0.008000,0.122020,0.7433,0.085245,0.186289,0.197144,-613.0134628983969,459.9636206121899,-2645.235356883886,610.1953556267371,-0.434139,0.022165,6425.8,6194.8,0.185101,0.051652,-1.000000,4.1385,1.0000,,,,,
8.4120,1778836340.978448,701,27.344759,2.794451,0.451365,4.1684,0.0956,0.121724,27.389453,2.754734,0.447173,4.1530,27.366564,2.806695,0.451917,4.1468,0.0644,0.046651,0.415987,-0.3601,27.366564,2.755103,0.171985,4.0420,-1.000000,-1.024253,239.8577,0,1,clay,1.0000,0.500000,0,0,0.000000,0.000000,0.000000,0,nan,0.00,-0.693300,0.8545,0.0000,-0.366062,0.9042,0.44,5.16,6.05,5.32,-0.023066,16.1717,0.1110,0.008000,0.075773,0.4106,0.083990,0.172910,0.192352,-638.8652423382291,1294.8207588223434,-2665.441543672256,626.4107237101391,-0.441721,0.023099,6425.2,6195.4,0.186143,0.057127,-1.000000,4.1443,1.0000,,,,,
8.4240,1778836340.990433,702,27.386531,2.683527,0.448205,4.0902,0.0821,0.117594,27.432758,2.779843,0.448684,4.1621,27.408464,2.695611,0.448728,4.1365,0.0514,0.040328,0.434863,-0.3721,27.408464,2.762334,0.169807,4.0414,-1.000000,-1.007932,184.5209,0,1,clay,1.0000,0.500000,0,0,0.000000,0.000000,0.000000,0,nan,0.00,-0.716027,0.8527,0.0000,-0.378062,0.8921,0.44,5.15,6.03,5.08,0.002043,16.2583,0.1207,0.008000,0.025839,0.7603,0.053553,0.160647,0.189493,-453.70272344579064,1544.5780075027621,-2685.1314895530672,622.4508836067602,-0.449537,0.024239,6420.3,6200.3,0.194742,0.071531,-1.000000,4.1338,1.0000,,,,,
8.4360,1778836341.002444,703,27.409125,2.773205,0.459212,4.1163,0.1548,0.148282,27.475924,2.805314,0.450425,4.1657,27.430926,2.785568,0.459742,4.1329,0.0533,0.039946,0.403706,-0.3841,27.430926,2.766172,0.168625,4.0408,-1.000000,-0.998450,225.7551,0,1,clay,1.0000,0.500000,0,0,0.000000,0.000000,0.000000,0,nan,0.00,-0.738755,0.8507,0.0000,-0.390062,0.8801,0.45,5.14,6.05,5.09,0.027514,16.3581,0.1249,0.008000,0.062226,1.1435,0.039419,0.170531,0.194086,-334.12812835820125,1276.6136049973645,-2623.63754680078,701.9660014464969,-0.463703,0.024185,6428.2,6192.4,0.180946,0.083516,-1.000000,4.1304,1.0000,,,,,
8.4480,1778836341.014396,704,27.577536,2.860561,0.448510,4.1361,0.1156,0.105776,27.519400,2.830394,0.451819,4.1747,27.599501,2.872600,0.448998,4.1340,0.0479,0.032460,0.397882,-0.3961,27.599501,2.794086,0.159582,4.0385,-1.000000,-0.998654,235.4656,0,1,clay,1.0000,0.500000,0,0,0.000000,0.000000,0.000000,0,nan,0.00,-0.761482,0.8485,0.0000,-0.402062,0.8681,0.45,5.14,6.05,5.12,0.052594,16.4379,0.1362,0.008000,0.102075,0.4386,0.013563,0.174750,0.192926,-1781.3092110004898,338.1393253016687,-2722.8726525116845,601.3545072902577,-0.472402,0.022551,6429.7,6190.9,0.178348,0.074258,-1.000000,4.1315,1.0000,,,,,
8.4600,1778836341.026440,705,27.681172,2.874196,0.458996,4.2882,0.1571,0.092863,27.563149,2.855145,0.452970,4.1837,27.703161,2.886476,0.459435,4.1642,0.0505,0.024085,0.389631,-0.4081,27.703161,2.810480,0.154142,4.0390,-1.000000,-0.986699,254.6986,0,1,clay,1.0000,0.500000,0,0,0.000000,0.000000,0.000000,0,nan,0.00,-0.784209,0.8461,0.0000,-0.414062,0.8563,0.45,5.15,6.05,5.18,0.077345,16.5039,0.1446,0.008000,0.117533,0.7605,0.010449,0.181127,0.186492,-1741.1769139415446,911.6366936224558,-2747.8941863019904,483.2198305914552,-0.482145,0.018130,6431.8,6188.8,0.174701,0.038874,-1.000000,4.1618,1.0000,,,,,
8.4720,1778836341.038364,706,27.619220,2.857411,0.452795,4.2192,0.0325,0.082628,27.607106,2.879724,0.453995,4.1944,27.641458,2.869411,0.453182,4.1753,0.0301,0.014866,0.393438,-0.4201,27.641458,2.800792,0.157364,4.0386,-1.000000,-0.999074,247.4693,0,1,clay,1.0000,0.500000,0,0,0.000000,0.000000,0.000000,0,nan,0.00,-0.806936,0.8434,0.0000,-0.426062,0.8443,0.45,5.16,6.06,5.22,0.101924,16.5626,0.1557,0.008000,0.165680,0.6685,0.034584,0.158403,0.178071,-1640.6164597634279,816.7105076869724,-2771.9616777502515,507.23809138692906,-0.486099,0.019623,6430.8,6189.7,0.176353,0.052287,-1.000000,4.1729,1.0000,,,,,
8.4840,1778836341.050432,707,27.592492,2.885386,0.457780,4.3243,0.1169,0.079209,27.651253,2.904164,0.454944,4.2028,27.614904,2.897523,0.458121,4.2046,0.0281,0.006417,0.391564,-0.4321,27.614904,2.796559,0.158765,4.0386,-1.000000,-1.043659,255.7656,0,1,clay,1.0000,0.500000,0,0,0.000000,0.000000,0.000000,0,nan,0.00,-0.829664,0.8406,0.0000,-0.438062,0.8318,0.45,5.16,6.06,5.18,0.086464,17.3730,0.1643,0.008000,0.095856,0.3945,0.053299,0.156525,0.172245,-1498.8093671322708,517.1251602063357,-2780.5242972100277,427.9318804452204,-0.494940,0.016564,6431.3,6189.3,0.175563,0.028068,-1.000000,4.2022,1.0000,,,,,
8.4960,1778836341.062481,708,27.728009,2.892816,0.451171,4.1282,-0.0062,0.079324,27.695543,2.928571,0.455868,4.2125,27.750558,2.904602,0.451473,4.1904,0.0042,-0.001053,0.401675,-0.4441,27.750558,2.817785,0.151698,4.0393,-1.000000,-1.044007,237.4700,0,1,clay,1.0000,0.500000,0,0,0.000000,0.000000,0.000000,0,nan,0.00,-0.852391,0.8376,0.0000,-0.450062,0.8192,0.46,5.16,6.07,5.18,0.110871,17.4260,0.1732,0.008000,0.064683,0.1497,0.022294,0.146377,0.175781,-1430.6527638041566,408.4368097921365,-2787.9956168380004,503.74153962362095,-0.499363,0.019955,6428.6,6191.9,0.180152,0.069631,-1.000000,4.1879,1.0000,,,,,
8.5080,1778836341.074328,709,27.777867,2.886299,0.455614,4.1244,0.0914,0.068164,27.739983,2.952896,0.456719,4.2209,27.800284,2.898057,0.455870,4.1780,0.0021,-0.008927,0.395855,-0.4561,27.800284,2.825321,0.149106,4.0394,-1.000000,-1.032503,235.2519,0,1,clay,1.0000,0.500000,0,0,0.000000,0.000000,0.000000,0,nan,0.00,-0.875118,0.8344,0.0000,-0.462062,0.8068,0.45,5.16,6.05,5.13,0.135196,17.4747,0.1815,0.008000,0.181712,0.2846,-0.006819,0.163647,0.188090,-1365.9435975434008,657.6694700284326,-2805.430591874815,424.9057225361116,-0.508907,0.017305,6430.1,6190.5,0.177577,0.071834,-1.000000,4.1756,1.0000,,,,,
8.5200,1778836341.086429,710,27.766113,3.029083,0.458650,4.2065,0.1304,0.096685,27.784422,2.977478,0.457742,4.2276,27.788475,3.040927,0.458900,4.1839,0.0068,-0.011054,0.376334,-0.4681,27.788475,2.823544,0.149729,4.0394,-1.000000,-1.089429,321.1944,0,1,clay,1.0000,0.500000,0,0,0.000000,0.000000,0.000000,0,nan,0.00,-0.897845,0.8310,0.0000,-0.474062,0.7938,0.44,5.15,6.04,5.11,0.159778,17.5333,0.1882,0.008000,0.043433,0.1185,-0.006820,0.166367,0.170506,-551.4942009997067,741.0738607756771,-2756.7037395669195,429.3013647937529,-0.522594,0.015549,6435.1,6185.5,0.168922,0.058162,-1.000000,4.1816,1.0000,,,,,
8.5320,1778836341.098428,711,27.791662,3.037378,0.458047,4.2397,0.1283,0.076324,27.828933,3.002029,0.458720,4.2347,27.814082,3.049210,0.458268,4.1951,0.0099,-0.016575,0.369386,-0.4801,27.814082,2.827389,0.148373,4.0395,-1.000000,-1.064691,303.2994,0,1,clay,1.0000,0.500000,0,0,0.000000,0.000000,0.000000,0,nan,0.00,-0.920573,0.8274,0.0000,-0.486062,0.7810,0.45,5.15,6.04,5.13,0.184329,17.5894,0.1953,0.008000,0.152845,0.3029,0.012882,0.178605,0.181045,-1646.2500439824166,677.0090978417327,-2793.158167051818,330.1432248620685,-0.534268,0.012606,6436.8,6183.8,0.166004,0.050587,-1.000000,4.1928,1.0000,,,,,
8.5440,1778836341.110365,712,27.856964,3.034556,0.452817,4.2163,0.0591,0.062413,27.873685,3.026259,0.459448,4.2398,27.879509,3.046167,0.452998,4.1996,-0.0003,-0.023804,0.364578,-0.4921,27.879509,2.837050,0.144809,4.0395,-1.000000,-1.116073,284.7511,0,1,clay,1.0000,0.500000,0,0,0.000000,0.000000,0.000000,0,nan,0.00,-0.943300,0.8236,0.0000,-0.498062,0.7676,0.45,5.15,6.04,5.14,0.208559,17.6311,0.2003,0.008000,0.081865,-0.6256,0.024106,0.174216,0.173015,-1745.715220485943,-165.50687804278982,-2815.8307016411673,316.267720049201,-0.541871,0.012350,6438.0,6182.6,0.163813,0.063069,-1.000000,4.1974,1.0000,,,,,
8.5560,1778836341.122438,713,27.950819,2.970829,0.462700,4.2163,0.1171,0.036790,27.918710,3.050081,0.459902,4.2457,27.973295,2.982596,0.462821,4.2032,0.0015,-0.034198,0.357976,-0.5041,27.973295,2.850473,0.139455,4.0393,-1.000000,-1.074602,274.6931,0,1,clay,1.0000,0.500000,0,0,0.000000,0.000000,0.000000,0,nan,0.00,-0.966027,0.8197,0.0000,-0.510062,0.7547,0.44,5.14,6.03,5.08,0.195881,18.4507,0.2064,0.008000,0.091430,0.5991,0.027295,0.192052,0.182541,-2289.9003951029526,491.1266184928908,-2846.098274692169,173.28337469966326,-0.550000,0.007451,6439.6,6181.0,0.161034,0.054954,-1.000000,4.2010,1.0000,,,,,
8.5680,1778836341.134429,714,27.967633,3.099684,0.456786,4.2780,0.0362,0.014278,27.963982,3.073501,0.460121,4.2500,27.990286,3.111155,0.456833,4.2181,-0.0114,-0.046411,0.349704,-0.5161,27.990286,2.852849,0.138454,4.0393,-1.000000,-1.048715,303.2288,0,1,clay,1.0000,0.500000,0,0,0.000000,0.000000,0.000000,0,nan,0.00,-0.988755,0.8156,0.0000,-0.522062,0.7421,0.44,5.13,6.01,5.10,0.219301,18.4633,0.2107,0.008000,0.107031,-0.2898,0.012755,0.171512,0.157686,-2070.3063861412,295.8742207221183,-2860.1059395639486,120.7008995344573,-0.550000,0.005447,6441.8,6178.8,0.157264,0.040898,-1.000000,4.2159,1.0000,,,,,
8.5800,1778836341.146455,715,28.058171,3.146572,0.465996,4.2879,0.0275,0.007205,28.009445,3.096714,0.460234,4.2559,28.080857,3.158118,0.465975,4.2320,-0.0238,-0.057977,0.344236,-0.5281,28.080857,3.158118,-0.064236,4.0392,-0.494798,-1.065018,352.5951,0,1,clay,1.0000,0.500000,0,0,0.000000,0.000000,0.000000,0,nan,0.00,-1.000000,0.8114,0.0000,-0.528000,0.7293,0.44,5.13,6.01,5.12,0.242514,18.4698,0.2167,0.008000,0.099804,0.6490,0.015185,0.154898,0.140829,-2238.180764058816,289.1142348399461,-2862.3484920802985,72.59634715398556,-0.550000,0.003685,6443.2,6177.4,0.154779,0.041225,-1.000000,4.2299,1.0000,,,,,
8.5920,1778836341.158458,716,28.058778,3.179310,0.462912,4.3175,0.0766,0.006573,28.055032,3.119828,0.460327,4.2612,28.081658,3.190768,0.462838,4.2489,-0.0244,-0.066575,0.331970,-0.5310,28.081658,3.190768,-0.104399,4.0392,0.000000,-1.076890,355.3822,0,1,clay,1.0000,0.500000,0,0,0.000000,0.000000,0.000000,0,nan,0.00,-1.000000,0.8070,0.0000,-0.528000,0.7164,0.45,5.14,6.04,5.23,0.265628,18.4751,0.2220,0.008000,0.114914,0.2377,0.003053,0.158790,0.140594,-1762.3642181928221,150.73444895918504,-2763.6019885329347,-32.544182009876224,-0.550000,-0.000018,6446.3,6174.3,0.149410,0.037761,-0.494798,4.2468,1.0000,,,,,
8.6040,1778836341.170369,717,28.052156,3.098459,0.463107,4.2349,0.0025,0.001679,28.100767,3.142813,0.460369,4.2675,28.075147,3.109799,0.462986,4.2465,-0.0375,-0.073734,0.325558,-0.5280,28.075147,2.864456,0.133408,4.0392,0.000000,-1.049771,302.1530,0,1,clay,1.0000,0.500000,0,0,0.000000,0.000000,0.000000,0,nan,0.00,-1.000000,0.8026,0.0000,-0.528000,0.7038,0.45,5.14,6.03,5.09,0.288613,18.4775,0.2283,0.008000,0.076005,0.6727,0.013994,0.165262,0.143859,-2049.1796900343834,-135.60738489248024,-2808.367879281069,-30.21790172121392,-0.550000,0.000002,6447.9,6172.7,0.146617,0.052339,0.000000,4.2445,1.0000,,,,,
8.6160,1778836341.182482,718,28.182656,3.205673,0.464278,4.2513,0.0369,0.000397,28.146613,3.165733,0.460398,4.2771,28.205737,3.216986,0.464115,4.2477,-0.0422,-0.079943,0.315109,-0.5280,28.205737,3.216986,-0.120315,4.0393,0.000000,-1.005849,355.2539,0,1,clay,1.0000,0.500000,0,0,0.000000,0.000000,0.000000,0,nan,0.00,-1.000000,0.7979,0.0000,-0.528000,0.6918,0.46,5.16,6.07,5.29,0.278733,19.3289,0.2379,0.008000,0.124872,0.5329,0.028209,0.162343,0.138859,-1360.2711649747464,-590.2682644420327,-2804.9033328051078,-78.47612620314541,-0.550000,-0.001650,6450.6,6170.0,0.141937,0.071861,0.000000,4.2458,1.0000,,,,,
8.6280,1778836341.194374,719,28.089370,3.241535,0.464011,4.2686,-0.0388,0.027769,28.192364,3.189005,0.460708,4.2779,28.112599,3.252786,0.463845,4.2522,-0.0595,-0.080644,0.327956,-0.5280,28.112599,3.252786,0.138548,4.0392,0.000000,-1.092097,366.5320,0,1,clay,1.0000,0.500000,0,0,0.000000,0.000000,0.000000,0,nan,0.00,-1.000000,0.7932,0.0000,-0.528000,0.6786,0.46,5.17,6.08,5.22,0.302005,19.3467,0.2387,0.008000,0.076510,0.3562,0.028714,0.141542,0.138696,-828.2505409981958,612.9017580484185,-2800.7808549656415,48.94564018819359,-0.547964,0.002598,6447.4,6173.2,0.147501,0.060618,0.000000,4.2502,1.0000,,,,,
8.6400,1778836341.206373,720,28.239956,3.318807,0.467274,4.3588,0.0018,-0.011842,28.238251,3.212101,0.460877,4.2844,28.263285,3.330079,0.467064,4.2733,-0.0658,-0.087222,0.330486,-0.5280,28.263285,3.330079,0.101858,4.0393,0.000000,-1.184973,410.0422,0,1,clay,1.0000,0.500000,0,0,0.000000,0.000000,0.000000,0,nan,0.00,-1.000000,0.7883,0.0000,-0.528000,0.6644,0.45,5.17,6.07,5.18,0.325101,19.3563,0.2452,0.008000,0.098487,0.6110,0.039222,0.133230,0.133427,-1904.720928979462,601.0198732064609,-2800.733454112821,2.1629940485861425,-0.543249,0.001085,6446.6,6174.0,0.148845,0.032103,0.000000,4.2713,1.0000,,,,,
8.6520,1778836341.218479,721,28.216881,3.242753,0.450268,4.3080,-0.0473,-0.023708,28.284414,3.234623,0.460669,4.2809,28.240540,3.253509,0.450009,4.2804,-0.0797,-0.094705,0.330482,-0.5280,28.240540,3.253509,-0.163274,4.0393,0.000000,-1.173766,330.5280,0,1,clay,1.0000,0.500000,0,0,0.000000,0.000000,0.000000,0,nan,0.00,-1.000000,0.7833,0.0000,-0.528000,0.6503,0.45,5.16,6.06,5.08,0.347623,19.3444,0.2416,0.008000,0.044884,-0.0200,0.042310,0.126338,0.131417,-2625.558941014734,255.72566885743942,-2787.803634038368,5.454083192570224,-0.536431,0.001179,6446.4,6174.1,0.149097,0.048833,0.000000,4.2784,1.0000,,,,,
8.6640,1778836341.230429,722,28.373443,3.228598,0.460667,4.3121,0.0110,-0.031560,28.330781,3.256827,0.460297,4.2847,28.397000,3.239518,0.460362,4.2868,-0.0802,-0.101641,0.308171,-0.5280,28.397000,3.239518,-0.124033,4.0393,0.000000,-1.117493,334.3994,0,1,clay,1.0000,0.500000,0,0,0.000000,0.000000,0.000000,0,nan,0.00,-1.000000,0.7781,0.0000,-0.528000,0.6369,0.45,5.16,6.06,5.17,0.369827,19.3231,0.2454,0.008000,0.066439,0.0725,0.045884,0.124796,0.126890,-2596.5899341715185,530.1989331035899,-2773.153670101005,-84.74247104200893,-0.533016,-0.001985,6452.1,6168.4,0.139208,0.048232,0.000000,4.2849,1.0000,,,,,
8.6760,1778836341.242464,723,28.392591,3.313711,0.454790,4.3215,0.0063,-0.037087,28.377316,3.278792,0.459834,4.2900,28.416294,3.324443,0.454440,4.2938,-0.0817,-0.108376,0.294389,-0.5280,28.416294,3.324443,0.106363,4.0393,0.000000,-1.088939,353.9159,0,1,clay,1.0000,0.500000,0,0,0.000000,0.000000,0.000000,0,nan,0.00,-1.000000,0.7729,0.0000,-0.528000,0.6239,0.45,5.15,6.05,5.13,0.362792,20.1731,0.2507,0.008000,0.031405,0.1488,0.038948,0.132938,0.129524,-2405.4435148758052,-303.986309686116,-2762.4560474119094,-168.48726929007958,-0.529660,-0.004742,6455.7,6164.9,0.132973,0.046243,0.000000,4.2920,1.0000,,,,,
8.6880,1778836341.254380,724,28.459002,3.265281,0.447378,4.3063,-0.0439,-0.042379,28.423995,3.300616,0.459325,4.2946,28.482845,3.275722,0.446987,4.2965,-0.0917,-0.114627,0.288086,-0.5280,28.482845,3.275722,-0.163746,4.0393,0.000000,-1.076748,317.5032,0,1,clay,1.0000,0.500000,0,0,0.000000,0.000000,0.000000,0,nan,0.00,-1.000000,0.7675,0.0000,-0.528000,0.6109,0.45,5.16,6.06,5.17,0.384616,20.1439,0.2553,0.008000,0.072972,-0.7334,0.028377,0.131306,0.131062,-2405.9838789481482,201.88289965465432,-2750.9049161737057,-178.41379927166355,-0.524318,-0.005108,6457.3,6163.2,0.130112,0.049631,0.000000,4.2948,1.0000,,,,,
8.7000,1778836341.266370,725,28.530222,3.382319,0.463546,4.3049,-0.0041,-0.044194,28.470795,3.322304,0.458788,4.2975,28.553896,3.393077,0.463121,4.2984,-0.0926,-0.119835,0.271867,-0.5280,28.553896,3.393077,0.075838,4.0392,0.000000,-0.973672,409.3301,0,1,clay,1.0000,0.500000,0,0,0.000000,0.000000,0.000000,0,nan,0.00,-1.000000,0.7621,0.0000,-0.528000,0.5993,0.44,5.15,6.04,5.10,0.406304,20.1131,0.2582,0.008000,0.063940,0.4220,0.014672,0.130098,0.128326,-1968.920957990843,249.3489081680568,-2743.2085733255476,-250.1699628069058,-0.521678,-0.007337,6461.5,6159.1,0.122914,0.049004,0.000000,4.2967,1.0000,,,,,
8.7120,1778836341.279789,726,28.564124,3.378958,0.460935,4.2882,-0.0924,-0.046183,28.517693,3.343844,0.458236,4.3006,28.587838,3.389492,0.460481,4.2966,-0.1089,-0.124332,0.255809,-0.5280,28.587838,3.389492,0.077737,4.0392,0.000000,-0.974686,386.7539,0,1,clay,1.0000,0.500000,0,0,0.000000,0.000000,0.000000,0,nan,0.00,-1.000000,0.7566,0.0000,-0.528000,0.5876,0.44,5.14,6.02,5.08,0.427844,20.0815,0.2614,0.008000,0.138211,0.3050,0.016015,0.120981,0.129152,-2240.1423314859453,-1069.4713196186906,-2731.1983364910243,-186.158625606697,-0.515423,-0.005313,6465.7,6154.9,0.115543,0.056920,0.000000,4.2951,1.0000,,,,,
8.7240,1778836341.290380,727,28.657487,3.415753,0.460495,4.2258,-0.0635,-0.035596,28.564637,3.365395,0.457770,4.3045,28.681119,3.426156,0.460029,4.2832,-0.1169,-0.126155,0.254401,-0.5280,28.681119,3.426156,0.056824,4.0392,0.000000,-0.985704,397.6583,0,1,clay,1.0000,0.500000,0,0,0.000000,0.000000,0.000000,0,nan,0.00,-1.000000,0.7511,0.0000,-0.528000,0.5757,0.44,5.16,6.05,5.31,0.449395,20.0548,0.2653,0.008000,0.068385,0.2506,0.002411,0.114978,0.130805,-1895.755459955168,-812.624753514848,-2731.770021555765,-153.5771047660371,-0.512391,-0.004176,6466.1,6154.5,0.114919,0.072991,0.000000,4.2817,1.0000,,,,,
8.7360,1778836341.302399,728,28.569449,3.344543,0.453283,4.3450,-0.1056,-0.039452,28.611703,3.386804,0.457244,4.3083,28.593377,3.354749,0.452799,4.2954,-0.1314,-0.128896,0.241844,-0.5280,28.593377,3.354749,0.094721,4.0392,0.000000,-0.895205,338.9341,0,1,clay,1.0000,0.500000,0,0,0.000000,0.000000,0.000000,0,nan,0.00,-1.000000,0.7455,0.0000,-0.528000,0.5650,0.44,5.15,6.04,5.08,0.470804,20.0247,0.2691,0.008000,0.106349,-0.1431,0.008892,0.111773,0.132391,-2171.9748895637695,223.32437733594193,-2722.7216766384195,-66.70652715890526,-0.507856,-0.001637,6469.2,6151.4,0.109416,0.047881,0.000000,4.2939,1.0000,,,,,
8.7480,1778836341.314424,729,28.626444,3.403224,0.459039,4.3456,-0.1811,-0.052399,28.658902,3.408031,0.456631,4.3110,28.650391,3.413391,0.458531,4.3053,-0.1559,-0.132698,0.230009,-0.5280,28.650391,3.413391,0.064282,4.0392,0.000000,-0.886674,368.4447,0,1,clay,1.0000,0.500000,0,0,0.000000,0.000000,0.000000,0,nan,0.00,-1.000000,0.7399,0.0000,-0.528000,0.5544,0.44,5.15,6.03,5.16,0.467031,20.9257,0.2718,0.008000,0.104877,0.0399,-0.002395,0.088125,0.133687,-2428.800135595968,-47.97845766583441,-2705.3990193516356,92.09566347261534,-0.499901,0.002799,6472.3,6148.2,0.103942,0.048450,0.000000,4.3039,1.0000,,,,,
8.7600,1778836341.326433,730,28.680429,3.455411,0.447271,4.2278,-0.0588,-0.061475,28.706238,3.429008,0.455944,4.3117,28.704444,3.465228,0.446732,4.2905,-0.1541,-0.137342,0.220639,-0.5280,28.704444,3.465228,0.198606,4.0392,0.000000,-0.845086,362.1426,0,1,clay,1.0000,0.500000,0,0,0.000000,0.000000,0.000000,0,nan,0.00,-1.000000,0.7343,0.0000,-0.528000,0.5442,0.44,5.15,6.03,5.11,0.488008,20.8863,0.2725,0.008000,0.057635,0.3858,-0.024246,0.099443,0.135002,-2322.7951537613044,-1137.656811531983,-2698.525528963568,4.076005684882745,-0.498192,0.000178,6474.7,6145.8,0.099784,0.077796,0.000000,4.2892,1.0000,,,,,
8.7720,1778836341.338350,731,28.687399,3.517869,0.461481,4.2675,-0.1091,-0.072816,28.753777,3.449641,0.455092,4.3154,28.711273,3.527910,0.460906,4.2863,-0.1614,-0.142863,0.217176,-0.5280,28.711273,3.527910,0.186912,4.0392,0.000000,-0.852578,422.4043,0,1,clay,1.0000,0.500000,0,0,0.000000,0.000000,0.000000,0,nan,0.00,-1.000000,0.7287,0.0000,-0.528000,0.5340,0.44,5.14,6.02,5.10,0.508641,20.8375,0.2762,0.008000,0.151473,0.6465,-0.032614,0.091636,0.132161,-2921.8515413220625,-784.3656095883736,-2686.0179386853947,-14.643158555361595,-0.493777,-0.000550,6475.7,6144.9,0.098142,0.065960,0.000000,4.2850,1.0000,,,,,
8.7840,1778836341.350341,732,28.939319,3.524850,0.459132,4.2923,-0.1023,-0.077101,28.801483,3.470050,0.454163,4.3207,28.963221,3.534747,0.458524,4.2877,-0.1661,-0.147944,0.214162,-0.5280,28.963221,3.534747,0.187670,4.0395,0.000000,-0.895206,414.8410,0,1,clay,1.0000,0.500000,0,0,0.000000,0.000000,0.000000,0,nan,0.00,-1.000000,0.7231,0.0000,-0.528000,0.5232,0.44,5.16,6.04,5.26,0.529050,20.7842,0.2812,0.008000,0.130688,0.8897,-0.036826,0.086746,0.130136,-2490.385758803502,-161.76980310511175,-2678.892350021973,-53.758721703944865,-0.490253,-0.001776,6476.4,6144.1,0.096827,0.061583,0.000000,4.2864,1.0000,,,,,
8.7960,1778836341.362434,733,28.819256,3.482176,0.449813,4.3349,-0.1078,-0.078318,28.849309,3.490318,0.453225,4.3237,28.843415,3.491835,0.449173,4.2970,-0.1712,-0.152694,0.206346,-0.5280,28.843415,3.491835,0.194088,4.0395,-0.000000,-0.827805,370.7582,0,1,clay,1.0000,0.500000,0,0,0.000000,0.000000,0.000000,0,nan,0.00,-1.000000,0.7175,0.0000,-0.528000,0.5133,0.44,5.15,6.03,5.08,0.549318,20.7305,0.2841,0.008000,0.077625,0.8187,-0.029556,0.088223,0.130859,-2404.955519831503,660.7417275651175,-2674.507377196423,-81.27587013284068,-0.487156,-0.002603,6478.3,6142.2,0.093497,0.053339,0.000000,4.2958,1.0000,,,,,
8.8080,1778836341.374388,734,28.925197,3.564528,0.446749,4.3461,-0.0414,-0.085226,28.897265,3.510405,0.452245,4.3279,28.949365,3.574110,0.446081,4.3068,-0.1630,-0.157116,0.202753,-0.5280,28.949365,3.574110,0.162397,4.0395,0.000000,-0.823102,402.6968,0,1,clay,1.0000,0.500000,0,0,0.000000,0.000000,0.000000,0,nan,0.00,-1.000000,0.7118,0.0000,-0.528000,0.5034,0.44,5.17,6.05,5.34,0.548605,21.6356,0.2883,0.008000,0.026885,-0.2515,-0.020047,0.097528,0.128571,-2832.4399594702186,-583.2158559441332,-2671.3746533020703,-218.51016630496542,-0.487177,-0.006781,6479.4,6141.2,0.091725,0.048294,-0.000000,4.3055,1.0000,,,,,
8.8200,1778836341.386382,735,28.976109,3.603334,0.453147,4.4202,-0.1614,-0.095179,28.945411,3.530210,0.451123,4.3318,29.000494,3.613027,0.452439,4.3289,-0.1782,-0.162986,0.196599,-0.5280,29.000494,3.613027,0.259353,4.0393,1.000000,-0.877402,426.9343,0,1,clay,1.0000,0.500000,0,0,0.000000,0.000000,0.000000,0,nan,0.00,-0.977273,0.7062,0.0000,-0.516000,0.4929,0.44,5.16,6.03,5.10,0.568410,21.5713,0.2925,0.008000,0.051375,0.2922,0.005493,0.093727,0.128838,-2618.0589119633196,-374.9233311929453,-2659.5073653534523,-163.21883037222645,-0.481264,-0.005498,6480.9,6139.6,0.089003,0.029437,0.000000,4.3277,1.0000,,,,,
8.8320,1778836341.398407,736,28.898968,3.491721,0.448727,4.3371,-0.0725,-0.099750,28.993727,3.549777,0.449916,4.3361,28.923371,3.501289,0.447996,4.3307,-0.1716,-0.164951,0.189208,-0.5100,28.923371,3.501289,0.192637,4.0396,1.000000,-0.826693,368.7512,0,1,clay,1.0000,0.500000,0,0,0.000000,0.000000,0.000000,0,nan,0.00,-0.954545,0.7005,0.0000,-0.504000,0.4830,0.44,5.18,6.05,5.29,0.587977,21.5021,0.2965,0.008000,0.204357,0.0753,0.020859,0.104281,0.124527,-2481.364163960364,-17.33117895743362,-2657.71935957978,-274.42960933537404,-0.467989,-0.008810,6482.7,6137.9,0.085881,0.050029,1.000000,4.3295,1.0000,,,,,
8.8440,1778836341.410425,737,29.076017,3.513610,0.454940,4.4083,-0.0921,-0.099260,29.042160,3.569171,0.448702,4.3387,29.100532,3.523374,0.454187,4.3459,-0.1702,-0.166919,0.179461,-0.4979,29.100532,3.523374,0.193254,4.0384,-1.000000,-0.820693,398.2943,0,1,clay,1.0000,0.500000,0,0,0.000000,0.000000,0.000000,0,nan,0.00,-0.977273,0.6948,0.0000,-0.516000,0.4731,0.44,5.18,6.06,5.20,0.607371,21.4326,0.3003,0.008000,0.081576,0.8612,0.025174,0.114338,0.126205,-2237.194100562793,-911.4420528424737,-2637.8870197634096,-334.42844762322875,-0.454281,-0.010532,6485.2,6135.3,0.081449,0.035803,1.000000,4.3448,1.0000,,,,,
8.8560,1778836341.422349,738,29.149722,3.583832,0.444930,4.3608,-0.0811,-0.106270,29.090735,3.588411,0.447430,4.3451,29.174386,3.593306,0.444137,4.3490,-0.1718,-0.174990,0.183637,-0.5221,29.174386,3.593306,0.158994,4.0382,-1.000000,-0.806891,413.5161,0,1,clay,1.0000,0.500000,0,0,0.000000,0.000000,0.000000,0,nan,0.00,-1.000000,0.6891,0.0000,-0.528000,0.4634,0.44,5.20,6.08,5.32,0.626611,21.3597,0.3069,0.008000,0.097499,-0.0189,0.019535,0.134907,0.129054,-2309.648318770048,-351.22772050631835,-2712.579749305055,-402.49450022468534,-0.464798,-0.012962,6484.2,6136.4,0.083278,0.040841,-1.000000,4.3479,1.0000,,,,,
8.8680,1778836341.434433,739,29.077443,3.618913,0.447250,4.3577,-0.2115,-0.113768,29.139461,3.607466,0.446084,4.3499,29.102290,3.628298,0.446413,4.3509,-0.1961,-0.182600,0.181348,-0.5341,29.102290,3.628298,0.251769,4.0384,0.000000,-0.831026,405.9023,0,1,clay,1.0000,0.500000,0,0,0.000000,0.000000,0.000000,0,nan,0.00,-1.000000,0.6835,0.0000,-0.528000,0.4535,0.44,5.20,6.08,5.19,0.629166,22.3051,0.3115,0.008000,0.030144,0.8166,0.037168,0.111078,0.125049,-2200.016272092933,-491.2864904877802,-2705.5407381521895,-285.1704307608117,-0.469283,-0.009690,6484.8,6135.8,0.082239,0.043578,-1.000000,4.3498,1.0000,,,,,
8.8800,1778836341.446451,740,29.157183,3.575980,0.440596,4.4059,-0.1362,-0.117965,29.188351,3.626299,0.444679,4.3542,29.182193,3.585166,0.439729,4.3617,-0.1998,-0.186610,0.174632,-0.5280,29.182193,3.585166,0.159020,4.0382,1.000000,-0.823290,394.1481,0,1,clay,1.0000,0.500000,0,0,0.000000,0.000000,0.000000,0,nan,0.00,-0.977273,0.6778,0.0000,-0.516000,0.4436,0.44,5.21,6.09,5.22,0.647999,22.2246,0.3159,0.008000,0.116721,-0.3452,0.052596,0.111075,0.125805,-2537.0031635199794,-256.1916948918504,-2638.7908501246243,-311.6253881027828,-0.466401,-0.010696,6486.5,6134.1,0.079340,0.034255,0.000000,4.3606,1.0000,,,,,
8.8920,1778836341.458414,741,29.197726,3.601928,0.447725,4.3816,-0.1423,-0.123451,29.237376,3.644935,0.443214,4.3587,29.222771,3.611272,0.446834,4.3657,-0.2017,-0.188346,0.168582,-0.5099,29.222771,3.611272,0.257794,4.0387,-1.000000,-0.804864,396.1598,0,1,clay,1.0000,0.500000,0,0,0.000000,0.000000,0.000000,0,nan,0.00,-1.000000,0.6721,0.0000,-0.528000,0.4339,0.45,5.21,6.10,5.24,0.666635,22.1407,0.3200,0.008000,0.189026,0.2289,0.055565,0.109816,0.124793,-2087.5421995129404,-421.5526857651726,-2635.46487012857,-337.5171591762164,-0.451366,-0.011662,6488.0,6132.6,0.076652,0.037778,1.000000,4.3647,1.0000,,,,,
8.9040,1778836341.470364,742,29.359530,3.629603,0.436299,4.3473,-0.1146,-0.129437,29.286571,3.663362,0.441653,4.3641,29.384654,3.638579,0.435370,4.3624,-0.2035,-0.196519,0.168342,-0.5341,29.384654,3.638579,0.241089,4.0433,0.000000,-0.777386,379.8251,0,1,clay,1.0000,0.500000,0,0,0.000000,0.000000,0.000000,0,nan,0.00,-1.000000,0.6664,0.0000,-0.528000,0.4246,0.44,5.22,6.10,5.25,0.685062,22.0513,0.3207,0.008000,0.111548,0.1373,0.043645,0.114986,0.124346,-2431.5733854759947,-64.99869449912603,-2685.132471419914,-407.5799739969925,-0.461624,-0.014143,6488.1,6132.5,0.076493,0.044398,-1.000000,4.3613,1.0000,,,,,
8.9160,1778836341.482443,743,29.317393,3.699058,0.437217,4.4574,-0.1127,-0.134060,29.336213,3.680741,0.439441,4.3688,29.342627,3.708071,0.436258,4.3809,-0.2015,-0.200492,0.158605,-0.5280,29.342627,3.708071,0.225395,4.0424,0.000000,-0.790512,423.0091,0,1,clay,1.0000,0.500000,0,0,0.000000,0.000000,0.000000,0,nan,0.00,-1.000000,0.6607,0.0000,-0.528000,0.4151,0.44,5.20,6.08,5.13,0.702441,21.9245,0.3264,0.008000,0.045266,0.3923,0.052881,0.110472,0.120423,-789.2033352312556,-1071.1146925546245,-2640.910817852042,-468.58440893482293,-0.460306,-0.016500,6490.6,6130.0,0.072120,0.024057,0.000000,4.3799,1.0000,,,,,
8.9280,1778836341.494382,744,29.438197,3.688818,0.441908,4.3936,-0.1981,-0.167364,29.386042,3.697925,0.437241,4.3694,29.463465,3.697783,0.440890,4.3837,-0.2154,-0.209585,0.176629,-0.5280,29.463465,3.697783,0.232708,4.0420,0.000000,-0.849403,421.3300,0,1,clay,1.0000,0.500000,0,0,0.000000,0.000000,0.000000,0,nan,0.00,-1.000000,0.6550,0.0000,-0.528000,0.4049,0.44,5.19,6.07,5.09,0.707725,22.8394,0.3274,0.008000,0.079642,0.3304,0.033996,0.106096,0.119589,-1304.1781583253908,-1959.1649504372426,-2633.6070838775922,-394.1355850894263,-0.452976,-0.017181,6486.0,6134.6,0.080113,0.042950,0.000000,4.3826,1.0000,,,,,
8.9400,1778836341.506374,745,29.259040,3.710799,0.434510,4.3420,-0.1041,-0.147125,29.435701,3.715592,0.435445,4.3753,29.284295,3.719537,0.433467,4.3758,-0.2098,-0.213410,0.176775,-0.5280,29.284295,3.719537,0.219488,4.0404,1.000000,-0.908581,438.0776,0,1,clay,1.0000,0.500000,0,0,0.000000,0.000000,0.000000,0,nan,0.00,-0.977273,0.6493,0.0000,-0.516000,0.3940,0.45,5.18,6.07,5.16,0.725392,22.7365,0.3349,0.008000,0.095642,0.1724,0.025116,0.108926,0.112721,-696.1868203743907,-844.1036766591226,-2616.1227236512177,-547.3503289063101,-0.452443,-0.020398,6485.9,6134.7,0.080332,0.052783,0.000000,4.3747,1.0000,,,,,
8.9520,1778836341.518324,746,29.520218,3.693947,0.439929,4.2989,-0.1840,-0.136007,29.485343,3.733456,0.433799,4.3811,29.545321,3.702718,0.438888,4.3611,-0.2168,-0.211616,0.172129,-0.5099,29.545321,3.702718,0.228846,4.0338,-1.000000,-0.837360,395.9628,0,1,clay,1.0000,0.500000,0,0,0.000000,0.000000,0.000000,0,nan,0.00,-1.000000,0.6435,0.0000,-0.528000,0.3840,0.44,5.17,6.05,5.09,0.743256,22.6422,0.3473,0.008000,0.021150,0.1394,-0.003786,0.086137,0.102831,-451.76661047692346,-948.1018764954922,-2605.900176749377,-531.1138962977523,-0.437122,-0.018655,6487.0,6133.6,0.078435,0.061927,1.000000,4.3600,1.0000,,,,,
8.9640,1778836341.530348,747,29.474160,3.720566,0.432387,4.4005,-0.1713,-0.130526,29.534996,3.751459,0.432257,4.3885,29.499305,3.729080,0.431339,4.3689,-0.2255,-0.215281,0.169619,-0.5340,29.499305,3.729080,0.215554,4.0394,0.000000,-0.865624,416.3555,0,1,clay,1.0000,0.500000,0,0,0.000000,0.000000,0.000000,0,nan,0.00,-1.000000,0.6378,0.0000,-0.528000,0.3736,0.44,5.17,6.04,5.18,0.761259,22.5538,0.3492,0.008000,0.113975,0.3294,0.000506,0.085130,0.118781,-527.7488251643109,-267.9166448809916,-2670.678299185402,-497.82181226691006,-0.447738,-0.017310,6487.7,6132.8,0.077127,0.039491,-1.000000,4.3679,1.0000,,,,,
8.9760,1778836341.542394,748,29.598407,3.788865,0.438555,4.3953,-0.1396,-0.122539,29.584681,3.769551,0.430784,4.3942,29.623504,3.797562,0.437516,4.3742,-0.2239,-0.213541,0.166059,-0.5280,29.623504,3.797562,0.274719,4.0249,1.000000,-0.925018,458.5907,0,1,clay,1.0000,0.500000,0,0,0.000000,0.000000,0.000000,0,nan,0.00,-0.977273,0.6320,0.0000,-0.516000,0.3625,0.43,5.18,6.05,5.22,0.779351,22.4694,0.3694,0.008000,0.083957,0.5960,0.004143,0.108403,0.132556,-565.8726120786916,-544.9287735409539,-2611.28792005706,-508.8878602478337,-0.448564,-0.017034,6488.6,6132.0,0.075630,0.040185,0.000000,4.3732,1.0000,,,,,
8.9880,1778836341.554360,749,29.699562,3.824269,0.427883,4.3497,-0.1818,-0.122122,29.634439,3.787662,0.429323,4.4002,29.724759,3.832686,0.426858,4.3696,-0.2280,-0.209662,0.160725,-0.5100,29.724759,3.832686,0.258251,4.0316,-1.000000,-0.936887,459.0345,0,1,clay,1.0000,0.500000,0,0,0.000000,0.000000,0.000000,0,nan,0.00,-1.000000,0.6262,0.0000,-0.528000,0.3513,0.43,5.18,6.05,5.17,0.790162,23.5097,0.3686,0.008000,0.141180,0.3905,-0.010545,0.105912,0.137800,-643.8099070115625,-291.4331441643177,-2607.4516002710034,-451.4019646244527,-0.435241,-0.014945,6489.8,6130.7,0.073435,0.050209,1.000000,4.3686,1.0000,,,,,
9.0000,1778836341.566425,750,29.712465,3.809796,0.435569,4.5128,-0.1590,-0.117016,29.684268,3.805761,0.427888,4.4056,29.737729,3.818452,0.434546,4.3975,-0.2326,-0.211758,0.157484,-0.5340,29.737729,3.818452,0.269002,4.0352,1.000000,-0.952790,460.2473,0,1,clay,1.0000,0.500000,0,0,0.000000,0.000000,0.000000,0,nan,0.00,-0.977273,0.6203,0.0000,-0.516000,0.3398,0.43,5.18,6.04,5.18,0.808261,23.4275,0.3705,0.008000,0.091927,0.4337,0.013943,0.098295,0.131452,-917.7879757522342,-974.7143534716599,-2687.290610921104,-415.5099010665335,-0.448107,-0.013779,6490.6,6129.9,0.072034,0.016370,-1.000000,4.3965,1.0000,,,,,
9.0120,1778836341.578429,751,29.835208,3.868687,0.428680,4.4265,-0.1650,-0.147733,29.734257,3.823573,0.426282,4.4072,29.860634,3.877176,0.427639,4.4030,-0.2316,-0.212089,0.110895,-0.5099,29.860634,3.877176,0.298371,4.1050,-1.000000,-0.901270,442.6330,0,1,clay,1.0000,0.500000,0,0,0.000000,0.000000,0.000000,0,nan,0.00,-1.000000,0.6144,0.0000,-0.528000,0.3290,0.44,5.17,6.05,5.13,0.826073,23.3355,0.3022,0.008000,0.098632,0.7427,0.023141,0.100816,0.144768,-821.3423391512977,-1518.8894808291602,-2654.0415704740617,-420.1735200879999,-0.434101,-0.014944,6502.4,6118.1,0.051511,0.038926,1.000000,4.4023,1.0000,,,,,
9.0240,1778836341.590395,752,29.867780,3.794528,0.424571,4.3878,-0.2109,-0.151862,29.784441,3.841106,0.424525,4.4156,29.893241,3.802780,0.423497,4.4002,-0.2445,-0.219315,0.112619,-0.5340,29.893241,3.802780,0.261120,4.1310,-0.000000,-0.833811,406.4268,0,1,clay,1.0000,0.500000,0,0,0.000000,0.000000,0.000000,0,nan,0.00,-1.000000,0.6085,0.0000,-0.528000,0.3190,0.44,5.18,6.05,5.22,0.843606,23.2348,0.2847,0.008000,0.117602,0.4791,0.002759,0.090149,0.141580,-892.8500530255784,-615.9248127230406,-2675.8207742445447,-388.28110402201077,-0.442053,-0.014198,6502.1,6118.5,0.052131,0.048471,-1.000000,4.3995,1.0000,,,,,
9.0360,1778836341.602451,753,29.845358,3.908054,0.433816,4.3383,-0.0724,-0.134465,29.834597,3.858830,0.422961,4.4196,29.870674,3.916622,0.432741,4.3883,-0.2274,-0.218813,0.102456,-0.5280,29.870674,3.916622,0.298020,4.1128,0.000000,-0.840250,471.6769,0,1,clay,1.0000,0.500000,0,0,0.000000,0.000000,0.000000,0,nan,0.00,-1.000000,0.6027,0.0000,-0.528000,0.3089,0.44,5.17,6.05,5.11,0.861330,23.1452,0.3068,0.008000,0.082198,0.7956,-0.013653,0.114938,0.151506,-752.9113220885429,-1146.562543749431,-2646.6946555289305,-577.6670788683244,-0.445874,-0.018424,6504.7,6115.8,0.047468,0.053485,-0.000000,4.3877,1.0000,,,,,
9.0480,1778836341.614431,754,29.875356,3.806426,0.416698,4.4879,-0.2097,-0.119252,29.884756,3.876682,0.421517,4.4239,29.900857,3.814542,0.415642,4.4077,-0.2383,-0.216327,0.095158,-0.5280,29.900857,3.814542,0.251794,4.1373,0.000000,-0.722349,397.2064,0,1,clay,1.0000,0.500000,0,0,0.000000,0.000000,0.000000,0,nan,0.00,-1.000000,0.5968,0.0000,-0.528000,0.3002,0.43,5.16,6.03,5.14,0.876682,23.9823,0.2866,0.008000,0.177021,0.2619,0.013584,0.106537,0.161669,-369.68258799442225,-813.5141170658795,-2643.3518252309077,-479.6256013566772,-0.444554,-0.014535,6506.6,6114.0,0.044255,0.024399,0.000000,4.4071,1.0000,,,,,
9.0600,1778836341.626388,755,29.878836,3.868930,0.424051,4.4375,-0.2000,-0.124012,29.934984,3.894503,0.420063,4.4292,29.904287,3.877206,0.423004,4.4136,-0.2453,-0.215130,0.098373,-0.5280,29.904287,3.877206,0.294096,4.1401,0.000000,-0.763868,424.1304,0,1,clay,1.0000,0.500000,0,0,0.000000,0.000000,0.000000,0,nan,0.00,-1.000000,0.5910,0.0000,-0.528000,0.2911,0.43,5.16,6.02,5.13,0.894503,23.8990,0.2890,0.008000,0.090713,0.3624,0.034641,0.116406,0.171062,-717.4685297533016,-438.65967716273224,-2641.5240393850854,-392.3187854770336,-0.443405,-0.012231,6505.9,6114.6,0.045358,0.035837,0.000000,4.4130,1.0000,,,,,
9.0720,1778836341.638422,756,29.852771,3.918656,0.424807,4.4130,-0.1210,-0.123621,29.985293,3.912266,0.418595,4.4331,29.878146,3.926996,0.423770,4.4136,-0.2369,-0.213972,0.096277,-0.5280,29.878146,3.926996,0.288590,4.1187,0.000000,-0.813675,448.8042,0,1,clay,1.0000,0.500000,0,0,0.000000,0.000000,0.000000,0,nan,0.00,-1.000000,0.5852,0.0000,-0.528000,0.2813,0.43,5.15,6.01,5.12,0.912266,23.8149,0.3144,0.008000,0.089235,0.8592,0.027095,0.119358,0.162680,-653.2917443092103,-1404.4421163678116,-2647.1008895265754,-449.89580692922937,-0.445858,-0.013823,6506.4,6114.1,0.044539,0.039957,0.000000,4.4130,1.0000,,,,,
9.0840,1778836341.650441,757,30.019128,3.935412,0.412962,4.3865,-0.3028,-0.118158,30.035659,3.930027,0.417183,4.4385,30.044623,3.943305,0.411936,4.4084,-0.2626,-0.212328,0.095581,-0.5280,30.044623,3.943305,0.274821,4.2557,0.000000,-0.771446,420.3553,0,1,clay,1.0000,0.500000,0,0,0.000000,0.000000,0.000000,0,nan,0.00,-1.000000,0.5794,0.0000,-0.528000,0.2721,0.43,5.15,6.02,5.16,0.930027,23.7340,0.1828,0.008000,0.025315,-0.1833,0.017055,0.089533,0.166027,-723.8312842843975,-928.8364449506912,-2633.327020530502,-211.50615726742166,-0.440195,-0.006732,6506.5,6114.0,0.044364,0.046874,0.000000,4.4079,1.0000,,,,,
9.0960,1778836341.662404,758,30.058914,4.009429,0.410539,4.4293,-0.1865,-0.113398,30.086067,3.947784,0.415810,4.4416,30.084414,4.017282,0.409528,4.4126,-0.2625,-0.210115,0.094013,-0.5280,30.084414,4.017282,0.297174,4.2847,0.000000,-0.752121,428.7577,0,1,clay,1.0000,0.500000,0,0,0.000000,0.000000,0.000000,0,nan,0.00,-1.000000,0.5737,0.0000,-0.528000,0.2630,0.43,5.18,6.03,5.31,0.947784,23.6553,0.1569,0.008000,0.098878,0.2662,0.026309,0.078066,0.144590,-665.6538534848457,-598.2701211369208,-2635.254652678305,-180.91459584970468,-0.441187,-0.005745,6507.0,6113.6,0.043557,0.038746,0.000000,4.4120,1.0000,,,,,
9.1080,1778836341.675798,759,30.043750,4.008679,0.420437,4.4821,-0.1049,-0.114491,30.136524,3.965514,0.414425,4.4435,30.069301,4.016945,0.419432,4.4260,-0.2484,-0.208887,0.076219,-0.5280,30.069301,4.016945,0.307289,4.2739,0.000000,-0.803461,466.5744,0,1,clay,1.0000,0.500000,0,0,0.000000,0.000000,0.000000,0,nan,0.00,-1.000000,0.5679,0.0000,-0.528000,0.2534,0.43,5.17,6.02,5.11,0.965514,23.7900,0.1697,0.008000,0.130309,0.4049,0.012315,0.109663,0.179428,-696.163683215821,-29.314746463771257,-2656.5472800169423,-288.69938064101984,-0.445652,-0.008590,6511.5,6109.1,0.035657,0.002968,0.000000,4.4256,1.0000,,,,,
9.1200,1778836341.686483,760,30.185094,4.053013,0.415100,4.4315,-0.1908,-0.146128,30.187176,3.982776,0.412745,4.4439,30.210750,4.061096,0.414067,4.4273,-0.2519,-0.212933,0.100408,-0.5280,30.210750,4.061096,0.297762,4.3694,0.000000,-0.854185,487.2899,0,1,clay,1.0000,0.500000,0,0,0.000000,0.000000,0.000000,0,nan,0.00,-1.000000,0.5622,0.0000,-0.528000,0.2431,0.44,5.17,6.05,5.22,0.982776,23.6938,0.0745,0.008000,0.109711,0.4968,0.012604,0.111579,0.162828,-625.6566397292579,-2109.230320385865,-2659.108469143888,-245.6897846143043,-0.443142,-0.009503,6505.3,6115.3,0.046476,0.028216,0.000000,4.4267,1.0000,,,,,
9.1320,1778836341.698445,761,30.242271,3.967091,0.412141,4.5253,-0.1729,-0.179918,30.238266,3.999319,0.410583,4.4540,30.268249,3.975106,0.411042,4.4465,-0.2519,-0.222231,0.115936,-0.5280,30.268249,3.975106,0.270981,4.4070,0.000000,-0.879596,450.4179,0,1,clay,1.0000,0.500000,0,0,0.000000,0.000000,0.000000,0,nan,0.00,-1.000000,0.5565,0.0000,-0.528000,0.2326,0.45,5.18,6.08,5.20,0.999319,23.5699,0.0470,0.008000,0.085475,0.6059,0.034318,0.116235,0.166298,-392.23938641300725,-2278.0043609325885,-2692.6287047212513,-254.7092578037994,-0.439919,-0.013489,6501.3,6119.3,0.053482,0.027547,0.000000,4.4458,1.0000,,,,,
9.1440,1778836341.710304,762,30.264301,4.055195,0.413280,4.4833,-0.2281,-0.177427,30.289399,4.015932,0.408528,4.4623,30.290318,4.063124,0.412139,4.4538,-0.2613,-0.228801,0.118986,-0.5280,30.290318,4.063124,0.296269,4.4216,0.000000,-0.923483,485.0883,0,1,clay,1.0000,0.500000,0,0,0.000000,0.000000,0.000000,0,nan,0.00,-1.000000,0.5508,0.0000,-0.528000,0.2215,0.44,5.17,6.06,5.11,1.015932,23.4522,0.0407,0.008000,0.030350,0.1386,0.054491,0.099313,0.151693,927.4958904087637,-1892.4395365242062,-2664.7563807113606,-285.8004031967177,-0.434971,-0.014127,6500.5,6120.1,0.054893,0.033315,0.000000,4.4530,1.0000,,,,,
9.1560,1778836341.722432,763,30.353127,4.048337,0.407287,4.4421,-0.1737,-0.153515,30.340345,4.033041,0.406861,4.4643,30.379134,4.056090,0.406140,4.4516,-0.2591,-0.230060,0.100866,-0.5280,30.379134,4.056090,0.290966,4.4812,0.000000,-0.909304,443.7132,0,1,clay,1.0000,0.500000,0,0,0.000000,0.000000,0.000000,0,nan,0.00,-1.000000,0.5450,0.0000,-0.528000,0.2106,0.44,5.16,6.05,5.11,1.033041,23.3567,-0.0169,0.008000,0.112037,0.7607,0.033757,0.106378,0.153627,2378.923157952382,-2138.083294250889,-2647.4040938376697,-413.4450877396702,-0.434807,-0.015253,6505.0,6115.6,0.047005,0.025673,0.000000,4.4509,1.0000,,,,,
9.1680,1778836341.734447,764,30.420233,4.125769,0.407946,4.4466,-0.1271,-0.068842,30.390808,4.051179,0.405926,4.4625,30.446159,4.133720,0.406883,4.4507,-0.2496,-0.217289,0.105064,-0.5280,30.446159,4.133720,0.309753,4.5264,0.000000,-0.952804,496.3697,0,1,clay,1.0000,0.500000,0,0,0.000000,0.000000,0.000000,0,nan,0.00,-1.000000,0.5393,0.0000,-0.528000,0.1992,0.45,5.15,6.05,5.11,1.051179,23.2457,-0.0639,0.008000,0.149822,0.3698,0.026688,0.125192,0.167752,2155.892075527925,-76.93346972242875,-2638.4082403774382,-462.15984313653576,-0.442521,-0.011891,6504.0,6116.6,0.048821,0.043151,0.000000,4.4501,1.0000,,,,,
9.1800,1778836341.746476,765,30.408099,4.088452,0.408975,4.4575,-0.0919,-0.066414,30.441195,4.069638,0.405122,4.4671,30.433958,4.096623,0.407982,4.4522,-0.2356,-0.206610,0.104605,-0.5280,30.433958,4.096623,0.288903,4.5182,0.000000,-0.946467,498.3684,0,1,clay,1.0000,0.500000,0,0,0.000000,0.000000,0.000000,0,nan,0.00,-1.000000,0.5336,0.0000,-0.528000,0.1878,0.45,5.15,6.06,5.14,1.069638,23.1996,-0.0511,0.008000,0.108342,0.3783,0.028326,0.146483,0.190938,2203.4481796605496,-876.1028341484317,-2649.2987256679694,-413.94492720534583,-0.450480,-0.010526,6504.0,6116.6,0.048736,0.038302,0.000000,4.4515,1.0000,,,,,
9.1920,1778836341.758430,766,30.488489,4.149278,0.389847,4.5177,-0.1223,-0.066783,30.491576,4.088229,0.404322,4.4716,30.514467,4.157085,0.388913,4.4650,-0.2296,-0.197927,0.102308,-0.5280,30.514467,4.157085,0.290412,4.5720,0.000000,-0.930628,455.3577,0,1,clay,1.0000,0.500000,0,0,0.000000,0.000000,0.000000,0,nan,0.00,-1.000000,0.5278,0.0000,-0.528000,0.1766,0.45,5.18,6.07,5.32,1.088229,23.1538,-0.1005,0.008000,0.085870,-0.0490,0.046331,0.170060,0.193774,2769.127171350344,-1559.67113092743,-2655.9676389957103,-319.9392892742785,-0.455751,-0.008112,6504.6,6116.0,0.047700,0.023492,0.000000,4.4643,1.0000,,,,,
9.2040,1778836341.770365,767,30.515772,4.195267,0.405992,4.5072,-0.0641,-0.056960,30.541877,4.107165,0.403664,4.4758,30.541720,4.203721,0.405108,4.4732,-0.2150,-0.189804,0.095659,-0.5280,30.541720,4.203721,0.303128,4.5900,0.000000,-0.934811,550.0511,0,1,clay,1.0000,0.500000,0,0,0.000000,0.000000,0.000000,0,nan,0.00,-1.000000,0.5221,0.0000,-0.528000,0.1654,0.45,5.18,6.08,5.18,1.107165,23.1161,-0.1143,0.008000,0.056947,1.0013,0.050651,0.182640,0.201945,2446.116878384982,-287.9034524621728,-2669.0500846740633,-329.3767290572203,-0.463134,-0.007970,6506.3,6114.3,0.044734,0.024605,0.000000,4.4726,1.0000,,,,,
9.2160,1778836341.782439,768,30.584828,4.127987,0.402915,4.4738,-0.0476,-0.047230,30.592117,4.126413,0.403137,4.4818,30.610754,4.136539,0.402086,4.4735,-0.2000,-0.181369,0.102725,-0.5280,30.610754,4.136539,0.305213,4.6350,0.000000,-0.939623,481.4515,0,1,clay,1.0000,0.500000,0,0,0.000000,0.000000,0.000000,0,nan,0.00,-1.000000,0.5163,0.0000,-0.528000,0.1541,0.45,5.17,6.08,5.15,1.126413,23.0859,-0.1532,0.008000,0.088341,0.2505,0.039200,0.190341,0.210980,2213.332991407403,-362.8266114056047,-2678.6724049774884,-332.15417884047736,-0.470365,-0.007859,6504.5,6116.1,0.047867,0.033378,0.000000,4.4729,1.0000,,,,,
9.2280,1778836341.794366,769,30.687467,4.168342,0.395258,4.4954,-0.1567,-0.026478,30.642256,4.146021,0.402761,4.4853,30.713376,4.176739,0.394499,4.4778,-0.2071,-0.170921,0.091081,-0.5280,30.713376,4.176739,0.294720,4.7007,0.000000,-0.973662,535.2639,0,1,clay,1.0000,0.500000,0,0,0.000000,0.000000,0.000000,0,nan,0.00,-1.000000,0.5106,0.0000,-0.528000,0.1425,0.45,5.17,6.06,5.17,1.146021,23.0798,-0.2154,0.008000,0.050220,0.1423,0.039838,0.181645,0.225192,2360.2010021098476,-27.704813248988557,-2686.64269532664,-88.7238924561068,-0.472974,-0.001516,6507.5,6113.1,0.042731,0.026694,0.000000,4.4772,1.0000,,,,,
9.2400,1778836341.806339,770,30.671707,4.226258,0.398922,4.5486,-0.0103,-0.017423,30.692282,4.166001,0.402543,4.4894,30.697547,4.234987,0.398228,4.4916,-0.1870,-0.161081,0.083242,-0.5280,30.697547,4.234987,0.294297,4.6907,0.000000,-0.998517,587.6725,0,1,clay,1.0000,0.500000,0,0,0.000000,0.000000,0.000000,0,nan,0.00,-1.000000,0.5049,0.0000,-0.528000,0.1305,0.44,5.18,6.06,5.20,1.166001,23.0672,-0.2013,0.008000,0.132071,0.5788,0.032928,0.196933,0.245453,2551.2728394144374,240.78201040299314,-2697.6899890259297,-118.13936186739924,-0.482109,-0.002059,6509.4,6111.2,0.039358,0.013293,0.000000,4.4910,1.0000,,,,,
9.2520,1778836341.818476,771,30.716892,4.218958,0.399630,4.4948,-0.1059,-0.009043,30.742241,4.186275,0.402425,4.4932,30.742757,4.227813,0.398995,4.4923,-0.1880,-0.152073,0.081436,-0.5280,30.742757,4.227813,0.295617,4.7194,0.000000,-1.067773,608.9458,0,1,clay,1.0000,0.500000,0,0,0.000000,0.000000,0.000000,0,nan,0.00,-1.000000,0.4991,0.0000,-0.528000,0.1177,0.45,5.16,6.06,5.09,1.186275,23.0605,-0.2262,0.008000,0.035287,0.5942,0.026080,0.203463,0.264013,2186.008237437026,-166.64067468875191,-2702.157680585229,69.00256002980305,-0.485811,0.002238,6509.8,6110.8,0.038634,0.026703,0.000000,4.4918,1.0000,,,,,
9.2640,1778836341.830410,772,30.673295,4.216862,0.406684,4.4420,-0.0281,-0.005253,30.792119,4.206812,0.402396,4.4953,30.698967,4.226029,0.406103,4.4826,-0.1749,-0.143898,0.069763,-0.5280,30.698967,4.226029,0.302622,4.6916,0.000000,-1.033406,607.1368,0,1,clay,1.0000,0.500000,0,0,0.000000,0.000000,0.000000,0,nan,0.00,-1.000000,0.4933,0.0000,-0.528000,0.1053,0.45,5.16,6.06,5.12,1.206812,23.0589,-0.1962,0.008000,0.146079,1.3493,0.020491,0.222225,0.276903,2614.956320549889,-51.7529464336327,-2709.938458348898,82.66162006258381,-0.492323,0.002636,6512.7,6107.9,0.033664,0.034505,0.000000,4.4821,1.0000,,,,,
9.2760,1778836341.842364,773,30.867090,4.217023,0.400335,4.5212,-0.0446,0.005355,30.841895,4.227633,0.402471,4.4964,30.892711,4.226138,0.399811,4.4901,-0.1669,-0.135310,0.059373,-0.5280,30.892711,4.226138,0.296510,4.8137,0.000000,-1.185467,633.7368,0,1,clay,1.0000,0.500000,0,0,0.000000,0.000000,0.000000,0,nan,0.00,-1.000000,0.4851,0.0000,-0.528000,0.0910,0.44,5.16,6.05,5.16,1.227633,23.0631,-0.3173,0.008000,0.040215,0.8698,0.028452,0.223649,0.261511,2131.008005176165,320.99157222118697,-2716.2149673629306,164.32598763873978,-0.497720,0.004437,6515.3,6105.2,0.028974,0.018664,0.000000,4.4897,1.0000,,,,,
9.2880,1778836341.854425,774,30.929839,4.322705,0.402761,4.5302,0.0058,0.013156,30.891594,4.248679,0.402609,4.4987,30.955398,4.332062,0.402290,4.4979,-0.1518,-0.127298,0.048830,-0.5280,30.955398,4.332062,0.312132,4.8526,0.000000,-1.044986,655.8005,0,1,clay,1.0000,0.500000,0,0,0.000000,0.000000,0.000000,0,nan,0.00,-1.000000,0.4774,0.0000,-0.528000,0.0785,0.44,5.16,6.04,5.15,1.248679,23.0669,-0.3539,0.008000,0.119743,0.8846,0.034906,0.229503,0.267006,2611.317243285868,141.21223013620806,-2724.5983072531926,160.29031362527058,-0.504771,0.004291,6517.8,6102.8,0.024724,0.015368,0.000000,4.4975,1.0000,,,,,
9.3000,1778836341.866454,775,30.968867,4.165981,0.406458,4.4799,-0.0731,0.017910,30.941197,4.269982,0.402811,4.4992,30.994383,4.175495,0.406034,4.4944,-0.1538,-0.120248,0.039587,-0.5280,30.994383,4.175495,0.306604,4.8767,0.000000,-1.147304,629.7709,0,1,clay,1.0000,0.500000,0,0,0.000000,0.000000,0.000000,0,nan,0.00,-1.000000,0.4701,0.0000,-0.528000,0.0647,0.45,5.16,6.05,5.17,1.269982,23.0785,-0.3775,0.008000,0.111901,2.1393,0.018923,0.224969,0.266455,2254.708372905475,65.50962469168223,-2728.510145887494,327.899492181287,-0.507332,0.007930,6520.3,6100.2,0.020271,0.028436,0.000000,4.4941,1.0000,,,,,
9.3120,1778836341.878374,776,30.965539,4.288459,0.399923,4.5287,0.0539,0.011418,30.990751,4.291447,0.403012,4.5012,30.991034,4.297975,0.399531,4.5011,-0.1326,-0.115287,0.044039,-0.5280,30.991034,4.297975,0.311517,4.8746,0.000000,-1.128403,642.3020,0,1,clay,1.0000,0.500000,0,0,0.000000,0.000000,0.000000,0,nan,0.00,-1.000000,0.4631,0.0000,-0.528000,0.0512,0.44,5.16,6.04,5.15,1.291447,23.0900,-0.3734,0.008000,0.045238,0.7905,0.018022,0.236344,0.261676,1353.554883598245,-1076.7264280881723,-2735.7348376240457,188.74928579356828,-0.514456,0.004907,6519.1,6101.5,0.022505,0.017095,0.000000,4.5008,1.0000,,,,,
9.3240,1778836341.890409,777,31.076678,4.338400,0.401019,4.5417,-0.0149,0.003670,31.040436,4.312786,0.403083,4.5056,31.102184,4.348015,0.400643,4.5089,-0.1278,-0.112749,0.030465,-0.5280,31.102184,4.348015,0.309714,4.9404,0.000000,-1.325563,712.1071,0,1,clay,1.0000,0.500000,0,0,0.000000,0.000000,0.000000,0,nan,0.00,-1.000000,0.4565,0.0000,-0.528000,0.0353,0.44,5.16,6.04,5.16,1.312786,23.0941,-0.4347,0.008000,0.079603,0.9780,0.024969,0.246470,0.273579,1640.7302500543,-228.68782515957548,-2738.8579684199854,187.27127271755748,-0.516706,0.004861,6522.5,6098.0,0.016461,0.018715,0.000000,4.5087,1.0000,,,,,
9.3360,1778836341.902587,778,31.106298,4.270199,0.401411,4.5840,-0.0178,0.012869,31.089995,4.334404,0.403302,4.5049,31.132005,4.279964,0.401055,4.5234,-0.1250,-0.109757,0.015211,-0.5280,31.132005,4.279964,0.314522,4.9559,0.000000,-1.251650,659.0797,0,1,clay,1.0000,0.500000,0,0,0.000000,0.000000,0.000000,0,nan,0.00,-1.000000,0.4503,0.0000,-0.528000,0.0203,0.46,5.17,6.09,5.23,1.334404,23.1066,-0.4510,0.008000,0.052186,1.3753,0.036419,0.247774,0.249277,2047.9264144642852,29.561288510947293,-2743.536277101468,228.57349782934,-0.519035,0.005612,6526.1,6094.5,0.010272,0.008512,0.000000,4.5233,1.0000,,,,,
9.3480,1778836341.914538,779,31.008975,4.371131,0.400993,4.5152,-0.0760,0.042072,31.139345,4.356459,0.403746,4.5037,31.034770,4.380947,0.400685,4.5218,-0.1331,-0.102515,-0.000896,-0.5280,31.034770,4.380947,0.323981,4.9014,0.000000,-1.148389,657.8584,0,1,clay,1.0000,0.500000,0,0,0.000000,0.000000,0.000000,0,nan,0.00,-1.000000,0.4444,0.0000,-0.528000,0.0065,0.47,5.16,6.09,5.11,1.356459,23.1332,-0.3977,0.008000,0.120378,1.0813,0.021864,0.217284,0.253748,2468.3427298017496,209.95572985122487,-2760.4498971056964,490.4604929406722,-0.520382,0.010859,6530.3,6090.3,0.002975,0.024161,0.000000,4.5217,1.0000,,,,,
9.3600,1778836341.926576,780,31.232814,4.426773,0.401680,4.6053,0.0969,0.047104,31.188564,4.378820,0.404296,4.5044,31.258666,4.436881,0.401418,4.5379,-0.1089,-0.095691,-0.010206,-0.5280,31.258666,4.436881,0.322162,5.0000,0.000000,-1.134515,713.9310,0,1,clay,1.0000,0.500000,0,0,0.000000,0.000000,0.000000,0,nan,0.00,-1.000000,0.4388,0.0000,-0.528000,-0.0071,0.48,5.17,6.12,5.22,1.378820,23.1647,-0.4956,0.008000,0.086977,1.0252,0.037505,0.248129,0.254003,2709.343247155775,542.6792800500973,-2783.081377628281,370.65570791403627,-0.529213,0.008025,6532.8,6087.8,-0.001406,0.002716,0.000000,4.5379,1.0000,,,,,
9.3720,1778836341.938456,781,31.157913,4.404089,0.407429,4.4440,0.1013,0.056663,31.237627,4.401544,0.404970,4.5041,31.183549,4.414503,0.407214,4.5196,-0.0885,-0.088493,-0.029515,-0.5280,31.183549,4.414503,0.328799,4.9792,0.000000,-1.279116,772.7157,0,1,clay,1.0000,0.500000,0,0,0.000000,0.000000,0.000000,0,nan,0.00,-1.000000,0.4336,0.0000,-0.528000,-0.0225,0.48,5.16,6.11,5.11,1.401544,23.2033,-0.4751,0.008000,0.048651,0.9004,0.030187,0.261526,0.254337,2700.752173641643,634.5641337148745,-2816.1543493452373,298.8951485363374,-0.537184,0.006308,6537.7,6082.9,-0.009966,0.038429,0.000000,4.5197,1.0000,,,,,
9.3840,1778836341.950512,782,31.308291,4.471082,0.401815,4.4981,0.0656,0.060059,31.286582,4.424546,0.405701,4.5062,31.333840,4.481439,0.401644,4.5153,-0.0781,-0.081806,-0.043060,-0.5280,31.333840,4.481439,0.319785,5.0000,0.000000,-1.198012,807.3968,0,1,clay,1.0000,0.500000,0,0,0.000000,0.000000,0.000000,0,nan,0.00,-1.000000,0.4286,0.0000,-0.528000,-0.0369,0.47,5.17,6.11,5.23,1.424546,23.2452,-0.4938,0.008000,0.106135,0.8901,0.019539,0.266668,0.255545,2711.3342340387917,553.7029616441495,-2841.756380889815,325.05128862854826,-0.542323,0.006681,6540.9,6079.7,-0.015565,0.025567,0.000000,4.5155,1.0000,,,,,
9.3960,1778836341.962373,783,31.330165,4.440345,0.398943,4.5309,-0.0172,0.059969,31.335470,4.447709,0.406438,4.5059,31.355792,4.450662,0.398806,4.5182,-0.0848,-0.076855,-0.057857,-0.5280,31.355792,4.450662,0.318540,5.0000,0.000000,-1.239133,742.5615,0,1,clay,1.0000,0.500000,0,0,0.000000,0.000000,0.000000,0,nan,0.00,-1.000000,0.4239,0.0000,-0.528000,-0.0517,0.47,5.17,6.11,5.18,1.447709,23.2874,-0.4941,0.008000,0.064069,0.5376,0.015778,0.250284,0.253786,2440.4321258511445,347.5683070304806,-2854.993293399989,515.4641132023302,-0.542899,0.010510,6544.8,6075.8,-0.022312,0.018000,0.000000,4.5185,1.0000,,,,,
9.4080,1778836341.974401,784,31.442141,4.492616,0.406436,4.5505,0.0776,0.069010,31.384255,4.471140,0.407247,4.5060,31.467659,4.503258,0.406336,4.5243,-0.0732,-0.071152,-0.073161,-0.5280,31.467659,4.503258,0.336705,5.0000,0.000000,-1.454548,830.4750,0,1,clay,1.0000,0.500000,0,0,0.000000,0.000000,0.000000,0,nan,0.00,-1.000000,0.4195,0.0000,-0.528000,-0.0692,0.47,5.17,6.11,5.18,1.471140,23.3335,-0.4940,0.008000,0.172413,0.7120,0.026369,0.263304,0.255256,2327.17850540112,263.26098050534694,-2910.5080807913173,520.3575711689007,-0.548019,0.010190,6548.6,6072.0,-0.028960,0.013801,0.000000,4.5247,1.0000,,,,,
9.4200,1778836341.986389,785,31.468777,4.478310,0.410720,4.4684,0.1435,0.076613,31.432916,4.494843,0.408125,4.5059,31.494058,4.489197,0.410661,4.5133,-0.0518,-0.064918,-0.094989,-0.5280,31.494058,4.489197,0.328399,5.0000,0.000000,-1.414564,874.0605,0,1,clay,1.0000,0.500000,0,0,0.000000,0.000000,0.000000,0,nan,0.00,-1.000000,0.4153,0.0000,-0.528000,-0.0862,0.46,5.17,6.10,5.16,1.494843,23.3838,-0.4941,0.008000,0.061177,1.3016,0.008309,0.270837,0.254442,2822.320745334708,981.439620844878,-2964.028764810294,423.0728919917227,-0.550000,0.007697,6553.8,6066.8,-0.038025,0.031251,0.000000,4.5138,1.0000,,,,,
9.4320,1778836341.998476,786,31.488462,4.471453,0.403766,4.5560,0.0081,0.075288,31.481466,4.518775,0.409051,4.5045,31.513847,4.482180,0.403736,4.5213,-0.0589,-0.060437,-0.110782,-0.5280,31.513847,4.482180,0.321944,4.9993,0.000000,-1.228711,818.4440,0,1,clay,1.0000,0.500000,0,0,0.000000,0.000000,0.000000,0,nan,0.00,-1.000000,0.4112,0.0011,-0.528000,-0.1009,0.46,5.17,6.09,5.14,1.518775,23.4368,-0.4948,0.008000,0.047817,0.8249,0.009987,0.257279,0.256897,2132.6598221293752,1463.0677556018093,-2987.1559538444562,611.3837848768528,-0.550000,0.011357,6557.8,6062.7,-0.045108,0.013061,0.000000,4.5220,1.0000,,,,,
9.4440,1778836342.010384,787,31.503998,4.537639,0.413296,4.4238,0.1576,0.082729,31.529909,4.542949,0.410029,4.5058,31.529084,4.548727,0.413300,4.5023,-0.0378,-0.055281,-0.119937,-0.5280,31.529084,4.548727,0.341462,4.9986,0.000000,-1.173935,885.4560,0,1,clay,1.0000,0.500000,0,0,0.000000,0.000000,0.000000,0,nan,0.00,-1.000000,0.4073,0.0023,-0.528000,-0.1150,0.46,5.19,6.11,5.30,1.542949,23.4929,-0.4928,0.008000,0.122383,1.3303,-0.021986,0.279753,0.261776,2270.274508630174,1286.7392162485755,-3025.7673062571334,488.250052949677,-0.550000,0.008500,6560.4,6060.1,-0.049652,0.040021,0.000000,4.5030,1.0000,,,,,
9.4560,1778836342.022458,788,31.525590,4.540788,0.422166,4.5032,0.1184,0.082397,31.578245,4.567392,0.411069,4.5066,31.550610,4.552226,0.422195,4.5022,-0.0282,-0.051626,-0.130860,-0.5280,31.550610,4.552226,0.350249,4.9980,0.000000,-1.190917,922.6844,0,1,clay,1.0000,0.500000,0,0,0.000000,0.000000,0.000000,0,nan,0.00,-1.000000,0.4034,0.0037,-0.528000,-0.1293,0.46,5.21,6.14,5.37,1.567392,23.5524,-0.4913,0.008000,0.063535,1.8182,-0.018669,0.298781,0.263349,2493.826071508949,610.8727675106429,-3049.5749711826816,469.1488817255714,-0.550000,0.007820,6563.3,6057.3,-0.054613,0.022645,0.000000,4.5030,1.0000,,,,,
9.4680,1778836342.034421,789,31.693626,4.646482,0.408923,4.4342,0.0414,0.093941,31.626469,4.592084,0.412181,4.5064,31.718833,4.657619,0.408984,4.4888,-0.0345,-0.047161,-0.143789,-0.5280,31.718833,4.657619,0.343608,4.9994,0.000000,-1.226838,867.5814,0,1,clay,1.0000,0.500000,0,0,0.000000,0.000000,0.000000,0,nan,0.00,-1.000000,0.3996,0.0051,-0.528000,-0.1440,0.46,5.21,6.14,5.21,1.592084,23.6162,-0.4930,0.008000,0.056637,0.9783,-0.047171,0.275115,0.259639,2273.281257169335,1232.5087148359466,-3132.378281512347,658.9454961026734,-0.550000,0.011462,6566.5,6054.0,-0.060260,0.038386,0.000000,4.4897,1.0000,,,,,
9.4800,1778836342.046371,790,31.659020,4.640274,0.412195,4.4851,0.1062,0.100439,31.674591,4.616999,0.413370,4.5067,31.684129,4.651576,0.412291,4.4879,-0.0275,-0.041878,-0.153304,-0.5280,31.684129,4.651576,0.347139,4.9987,0.000000,-1.256524,897.2143,0,1,clay,1.0000,0.500000,0,0,0.000000,0.000000,0.000000,0,nan,0.00,-1.000000,0.3959,0.0066,-0.528000,-0.1591,0.46,5.19,6.11,5.05,1.616999,23.6844,-0.4920,0.008000,0.084672,0.7924,-0.027828,0.267318,0.254378,2202.118702929314,349.42341793652247,-3201.500414129962,705.4784425103662,-0.550000,0.012067,6568.9,6051.7,-0.064366,0.026690,0.000000,4.4888,1.0000,,,,,
9.4920,1778836342.058497,791,31.634757,4.694326,0.413973,4.5808,0.0682,0.106907,31.722608,4.642173,0.414641,4.5078,31.659877,4.705740,0.414103,4.5056,-0.0286,-0.036463,-0.162375,-0.5280,31.659877,4.705740,0.347246,4.9982,0.000000,-1.224896,972.1914,0,1,clay,1.0000,0.500000,0,0,0.000000,0.000000,0.000000,0,nan,0.00,-1.000000,0.3923,0.0082,-0.528000,-0.1738,0.47,5.20,6.14,5.29,1.642173,23.7572,-0.4904,0.008000,0.134867,1.1751,-0.004389,0.257230,0.254583,2295.9974243966103,561.8884101786117,-3286.194403031862,845.0207770415338,-0.550000,0.014611,6571.1,6049.4,-0.068298,0.005798,0.000000,4.5066,1.0000,,,,,
9.5040,1778836342.071932,792,31.768015,4.678204,0.425361,4.4411,0.1696,0.111917,31.770520,4.667595,0.415980,4.5083,31.792943,4.690056,0.425526,4.4929,-0.0117,-0.031586,-0.175651,-0.5280,31.792943,4.690056,0.359132,5.0000,0.000000,-1.186024,1023.8516,0,1,clay,1.0000,0.500000,0,0,0.000000,0.000000,0.000000,0,nan,0.00,-1.000000,0.3888,0.0099,-0.528000,-0.1880,0.47,5.22,6.16,5.30,1.667595,23.8339,-0.4917,0.008000,0.072196,1.9619,-0.018450,0.279806,0.259598,1882.8896088426645,753.1874351964166,-3322.3358173381903,779.2871101978767,-0.550000,0.012751,6574.5,6046.0,-0.074234,0.037650,0.000000,4.4939,1.0000,,,,,
9.5160,1778836342.082407,793,31.821037,4.686250,0.423874,4.5697,0.1725,0.097562,31.818528,4.692883,0.417132,4.5139,31.846049,4.698219,0.424051,4.5076,0.0026,-0.029845,-0.169807,-0.5280,31.846049,4.698219,0.357553,5.0000,0.000000,-1.350277,1045.8152,0,1,clay,1.0000,0.500000,0,0,0.000000,0.000000,0.000000,0,nan,0.00,-1.000000,0.3854,0.0117,-0.528000,-0.2042,0.47,5.25,6.18,5.42,1.692883,23.8999,-0.4861,0.008000,0.073150,1.4126,-0.008352,0.288613,0.255506,1516.207688253589,108.60016663974807,-3232.361735180904,638.1837627672927,-0.550000,0.010000,6573.1,6047.4,-0.071756,0.009151,0.000000,4.5086,1.0000,,,,,
9.5280,1778836342.094375,794,31.829312,4.757194,0.417591,4.5526,0.0868,0.114859,31.866413,4.718481,0.418438,4.5125,31.854511,4.769078,0.417796,4.5160,-0.0014,-0.025892,-0.183088,-0.5280,31.854511,4.769078,0.358304,5.0000,0.000000,-1.294086,1002.8019,0,1,clay,1.0000,0.500000,0,0,0.000000,0.000000,0.000000,0,nan,0.00,-1.000000,0.3820,0.0136,-0.528000,-0.2197,0.46,5.27,6.18,5.37,1.718481,23.9747,-0.4875,0.008000,0.132754,0.7690,0.013373,0.270842,0.250746,2176.1677903433792,486.15077335578917,-3383.6259372563727,804.7288074335838,-0.550000,0.012740,6576.2,6044.3,-0.077164,0.010377,0.000000,4.5171,1.0000,,,,,
9.5400,1778836342.106482,795,31.942501,4.730165,0.412894,4.4704,0.1708,0.128426,31.914079,4.744489,0.419959,4.5098,31.967709,4.742068,0.413139,4.5069,0.0109,-0.019686,-0.200852,-0.5280,31.967709,4.742068,0.344982,5.0000,0.000000,-1.314433,1050.2521,0,1,clay,1.0000,0.500000,0,0,0.000000,0.000000,0.000000,0,nan,0.00,-1.000000,0.3787,0.0155,-0.528000,-0.2355,0.46,5.25,6.17,5.17,1.744489,24.0619,-0.4902,0.008000,0.084908,0.8710,-0.002162,0.286569,0.257750,1985.8320373353959,309.48763774748295,-3495.7643288223603,831.8647642355627,-0.550000,0.012386,6580.8,6039.8,-0.085151,0.032115,0.000000,4.5081,1.0000,,,,,
9.5520,1778836342.118393,796,32.034354,4.845118,0.424374,4.5071,0.2207,0.129461,31.961616,4.770735,0.421541,4.5088,32.059321,4.857461,0.424655,4.5066,0.0303,-0.013754,-0.215403,-0.5280,32.059321,4.857461,0.362359,4.9998,0.000000,-1.244452,1159.3516,0,1,clay,1.0000,0.500000,0,0,0.000000,0.000000,0.000000,0,nan,0.00,-1.000000,0.3754,0.0175,-0.528000,-0.2505,0.46,5.32,6.24,5.69,1.770735,24.1525,-0.4910,0.008000,0.154091,0.9512,0.017628,0.293110,0.252493,2295.8568760278235,969.122855709589,-3537.2231218300817,754.5424881958668,-0.550000,0.010013,6584.5,6036.1,-0.091524,0.025751,0.000000,4.5079,1.0000,,,,,
9.5640,1778836342.130427,797,32.134550,4.715659,0.416405,4.4427,0.2293,0.136560,32.009057,4.797182,0.423143,4.5083,32.159715,4.728034,0.416723,4.4939,0.0466,-0.008855,-0.223125,-0.5280,32.159715,4.728034,0.348916,4.9999,0.000000,-1.282143,1060.2726,0,1,clay,1.0000,0.500000,0,0,0.000000,0.000000,0.000000,0,nan,0.00,-1.000000,0.3723,0.0196,-0.528000,-0.2658,0.46,5.30,6.21,5.17,1.797182,24.2443,-0.4916,0.008000,0.168675,-0.0359,0.006130,0.301310,0.253168,2170.7903500329003,1265.329376095138,-3579.933591732235,698.3153998702971,-0.550000,0.008275,6586.5,6034.1,-0.095092,0.037716,0.000000,4.4953,1.0000,,,,,
9.5760,1778836342.142368,798,31.942554,4.829577,0.427525,4.5345,0.2727,0.134289,32.056433,4.823833,0.424771,4.5116,31.967427,4.842364,0.427872,4.5017,0.0689,-0.003533,-0.190447,-0.5280,31.967427,4.842364,0.366007,5.0000,0.000000,-1.453327,1211.1980,0,1,clay,1.0000,0.500000,0,0,0.000000,0.000000,0.000000,0,nan,0.00,-1.000000,0.3692,0.0218,-0.528000,-0.2833,0.45,5.27,6.18,5.14,1.823833,24.3376,-0.4884,0.008000,0.192354,1.3326,0.028403,0.328200,0.256166,2423.79004245722,1310.6399852509876,-3522.1197853732365,494.15181577912165,-0.550000,0.004806,6578.2,6042.4,-0.080577,0.016687,0.000000,4.5029,1.0000,,,,,
9.5880,1778836342.154465,799,32.123236,4.840414,0.420211,4.5990,0.2731,0.145558,32.103668,4.850774,0.426492,4.5116,32.148170,4.853191,0.420595,4.5202,0.0870,0.002591,-0.212761,-0.5280,32.148170,4.853191,0.358572,4.9999,0.000000,-1.468140,1304.9808,0,1,clay,1.0000,0.500000,0,0,0.000000,0.000000,0.000000,0,nan,0.00,-1.000000,0.3661,0.0241,-0.528000,-0.3009,0.46,5.27,6.19,5.28,1.850774,24.4362,-0.4883,0.008000,0.029674,0.6938,0.048901,0.341819,0.256909,2218.386780006808,975.5855796963147,-3640.2111010623994,479.1430498422598,-0.550000,0.002817,6583.6,6037.0,-0.089970,0.006289,0.000000,4.5215,1.0000,,,,,
9.6000,1778836342.166444,800,32.098057,4.858482,0.433034,4.5624,0.1528,0.150742,32.150786,4.877963,0.428283,4.5132,32.122848,4.871588,0.433448,4.5280,0.0793,0.007347,-0.222871,-0.5280,32.122848,4.871588,0.379091,4.9998,0.000000,-1.624823,1255.1349,0,1,clay,1.0000,0.500000,0,0,0.000000,0.000000,0.000000,0,nan,0.00,-1.000000,0.3631,0.0265,-0.528000,-0.3204,0.45,5.30,6.21,5.43,1.877963,24.5388,-0.4866,0.008000,0.030219,1.2935,0.039968,0.332860,0.260407,1952.8251535892232,1295.528803199893,-3677.7898768614405,685.8503885072444,-0.550000,0.006747,6586.1,6034.5,-0.094397,0.015242,0.000000,4.5294,1.0000,,,,,
9.6120,1778836342.178365,801,32.145217,4.944741,0.434025,4.5601,0.1474,0.143171,32.197901,4.905215,0.430014,4.5172,32.170098,4.957898,0.434456,4.5339,0.0717,0.009457,-0.226054,-0.5280,32.170098,4.957898,0.377868,4.9999,0.000000,-1.712551,1334.0879,0,1,clay,1.0000,0.500000,0,0,0.000000,0.000000,0.000000,0,nan,0.00,-1.000000,0.3602,0.0290,-0.528000,-0.3409,0.45,5.31,6.21,5.36,1.905215,24.6380,-0.4827,0.008000,0.095774,0.6679,0.059990,0.314115,0.254087,2026.952543344887,367.28454139067014,-3646.2483456535956,796.0347357597931,-0.550000,0.009583,6586.7,6033.9,-0.095364,0.015919,0.000000,4.5353,1.0000,,,,,
9.6240,1778836342.190460,802,32.213816,4.843261,0.425983,4.4990,0.2281,0.147969,32.244927,4.932689,0.431817,4.5166,32.238762,4.856302,0.426436,4.5268,0.0806,0.012692,-0.247777,-0.5280,32.238762,4.856302,0.364446,5.0000,0.000000,-1.601653,1250.1225,0,1,clay,1.0000,0.500000,0,0,0.000000,0.000000,0.000000,0,nan,0.00,-1.000000,0.3573,0.0316,-0.528000,-0.3602,0.45,5.33,6.23,5.46,1.932689,24.7413,-0.4833,0.008000,0.057814,0.2817,0.037669,0.311821,0.250464,1903.7078248165499,549.4318614826428,-3691.9400371955385,803.9012279923932,-0.550000,0.008799,6592.0,6028.5,-0.104708,0.024994,0.000000,4.5283,1.0000,,,,,
9.6360,1778836342.202406,803,32.252418,4.857759,0.437788,4.5359,0.1917,0.159274,32.291763,4.960511,0.433774,4.5144,32.277337,4.871213,0.438270,4.5281,0.0806,0.016516,-0.266978,-0.5280,32.277337,4.871213,0.375937,5.0000,-0.000000,-1.450804,1419.7538,0,1,clay,1.0000,0.500000,0,0,0.000000,0.000000,0.000000,0,nan,0.00,-1.000000,0.3545,0.0343,-0.528000,-0.3776,0.46,5.32,6.23,5.26,1.960511,24.8534,-0.4856,0.008000,0.092117,1.2938,0.032039,0.313725,0.254910,2347.2712354044615,653.02399668426,-3767.9463269871935,955.5343221997588,-0.550000,0.010534,6597.0,6023.5,-0.113466,0.019856,0.000000,4.5298,1.0000,,,,,
9.6480,1778836342.214357,804,32.294886,4.981276,0.426491,4.4969,0.2854,0.172975,32.338420,4.988629,0.435827,4.5138,32.319773,4.994562,0.427015,4.5217,0.0990,0.023795,-0.273796,-0.5280,32.319773,4.994562,0.369236,5.0000,0.000000,-1.397298,1340.9949,0,1,clay,1.0000,0.500000,0,0,0.000000,0.000000,0.000000,0,nan,0.00,-1.000000,0.3517,0.0370,-0.528000,-0.3943,0.45,5.39,6.30,5.79,1.988629,24.9711,-0.4862,0.008000,0.105248,0.8778,0.036613,0.324254,0.253344,2048.5596173724575,549.0544776638562,-3810.7031300221042,945.246060507498,-0.550000,0.008944,6599.0,6021.5,-0.116903,0.030403,-0.000000,4.5234,1.0000,,,,,
9.6600,1778836342.226459,805,32.417544,5.041397,0.440154,4.5502,0.2737,0.173705,32.384982,5.016946,0.437911,4.5145,32.442506,5.055304,0.440714,4.5269,0.1101,0.028054,-0.278075,-0.5280,32.442506,5.055304,0.388665,5.0000,0.000000,-1.542534,1350.2384,0,1,clay,1.0000,0.500000,0,0,0.000000,0.000000,0.000000,0,nan,0.00,-1.000000,0.3490,0.0398,-0.528000,-0.4129,0.45,5.35,6.26,5.15,2.016946,25.0905,-0.4855,0.008000,0.052543,0.9668,0.043548,0.323025,0.248226,1998.9699305449665,1491.4592943056623,-3822.459176499361,935.1726849544633,-0.550000,0.008195,6600.2,6020.4,-0.118896,0.016752,0.000000,4.5286,1.0000,,,,,
9.6720,1778836342.238505,806,32.438640,5.124592,0.440279,4.4628,0.2212,0.174093,32.431477,5.045426,0.440004,4.5160,32.463439,5.138472,0.440866,4.5141,0.1106,0.032481,-0.286904,-0.5280,32.463439,5.138472,0.392903,5.0000,0.000000,-1.543413,1298.9311,0,1,clay,1.0000,0.500000,0,0,0.000000,0.000000,0.000000,0,nan,0.00,-1.000000,0.3463,0.0427,-0.528000,-0.4314,0.46,5.32,6.24,5.12,2.045426,25.2104,-0.4840,0.008000,0.248757,1.4004,0.044276,0.311311,0.243098,2028.4677054554645,1356.354839667831,-3819.7545367436232,1007.3443397658043,-0.550000,0.009901,6602.2,6018.4,-0.122402,0.034736,0.000000,4.5159,1.0000,,,,,
9.6840,1778836342.250452,807,32.470741,5.091864,0.445973,4.5112,0.1931,0.182799,32.477831,5.074180,0.442182,4.5156,32.495321,5.105831,0.446590,4.5132,0.1063,0.037664,-0.291658,-0.5280,32.495321,5.105831,0.393262,5.0000,0.000000,-1.682170,1405.6231,0,1,clay,1.0000,0.500000,0,0,0.000000,0.000000,0.000000,0,nan,0.00,-1.000000,0.3437,0.0456,-0.528000,-0.4516,0.46,5.30,6.23,5.17,2.074180,25.3352,-0.4844,0.008000,0.111546,1.0574,0.032317,0.290058,0.233107,2219.555630572626,456.6106846053158,-3845.2371388187994,1200.0212416435197,-0.550000,0.013098,6603.4,6017.2,-0.124520,0.024206,0.000000,4.5150,1.0000,,,,,
9.6960,1778836342.262434,808,32.509800,5.124230,0.445222,4.5003,0.1586,0.185317,32.524050,5.103170,0.444420,4.5157,32.534265,5.138087,0.445865,4.5103,0.0964,0.042047,-0.305749,-0.5280,32.534265,5.138087,0.397918,5.0000,0.000000,-1.507477,1312.8813,0,1,clay,1.0000,0.500000,0,0,0.000000,0.000000,0.000000,0,nan,0.00,-1.000000,0.3411,0.0486,-0.528000,-0.4697,0.46,5.30,6.22,5.31,2.103170,25.4634,-0.4843,0.008000,0.091296,1.3962,0.013231,0.266448,0.230660,2306.9658043123477,816.8775514567503,-3856.310600541508,1411.0988905775157,-0.550000,0.017350,6606.7,6013.8,-0.130381,0.027189,0.000000,4.5121,1.0000,,,,,
9.7080,1778836342.274443,809,32.497697,5.126534,0.451197,4.5209,0.2207,0.171232,32.570207,5.132294,0.446638,4.5216,32.522131,5.140599,0.451847,4.5122,0.0992,0.042949,-0.270898,-0.5280,32.522131,5.140599,0.403923,5.0000,0.000000,-1.347454,1420.3150,0,1,clay,1.0000,0.500000,0,0,0.000000,0.000000,0.000000,0,nan,0.00,-1.000000,0.3385,0.0517,-0.528000,-0.4858,0.47,5.27,6.20,5.09,2.132294,25.5905,-0.4784,0.008000,0.065139,0.9748,0.008080,0.273159,0.234386,1742.376997845356,1177.0256233057653,-3803.5915209132095,1276.4012796743684,-0.550000,0.017071,6598.2,6022.4,-0.115464,-0.037420,0.000000,4.5138,1.0000,,,,,
9.7200,1778836342.286441,810,32.575218,5.076085,0.444553,4.4656,0.2245,0.168016,32.616380,5.161252,0.448675,4.5072,32.599518,5.089897,0.445204,4.5024,0.1031,0.044150,-0.340444,-0.5280,32.599518,5.089897,0.392119,5.0000,0.000000,-1.150223,1415.3575,0,1,clay,1.0000,0.500000,0,0,0.000000,0.000000,0.000000,0,nan,0.00,-1.000000,0.3360,0.0547,-0.528000,-0.4996,0.46,5.26,6.18,5.21,2.161252,25.7072,-0.4928,0.008000,0.080569,0.5243,-0.006853,0.280594,0.236158,1082.6292734578333,197.6503803738907,-3839.7445181118287,1344.9944581394575,-0.550000,0.016485,6616.1,6004.5,-0.146636,-0.112031,0.000000,4.5045,1.0000,,,,,
9.7320,1778836342.298421,811,32.765128,5.220211,0.448725,4.5439,0.2597,0.164677,32.662408,5.190171,0.450693,4.4978,32.789344,5.234171,0.449374,4.5099,0.1123,0.044443,-0.363369,-0.5280,32.789344,5.234171,0.399458,5.0000,0.000000,-1.095771,1452.3939,0,1,clay,1.0000,0.500000,0,0,0.000000,0.000000,0.000000,0,nan,0.00,-1.000000,0.3335,0.0578,-0.528000,-0.5128,0.46,5.25,6.17,5.17,2.190171,25.8228,-0.5022,0.008000,0.205309,1.2044,0.010114,0.284583,0.231019,1282.0032468147656,83.0728698573923,-3849.572381239898,1300.15831691365,-0.550000,0.014204,6622.2,5998.4,-0.157302,-0.161870,0.000000,4.5121,1.0000,,,,,
9.7440,1778836342.310530,812,32.775713,5.282377,0.453854,4.4861,0.2597,0.164570,32.708143,5.219142,0.452728,4.4765,32.799833,5.296500,0.454502,4.5046,0.1195,0.044368,-0.408672,-0.5280,32.799833,5.296500,0.408824,5.0000,0.000000,-1.047430,1399.6371,0,1,clay,1.0000,0.500000,0,0,0.000000,0.000000,0.000000,0,nan,0.00,-1.000000,0.3311,0.0608,-0.528000,-0.5253,0.47,5.24,6.18,5.24,2.219142,25.9394,-0.5235,0.008000,0.228791,0.7983,0.005647,0.291021,0.231768,1473.9543241782617,317.5775869652214,-3853.3839806290352,1296.9575491071498,-0.550000,0.012395,6633.7,5986.8,-0.177451,-0.182446,0.000000,4.5071,1.0000,,,,,
9.7560,1778836342.322377,813,32.726385,5.315405,0.450759,4.4499,0.2538,0.177819,32.753378,5.248245,0.454919,4.4403,32.750437,5.329457,0.451421,4.4931,0.1245,0.046813,-0.472159,-0.5280,32.750437,5.329457,0.404990,5.0000,0.000000,-0.771949,1405.5394,0,1,clay,1.0000,0.500000,0,0,0.000000,0.000000,0.000000,0,nan,0.00,-1.000000,0.3287,0.0638,-0.528000,-0.5346,0.47,5.24,6.17,5.20,2.248245,26.0650,-0.5597,0.008000,0.121245,1.2241,0.001659,0.283995,0.221956,1879.064360326342,580.531003733729,-3856.4257681609015,1450.0525513876937,-0.550000,0.012175,6649.9,5970.7,-0.205618,-0.206497,0.000000,4.4960,1.0000,,,,,
9.7680,1778836342.334349,814,32.901953,5.268648,0.453191,4.4608,0.1726,0.196020,32.798094,5.277453,0.457254,4.4050,32.925864,5.282678,0.453882,4.4860,0.1139,0.051517,-0.522795,-0.5280,32.925864,5.282678,0.408279,5.0000,0.000000,-0.712124,1344.0822,0,1,clay,1.0000,0.500000,0,0,0.000000,0.000000,0.000000,0,nan,0.00,-1.000000,0.3263,0.0668,-0.528000,-0.5431,0.46,5.25,6.17,5.30,2.277453,26.1987,-0.5950,0.008000,0.056609,0.5541,-0.009874,0.264496,0.223936,1393.8431755786357,672.3603369007415,-3836.960798624054,1781.0144084811884,-0.550000,0.016834,6663.2,5957.4,-0.228734,-0.231644,0.000000,4.4892,1.0000,,,,,
9.7800,1778836342.346472,815,32.851342,5.426823,0.458791,4.3575,0.2496,0.202060,32.842476,5.306677,0.459638,4.3857,32.875037,5.441019,0.459516,4.4602,0.1192,0.056587,-0.561306,-0.5280,32.875037,5.441019,0.415766,5.0000,0.000000,-0.603124,1511.9319,0,1,clay,1.0000,0.500000,0,0,0.000000,0.000000,0.000000,0,nan,0.00,-1.000000,0.3240,0.0697,-0.528000,-0.5504,0.46,5.23,6.16,5.15,2.306677,26.3353,-0.6143,0.008000,0.082158,0.8409,-0.021709,0.268818,0.228587,1313.5048632514818,532.8799487544377,-3812.90378771842,1844.3632889087623,-0.550000,0.017805,6673.0,5947.6,-0.245897,-0.242920,0.000000,4.4637,1.0000,,,,,
9.7920,1778836342.358397,816,32.827227,5.376943,0.459404,4.4432,0.1730,0.195805,32.886532,5.335879,0.462012,4.3622,32.850778,5.391040,0.460144,4.4561,0.1099,0.059653,-0.594601,-0.5280,32.850778,5.391040,0.417201,5.0000,0.000000,-0.434476,1446.1107,0,1,clay,1.0000,0.500000,0,0,0.000000,0.000000,0.000000,0,nan,0.00,-1.000000,0.3217,0.0725,-0.528000,-0.5556,0.45,5.25,6.16,5.38,2.335879,26.4713,-0.6378,0.008000,0.091491,0.5184,-0.024292,0.259406,0.232767,1071.161647019107,627.7430626604606,-3796.574209748104,1952.7772828580448,-0.550000,0.021387,6681.6,5939.0,-0.260904,-0.278749,0.000000,4.4597,1.0000,,,,,
9.8040,1778836342.370459,817,32.933934,5.391915,0.464916,4.2865,0.2357,0.197375,32.930307,5.365024,0.464366,4.3472,32.957326,5.406165,0.465676,4.4222,0.1131,0.061829,-0.645624,-0.5280,32.957326,5.406165,0.422229,5.0000,0.000000,-0.536167,1598.2107,0,1,clay,1.0000,0.500000,0,0,0.000000,0.000000,0.000000,0,nan,0.00,-1.000000,0.3194,0.0752,-0.528000,-0.5620,0.46,5.28,6.20,5.44,2.365024,26.6062,-0.6528,0.008000,0.044628,0.8507,-0.053482,0.267794,0.239938,452.07165412270353,290.0130420360685,-3768.867713675126,1940.898013159635,-0.550000,0.021823,6694.8,5925.8,-0.283883,-0.237165,0.000000,4.4262,1.0000,,,,,
9.8160,1778836342.382536,818,32.917398,5.371832,0.479238,4.2775,0.2915,0.215669,32.973548,5.394503,0.466961,4.3039,32.940526,5.386560,0.480037,4.3931,0.1259,0.067013,-0.698427,-0.5280,32.940526,5.386560,0.436813,5.0000,-0.000000,-0.338488,1615.5691,0,1,clay,1.0000,0.500000,0,0,0.000000,0.000000,0.000000,0,nan,0.00,-1.000000,0.3172,0.0779,-0.528000,-0.5661,0.47,5.27,6.20,5.19,2.394503,26.7549,-0.6961,0.008000,0.019418,1.3233,-0.087653,0.279602,0.239078,1461.6139276034944,1147.4812303188721,-3677.735088492888,2043.5598071873885,-0.550000,0.021107,6708.0,5912.6,-0.306910,-0.142823,0.000000,4.3974,1.0000,,,,,
9.8280,1778836342.394484,819,33.014378,5.434542,0.468540,4.3285,0.2389,0.224836,33.016346,5.423945,0.469629,4.2865,33.037520,5.449024,0.469377,4.3797,0.1273,0.073191,-0.702747,-0.5280,33.037520,5.449024,0.424848,5.0000,0.000000,-0.838488,1910.3338,0,1,clay,1.0000,0.500000,0,0,0.000000,0.000000,0.000000,0,nan,0.00,-1.000000,0.3150,0.0805,-0.528000,-0.5762,0.47,5.27,6.20,5.26,2.423945,26.9077,-0.7135,0.008000,0.136185,1.0841,-0.084286,0.278003,0.254174,1310.3134211184044,1767.780328312554,-3622.6579025192614,2161.7738211448323,-0.550000,0.023489,6709.4,5911.2,-0.309361,-0.124024,-0.000000,4.3841,1.0000,,,,,
9.8400,1778836342.406401,820,33.145393,5.513577,0.475838,4.2019,0.2697,0.235122,33.058873,5.453671,0.472405,4.2803,33.168105,5.528182,0.476718,4.3444,0.1345,0.080529,-0.719568,-0.5280,33.168105,5.528182,0.435088,5.0000,-0.000000,-0.354222,1570.6248,0,1,clay,1.0000,0.500000,0,0,0.000000,0.000000,0.000000,0,nan,0.00,-1.000000,0.3128,0.0831,-0.528000,-0.5804,0.46,5.27,6.18,5.27,2.453671,27.0668,-0.7197,0.008000,0.079187,1.2616,-0.124742,0.281501,0.255032,1587.4780427811147,1932.0585843178885,-3568.2387303635546,2192.0272817817977,-0.550000,0.024974,6712.9,5907.7,-0.315426,-0.084780,0.000000,4.3488,1.0000,,,,,
9.8520,1778836342.418444,821,33.126229,5.429927,0.479388,4.2136,0.2358,0.216480,33.101315,5.483381,0.475026,4.2727,33.148725,5.444542,0.480281,4.3182,0.1336,0.082564,-0.723788,-0.5280,33.148725,5.444542,0.435364,5.0000,0.000000,-0.854222,2238.7739,0,1,clay,1.0000,0.500000,0,0,0.000000,0.000000,0.000000,0,nan,0.00,-1.000000,0.3106,0.0857,-0.528000,-0.5907,0.46,5.27,6.18,5.29,2.483381,27.2170,-0.7273,0.008000,0.107379,1.1716,-0.141059,0.276850,0.261444,814.330724125898,1368.2712371780258,-3619.8474733642843,2080.551493648255,-0.550000,0.026266,6714.7,5905.9,-0.318612,-0.072306,-0.000000,4.3226,1.0000,,,,,
9.8640,1778836342.430496,822,33.166244,5.462457,0.470789,4.3057,0.1628,0.207100,33.143713,5.512876,0.477478,4.2611,33.188955,5.476822,0.471680,4.3148,0.1189,0.081430,-0.733880,-0.5280,33.188955,5.476822,0.426071,5.0000,0.000000,-0.430034,1818.7835,0,1,clay,1.0000,0.500000,0,0,0.000000,0.000000,0.000000,0,nan,0.00,-1.000000,0.3085,0.0881,-0.528000,-0.5958,0.46,5.27,6.19,5.24,2.512876,27.3574,-0.7389,0.008000,0.083379,0.8415,-0.126531,0.260806,0.264800,-205.53915255052098,2053.9473943520316,-3628.9513479870607,2114.7766161288428,-0.550000,0.029761,6716.5,5904.1,-0.321697,-0.076108,0.000000,4.3194,1.0000,,,,,
9.8760,1778836342.442378,823,33.199253,5.464260,0.467273,4.2901,0.3470,0.195437,33.186016,5.542201,0.479798,4.2504,33.221861,5.478605,0.468153,4.3091,0.1416,0.080913,-0.741823,-0.5280,33.221861,5.478605,0.422414,5.0000,0.000000,-0.634827,1792.9795,0,1,clay,1.0000,0.500000,0,0,0.000000,0.000000,0.000000,0,nan,0.00,-1.000000,0.3064,0.0906,-0.528000,-0.6034,0.46,5.30,6.22,5.51,2.542201,27.4904,-0.7496,0.008000,0.125465,0.4721,-0.120014,0.292025,0.272245,-88.4442972920601,1662.5220078198715,-3662.0073946132648,1928.0804611359972,-0.550000,0.023451,6719.2,5901.4,-0.326369,-0.060364,0.000000,4.3137,1.0000,,,,,
9.8880,1778836342.454415,824,33.251670,5.517140,0.481941,4.2343,0.2649,0.188257,33.228163,5.571444,0.482083,4.2367,33.274165,5.531868,0.482806,4.2936,0.1436,0.077179,-0.753276,-0.5280,33.274165,5.531868,0.440730,5.0000,0.000000,-0.860029,1955.3251,0,1,clay,1.0000,0.500000,0,0,0.000000,0.000000,0.000000,0,nan,0.00,-1.000000,0.3043,0.0930,-0.528000,-0.6138,0.46,5.30,6.23,5.28,2.571444,27.6213,-0.7633,0.008000,0.141148,0.9606,-0.105796,0.295872,0.267724,-351.6931849121828,1116.7096569736889,-3679.4995149392767,1829.9943968428354,-0.550000,0.021538,6721.7,5898.8,-0.330853,-0.036145,0.000000,4.2983,1.0000,,,,,
9.9000,1778836342.467868,825,33.358112,5.594779,0.474370,4.2023,0.2544,0.182542,33.270174,5.600590,0.484295,4.2266,33.380591,5.609232,0.475213,4.2750,0.1441,0.074029,-0.768127,-0.5280,33.380591,5.609232,0.431659,5.0000,0.000000,-1.202356,2307.0590,0,1,clay,1.0000,0.500000,0,0,0.000000,0.000000,0.000000,0,nan,0.00,-1.000000,0.3022,0.0955,-0.528000,-0.6282,0.46,5.30,6.22,5.28,2.600590,27.7481,-0.7734,0.008000,0.118001,0.4733,-0.116888,0.302781,0.275033,-319.28487312547173,1165.165715674346,-3683.688233384198,1753.522840805796,-0.550000,0.020046,6725.1,5895.4,-0.336795,-0.029338,0.000000,4.2797,1.0000,,,,,
9.9120,1778836342.478462,826,33.295844,5.600129,0.478598,4.2278,0.2144,0.176759,33.312016,5.629670,0.486452,4.2101,33.318221,5.614556,0.479415,4.2647,0.1369,0.070029,-0.800869,-0.5280,33.318221,5.614556,0.435730,5.0000,0.000000,-0.702356,1658.0427,0,1,clay,1.0000,0.500000,0,0,0.000000,0.000000,0.000000,0,nan,0.00,-1.000000,0.3002,0.0980,-0.528000,-0.6366,0.46,5.30,6.22,5.33,2.629670,27.8716,-0.7899,0.008000,0.052639,0.3861,-0.087987,0.298379,0.270706,-455.32786480366417,1227.914424716475,-3668.208808985605,1736.837501893729,-0.550000,0.020181,6732.9,5887.7,-0.350315,-0.036012,0.000000,4.2697,1.0000,,,,,
9.9240,1778836342.490427,827,33.415979,5.689192,0.499561,4.1443,0.2246,0.162804,33.353956,5.658310,0.488376,4.2018,33.437961,5.703943,0.500341,4.2405,0.1328,0.064315,-0.790620,-0.5280,33.437961,5.703943,0.455291,5.0000,0.000000,-1.094600,2791.1300,0,1,clay,1.0000,0.500000,0,0,0.000000,0.000000,0.000000,0,nan,0.00,-1.000000,0.2982,0.1005,-0.528000,-0.6498,0.46,5.29,6.20,5.22,2.658310,27.9819,-0.7982,0.008000,0.124484,0.7347,-0.077836,0.291189,0.271858,-1062.3245720538794,-159.51852599260246,-3729.399667088958,1578.6745076088964,-0.550000,0.018814,6731.1,5889.5,-0.347161,-0.024229,0.000000,4.2454,1.0000,,,,,
9.9360,1778836342.502440,828,33.423447,5.689254,0.485503,4.2529,0.2854,0.156577,33.395795,5.686719,0.490278,4.1845,33.445626,5.703684,0.486249,4.2417,0.1408,0.059353,-0.829017,-0.5280,33.445626,5.703684,0.441021,5.0000,0.000000,-0.594600,2000.6144,0,1,clay,1.0000,0.500000,0,0,0.000000,0.000000,0.000000,0,nan,0.00,-1.000000,0.2962,0.1029,-0.528000,-0.6569,0.46,5.27,6.19,5.13,2.686719,28.0909,-0.8155,0.008000,0.021756,0.5046,-0.062582,0.304651,0.262183,108.21203507474664,532.005487466179,-3711.7432971381254,1505.4392598103047,-0.550000,0.014355,6740.2,5880.4,-0.363041,-0.054435,0.000000,4.2469,1.0000,,,,,
9.9480,1778836342.514447,829,33.426069,5.692793,0.491565,4.2157,0.2527,0.168588,33.437381,5.715148,0.492281,4.1665,33.448047,5.707266,0.492294,4.2356,0.1417,0.057532,-0.852138,-0.5280,33.448047,5.707266,0.447030,5.0000,0.000000,-0.911678,2428.8149,0,1,clay,1.0000,0.500000,0,0,0.000000,0.000000,0.000000,0,nan,0.00,-1.000000,0.2942,0.1054,-0.528000,-0.6678,0.46,5.27,6.19,5.32,2.715148,28.2056,-0.8335,0.008000,0.129711,0.3892,-0.031588,0.305000,0.264991,506.29251925087686,459.96266078727797,-3630.1568918408,1569.207560160537,-0.550000,0.013208,6746.8,5873.7,-0.374627,-0.042746,0.000000,4.2408,1.0000,,,,,
9.9600,1778836342.526421,830,33.544615,5.796025,0.502849,4.1436,0.1203,0.172111,33.478713,5.743614,0.494348,4.1504,33.566403,5.810534,0.503566,4.2166,0.1176,0.054992,-0.876490,-0.5280,33.566403,5.810534,0.456639,5.0000,0.000000,-0.789508,2104.8685,0,1,clay,1.0000,0.500000,0,0,0.000000,0.000000,0.000000,0,nan,0.00,-1.000000,0.2923,0.1078,-0.528000,-0.6773,0.45,5.30,6.21,5.46,2.743614,28.3241,-0.8496,0.008000,0.131012,0.8200,-0.023782,0.277314,0.255041,170.38034621388283,-76.59156038805827,-3583.5875040774035,1660.319297771263,-0.550000,0.018669,6752.5,5868.1,-0.384514,-0.031473,0.000000,4.2220,1.0000,,,,,
9.9720,1778836342.538363,831,33.515109,5.786518,0.497858,4.1330,0.2013,0.173393,33.519799,5.772040,0.496422,4.1312,33.536969,5.800881,0.498570,4.1992,0.1128,0.053544,-0.896765,-0.5280,33.536969,5.800881,0.451537,5.0000,0.000000,-0.703630,1936.3039,0,1,clay,1.0000,0.500000,0,0,0.000000,0.000000,0.000000,0,nan,0.00,-1.000000,0.2904,0.1103,-0.528000,-0.6857,0.45,5.29,6.19,5.22,2.772040,28.4429,-0.8688,0.008000,0.102711,1.0333,-0.036646,0.286236,0.274532,-213.49275541129242,602.1536400115771,-3533.504071767285,1674.8036015935354,-0.550000,0.019491,6757.8,5862.7,-0.393792,-0.032429,0.000000,4.2048,1.0000,,,,,
9.9840,1778836342.550317,832,33.591483,5.877183,0.502288,4.0456,0.1971,0.165988,33.560746,5.800260,0.498392,4.1151,33.613044,5.891451,0.502985,4.1683,0.1088,0.051854,-0.922907,-0.5280,33.613044,5.891451,0.454240,5.0000,0.000000,-0.537412,2297.5783,0,1,clay,1.0000,0.500000,0,0,0.000000,0.000000,0.000000,0,nan,0.00,-1.000000,0.2885,0.1126,-0.528000,-0.6922,0.44,5.29,6.18,5.32,2.800260,28.5558,-0.8849,0.008000,0.180185,1.4922,-0.060963,0.271553,0.253149,-717.2588029259896,698.5940346277446,-3527.9192937588696,1594.6658674190162,-0.550000,0.019849,6764.6,5856.0,-0.405578,-0.019524,0.000000,4.1740,1.0000,,,,,
9.9960,1778836342.562444,833,33.568610,5.867593,0.503001,4.0805,0.0960,0.161445,33.601493,5.828348,0.500337,4.0950,33.590183,5.881696,0.503680,4.1499,0.0863,0.048043,-0.960251,-0.5280,33.590183,5.881696,0.454897,5.0000,0.000000,-0.325148,1985.0463,0,1,clay,1.0000,0.500000,0,0,0.000000,0.000000,0.000000,0,nan,0.00,-1.000000,0.2866,0.1149,-0.528000,-0.6961,0.45,5.32,6.21,5.44,2.828348,28.6672,-0.9050,0.008000,0.134664,0.7149,-0.062428,0.242215,0.262675,41.99327698894848,1039.7653761571069,-3465.574887493379,1645.1432178129264,-0.550000,0.024455,6774.3,5846.3,-0.422518,-0.032634,0.000000,4.1559,1.0000,,,,,
10.0080,1778836342.574475,834,33.623838,5.892324,0.497117,4.1307,0.1122,0.128037,33.642176,5.856114,0.502108,4.0872,33.645644,5.906178,0.497743,4.1454,0.0706,0.038955,-0.895797,-0.5280,33.645644,5.906178,0.448422,5.0000,0.000000,-0.574540,2775.1909,0,1,clay,1.0000,0.500000,0,0,0.000000,0.000000,0.000000,0,nan,0.00,-1.000000,0.2847,0.1172,-0.528000,-0.7030,0.45,5.32,6.22,5.34,2.856114,28.7687,-0.9128,0.008000,0.139988,0.8308,-0.047156,0.237638,0.257612,-185.04284754684204,1129.2510490458458,-3747.6484221479736,1409.0215352438531,-0.550000,0.024713,6758.3,5862.3,-0.394635,-0.120043,0.000000,4.1510,1.0000,,,,,
10.0200,1778836342.586420,835,33.680104,5.926839,0.505330,4.1244,0.1491,0.123762,33.682917,5.883449,0.503632,4.0639,33.701807,5.940753,0.505910,4.1400,0.0651,0.031707,-0.941473,-0.5280,33.701807,5.940753,0.456101,5.0000,0.000000,-0.074540,2689.3115,0,1,clay,1.0000,0.500000,0,0,0.000000,0.000000,0.000000,0,nan,0.00,-1.000000,0.2829,0.1194,-0.528000,-0.7039,0.45,5.32,6.21,5.31,2.883449,28.8560,-0.9361,0.008000,0.093697,1.0836,-0.038773,0.245213,0.269342,-178.97810368575992,642.1028261335937,-3715.5297236104657,1351.470418209935,-0.550000,0.022866,6769.5,5851.1,-0.414120,-0.168313,0.000000,4.1459,1.0000,,,,,
10.0320,1778836342.598473,836,33.710901,5.871985,0.499430,4.0741,0.0579,0.119840,33.723503,5.910548,0.505074,4.0436,33.732723,5.885555,0.499964,4.1261,0.0437,0.024172,-0.952890,-0.5280,33.732723,5.885555,0.450792,5.0000,0.000000,-0.337310,2179.1180,0,1,clay,1.0000,0.500000,0,0,0.000000,0.000000,0.000000,0,nan,0.00,-1.000000,0.2810,0.1215,-0.528000,-0.7079,0.45,5.32,6.21,5.30,2.910548,28.9386,-0.9564,0.008000,0.104906,-0.4207,-0.029472,0.235503,0.261701,397.9183938923285,182.6664153140714,-3714.6498992624847,1350.6357489901272,-0.550000,0.025382,6773.2,5847.4,-0.420531,-0.166405,0.000000,4.1320,1.0000,,,,,
10.0440,1778836342.610405,837,33.714412,5.977555,0.509820,4.0024,0.1593,0.111455,33.763933,5.937415,0.506417,4.0238,33.735929,5.991192,0.510312,4.1007,0.0454,0.018038,-0.993113,-0.5280,33.735929,5.991192,0.459303,5.0000,0.000000,0.080452,3276.0735,0,1,clay,1.0000,0.500000,0,0,0.000000,0.000000,0.000000,0,nan,0.00,-1.000000,0.2792,0.1235,-0.528000,-0.7070,0.44,5.31,6.20,5.30,2.937415,29.0155,-0.9762,0.008000,0.109257,1.0105,-0.051947,0.236586,0.271405,800.9102402729015,130.03865132970262,-3687.0816832426094,1217.843652686469,-0.550000,0.022063,6782.9,5837.6,-0.437573,-0.180059,0.000000,4.1069,1.0000,,,,,
10.0560,1778836342.622448,838,33.804859,6.040821,0.509306,4.0258,0.0063,0.114144,33.804070,5.964270,0.507791,4.0019,33.826405,6.054196,0.509761,4.0848,0.0186,0.012030,-1.023879,-0.5280,33.826405,6.054196,0.457524,5.0000,0.000000,0.422529,2487.8130,0,1,clay,1.0000,0.500000,0,0,0.000000,0.000000,0.000000,0,nan,0.00,-1.000000,0.2774,0.1253,-0.528000,-0.7019,0.44,5.30,6.19,5.25,2.964270,29.0943,-0.9981,0.008000,0.112924,0.6451,-0.059170,0.219401,0.267774,1401.9504428259393,148.78162736054594,-3574.1308279714485,1318.7545143398602,-0.550000,0.026790,6791.4,5829.2,-0.452300,-0.210004,0.000000,4.0912,1.0000,,,,,
10.0680,1778836342.634511,839,33.869352,6.031284,0.510736,3.9526,0.1795,0.137628,33.843734,5.991307,0.509349,3.9625,33.890719,6.044682,0.511195,4.0578,0.0288,0.012598,-1.053734,-0.5280,33.890719,6.044682,0.458808,5.0000,0.000000,0.786289,3521.2835,0,1,clay,1.0000,0.500000,0,0,0.000000,0.000000,0.000000,0,nan,0.00,-1.000000,0.2756,0.1270,-0.528000,-0.6925,0.45,5.32,6.22,5.43,2.991307,29.1835,-1.0375,0.008000,0.056744,0.0958,-0.064595,0.258977,0.297858,2054.473710097364,128.17263775366382,-3347.9175450253724,1413.206588790826,-0.550000,0.024402,6799.5,5821.1,-0.466419,-0.224083,0.000000,4.0644,1.0000,,,,,
10.0800,1778836342.646444,840,33.905780,6.090206,0.503142,3.9113,0.1525,0.146215,33.882813,6.018399,0.511092,3.9349,33.927165,6.103443,0.503612,4.0281,0.0318,0.013868,-1.067917,-0.5280,33.927165,6.103443,0.449741,5.0000,-0.000000,1.019684,2615.6932,0,1,clay,1.0000,0.500000,0,0,0.000000,0.000000,0.000000,0,nan,0.00,-1.000000,0.2739,0.1284,-0.528000,-0.6802,0.45,5.33,6.24,5.39,3.018399,29.2834,-1.0651,0.008000,0.072053,-0.0448,-0.074814,0.299193,0.322864,1669.2802268440662,623.4394143740882,-3254.026135830411,1447.066821209254,-0.550000,0.024493,6803.7,5816.9,-0.473688,-0.240433,0.000000,4.0348,1.0000,,,,,
10.0920,1778836342.658415,841,33.971908,6.048869,0.512146,3.9250,0.2360,0.156361,33.921484,6.045578,0.512926,3.9074,33.993009,6.062384,0.512640,4.0070,0.0498,0.017653,-1.046233,-0.5280,33.993009,6.062384,0.459348,5.0000,0.000000,0.827924,3513.2194,0,1,clay,1.0000,0.500000,0,0,0.000000,0.000000,0.000000,0,nan,0.00,-1.000000,0.2721,0.1297,-0.528000,-0.6703,0.45,5.34,6.25,5.40,3.045578,29.3885,-1.0926,0.008000,0.060332,0.2278,-0.062491,0.297528,0.296512,1743.3699420610537,525.6300553564301,-3220.974604351686,1449.4020277557954,-0.550000,0.021366,6798.5,5822.0,-0.464759,-0.264376,-0.000000,4.0135,1.0000,,,,,
10.1040,1778836342.670450,842,33.891735,6.030416,0.522957,3.8843,0.1192,0.192708,33.959255,6.073357,0.515353,3.8949,33.912564,6.044145,0.523508,3.9818,0.0431,0.025850,-1.073986,-0.5280,33.912564,6.044145,0.470405,5.0000,0.000000,1.177990,2253.5608,0,1,clay,1.0000,0.500000,0,0,0.000000,0.000000,0.000000,0,nan,0.00,-1.000000,0.2704,0.1307,-0.528000,-0.6562,0.45,5.57,6.48,6.87,3.073357,29.5275,-1.1051,0.008000,0.084968,0.8292,-0.065427,0.312915,0.353741,1547.979145974001,116.87943564277111,-3101.7944760908927,1731.6994474492856,-0.550000,0.027532,6805.3,5815.3,-0.476489,-0.241385,0.000000,3.9885,1.0000,,,,,
10.1160,1778836342.682389,843,33.950505,6.242059,0.523107,3.8686,0.1248,0.219787,33.996831,6.101124,0.517753,3.8611,33.971909,6.256260,0.523743,3.9582,0.0355,0.033014,-1.093377,-0.5280,33.971909,6.256260,0.466774,5.0000,0.000000,1.424514,4834.7769,0,1,clay,1.0000,0.500000,0,0,0.000000,0.000000,0.000000,0,nan,0.00,-1.000000,0.2687,0.1315,-0.528000,-0.6391,0.45,5.52,6.42,5.21,3.101124,29.6651,-1.1389,0.008000,0.136969,1.2300,-0.090578,0.265645,0.271701,1374.9382914016974,2348.7597522569004,-3076.717121146673,1937.4587525235575,-0.550000,0.034570,6810.8,5809.8,-0.486132,-0.206603,0.000000,3.9653,1.0000,,,,,
10.1280,1778836342.694450,844,34.018323,6.134978,0.521300,3.8491,0.1525,0.185406,34.034287,6.128811,0.520010,3.8484,34.039465,6.149028,0.521959,3.9357,0.0379,0.037452,-1.093015,-0.5280,34.039465,6.149028,0.466457,5.0000,0.000000,1.924514,2583.6257,0,1,clay,1.0000,0.500000,0,0,0.000000,0.000000,0.000000,0,nan,0.00,-1.000000,0.2670,0.1321,-0.528000,-0.6160,0.46,5.50,6.41,5.39,3.128811,29.7944,-1.1516,0.008000,0.043478,0.7001,-0.103075,0.240100,0.313690,878.5669668036821,1941.3811596276305,-3081.321259500905,1770.1667550226632,-0.550000,0.036103,6811.1,5809.5,-0.486651,-0.203807,0.000000,3.9428,1.0000,,,,,
10.1400,1778836342.706407,845,34.103135,6.174525,0.524692,3.9319,0.0607,0.116483,34.071995,6.155892,0.521741,3.8342,34.124233,6.188402,0.525286,3.9336,0.0222,0.028088,-1.102404,-0.5280,34.124233,6.188402,0.469156,5.0000,0.000000,2.000000,3576.8890,0,1,clay,1.0000,0.500000,0,0,0.000000,0.000000,0.000000,0,nan,0.00,-1.000000,0.2653,0.1323,-0.528000,-0.5920,0.45,5.50,6.40,5.51,3.155892,29.8936,-1.1658,0.008000,0.085004,1.2783,-0.090074,0.310112,0.369596,-665.6470895430543,1288.6717682841668,-3146.438838179439,1424.2572670422724,-0.550000,0.035926,6814.3,5806.3,-0.492193,-0.207728,0.000000,3.9407,1.0000,,,,,
10.1520,1778836342.718365,846,34.069966,6.078482,0.524210,3.7875,0.0742,0.094538,34.109864,6.182043,0.522905,3.8089,34.090979,6.092072,0.524725,3.9040,0.0116,0.016667,-1.097298,-0.5280,34.090979,6.092072,0.469817,5.0000,-0.000000,2.000000,3559.0850,0,1,clay,1.0000,0.500000,0,0,0.000000,0.000000,0.000000,0,nan,0.00,-1.000000,0.2636,0.1322,-0.528000,-0.5680,0.45,5.48,6.38,5.38,3.182043,29.9602,-1.1911,0.008000,0.121427,0.6929,-0.090393,0.218358,0.246406,-1512.2985758011146,191.1829610624672,-3159.6716035928357,1260.8495217556474,-0.550000,0.033518,6813.1,5807.5,-0.490146,-0.180965,0.000000,3.9110,1.0000,,,,,
10.1640,1778836342.730429,847,34.177087,6.254674,0.526599,3.7061,0.1331,0.082249,34.147670,6.207742,0.523901,3.7897,34.197845,6.268062,0.527040,3.8643,0.0140,0.006105,-1.108814,-0.5280,34.197845,6.268062,0.468604,5.0000,0.000000,1.840250,2782.2516,0,1,clay,1.0000,0.500000,0,0,0.000000,0.000000,0.000000,0,nan,0.00,-1.000000,0.2620,0.1319,-0.528000,-0.5459,0.45,5.74,6.63,7.17,3.207742,30.0173,-1.2103,0.008000,0.004493,0.8958,-0.111083,0.283313,0.356583,-1499.9810318671612,362.0518032076607,-3058.0248998107913,1118.5784263786577,-0.550000,0.027684,6816.0,5804.6,-0.495216,-0.163588,-0.000000,3.8714,1.0000,,,,,
10.1760,1778836342.742375,848,34.199440,6.288347,0.525375,3.7081,0.1134,0.075752,34.185367,6.233077,0.524783,3.7688,34.220920,6.301978,0.525746,3.8324,0.0079,-0.008587,-1.105422,-0.5280,34.220920,6.301978,0.466221,5.0000,0.000000,1.891092,4207.5545,0,1,clay,1.0000,0.500000,0,0,0.000000,0.000000,0.000000,0,nan,0.00,-1.000000,0.2603,0.1314,-0.528000,-0.5232,0.44,5.67,6.56,5.28,3.233077,30.0679,-1.2312,0.008000,0.059193,0.7403,-0.112681,0.217419,0.202386,-1281.3036753945646,552.0327395837405,-3006.1156450696217,1026.6225182983449,-0.550000,0.023322,6815.0,5805.6,-0.493468,-0.170676,0.000000,3.8398,1.0000,,,,,
10.1880,1778836342.754425,849,34.220582,6.214446,0.518384,3.7117,0.1405,0.069162,34.222906,6.258170,0.525624,3.7465,34.241833,6.227652,0.518692,3.8077,0.0122,-0.016272,-1.099265,-0.5280,34.241833,6.227652,0.459945,5.0000,0.000000,2.000000,3110.0851,0,1,clay,1.0000,0.500000,0,0,0.000000,0.000000,0.000000,0,nan,0.00,-1.000000,0.2587,0.1306,-0.528000,-0.4992,0.45,5.61,6.51,5.30,3.258170,30.1160,-1.2535,0.008000,0.104646,0.7669,-0.106315,0.272996,0.332520,-1268.3375150294492,189.68784059452224,-2974.1966928170955,920.3876660713833,-0.550000,0.017800,6813.5,5807.1,-0.490844,-0.173058,0.000000,3.8150,1.0000,,,,,
10.2000,1778836342.766382,850,34.275851,6.227880,0.521944,3.8074,0.0866,0.065150,34.260244,6.283079,0.526482,3.7274,34.296923,6.240924,0.522195,3.8064,0.0060,-0.023580,-1.080786,-0.5280,34.296923,6.240924,0.463272,5.0000,0.000000,2.000000,3563.7592,0,1,clay,1.0000,0.500000,0,0,0.000000,0.000000,0.000000,0,nan,0.00,-1.000000,0.2571,0.1296,-0.528000,-0.4752,0.44,5.57,6.46,5.31,3.283079,30.1652,-1.2726,0.008000,0.073525,0.4319,-0.088825,0.205198,0.175526,-1090.0764942895794,18.665041566291052,-3050.013170229122,867.72965619719,-0.550000,0.015615,6809.0,5811.6,-0.482948,-0.190665,0.000000,3.8135,1.0000,,,,,
10.2120,1778836342.778460,851,34.224363,6.308239,0.528924,3.6830,0.1599,0.091909,34.297154,6.308155,0.527571,3.7018,34.245053,6.321300,0.529164,3.7811,0.0144,-0.024344,-1.092731,-0.5280,34.245053,6.321300,0.468596,5.0000,0.000000,2.000000,3791.4150,0,1,clay,1.0000,0.500000,0,0,0.000000,0.000000,0.000000,0,nan,0.00,-1.000000,0.2554,0.1284,-0.528000,-0.4512,0.45,5.52,6.41,5.24,3.308155,30.2276,-1.2982,0.008000,0.064534,0.1622,-0.086129,0.254260,0.308655,-615.6634528149714,1306.5960823147366,-2934.3277528205736,892.6411218743413,-0.550000,0.012535,6812.0,5808.6,-0.488186,-0.160158,0.000000,3.7882,1.0000,,,,,
10.2240,1778836342.790410,852,34.312046,6.391692,0.537082,3.6626,0.1080,0.072070,34.334023,6.332807,0.528408,3.6808,34.332384,6.404687,0.537289,3.7570,0.0118,-0.028593,-1.078404,-0.5280,34.332384,6.404687,0.475055,5.0000,-0.000000,2.000000,3863.0415,0,1,clay,1.0000,0.500000,0,0,0.000000,0.000000,0.000000,0,nan,0.00,-1.000000,0.2539,0.1269,-0.528000,-0.4272,0.45,5.47,6.37,5.22,3.332807,30.2756,-1.3192,0.008000,0.070133,0.5751,-0.084918,0.241351,0.186142,-1054.0044005083416,505.6390076338563,-2934.890715094199,804.9419445135211,-0.550000,0.010953,6808.3,5812.2,-0.481820,-0.156312,0.000000,3.7639,1.0000,,,,,
10.2360,1778836342.802413,853,34.369283,6.296144,0.533282,3.6931,0.1357,0.050451,34.370891,6.356926,0.528970,3.6578,34.389442,6.308850,0.533439,3.7433,0.0149,-0.035067,-1.078213,-0.5280,34.389442,6.308850,0.472599,5.0000,0.000000,2.000000,3794.5359,0,1,clay,1.0000,0.500000,0,0,0.000000,0.000000,0.000000,0,nan,0.00,-1.000000,0.2523,0.1253,-0.528000,-0.4032,0.44,5.46,6.34,5.37,3.356926,30.3077,-1.3422,0.008000,0.057860,0.4342,-0.076223,0.274645,0.300486,-1567.7878582756125,212.5413207790196,-2906.139822870898,699.8416191737014,-0.550000,0.006313,6808.2,5812.3,-0.481685,-0.165407,-0.000000,3.7502,1.0000,,,,,
10.2480,1778836342.814347,854,34.464216,6.392825,0.530307,3.5819,0.0616,0.038111,34.407656,6.380685,0.529439,3.6361,34.484258,6.405182,0.530405,3.7108,0.0033,-0.043564,-1.068415,-0.5280,34.484258,6.405182,0.467242,5.0000,0.000000,2.000000,3701.4857,0,1,clay,1.0000,0.500000,0,0,0.000000,0.000000,0.000000,0,nan,0.00,-1.000000,0.2507,0.1235,-0.528000,-0.3792,0.44,5.44,6.32,5.36,3.380685,30.3346,-1.3639,0.008000,0.003336,0.1267,-0.105719,0.224084,0.163850,-1280.3346720471852,-203.7385789698655,-2866.122790670197,664.6552318324248,-0.550000,0.005320,6805.7,5814.8,-0.477341,-0.144978,0.000000,3.7176,1.0000,,,,,
10.2600,1778836342.826449,855,34.517726,6.375886,0.527021,3.5784,0.0418,0.042390,34.444212,6.404289,0.529943,3.6144,34.537683,6.387934,0.527080,3.6839,-0.0088,-0.049040,-1.069287,-0.5280,34.537683,6.387934,0.463701,5.0000,-0.000000,2.000000,3582.0878,0,1,clay,1.0000,0.500000,0,0,0.000000,0.000000,0.000000,0,nan,0.00,-1.000000,0.2491,0.1215,-0.528000,-0.3552,0.44,5.44,6.31,5.39,3.404289,30.3635,-1.3856,0.008000,0.124405,0.0360,-0.103557,0.201509,0.231230,-967.5166597128898,-7.615365728796263,-2782.7402596778998,681.747310313247,-0.550000,0.005930,6806.0,5814.6,-0.477712,-0.153304,0.000000,3.6907,1.0000,,,,,
10.2720,1778836342.838409,856,34.474262,6.385949,0.538878,3.6495,0.1454,0.041418,34.480572,6.427697,0.530438,3.5919,34.494024,6.398207,0.538905,3.6759,-0.0006,-0.053546,-1.078778,-0.5280,34.494024,6.398207,0.475496,5.0000,1.000000,2.000000,3325.6523,4,1,clay,1.0000,0.500000,0,0,0.000000,0.000000,0.000000,0,nan,0.00,-0.977273,0.2476,0.1193,-0.516000,-0.3312,0.44,5.65,6.53,6.84,3.427697,30.3919,-1.4081,0.008000,0.096669,0.6433,-0.070662,0.255354,0.283613,-1022.9615169631303,82.69988956087201,-2709.885820166652,619.3769515905592,-0.550000,0.000873,6808.4,5812.2,-0.481901,-0.173448,-0.000000,3.6827,1.0000,,,,,
10.2840,1778836342.850349,857,34.454395,6.446743,0.531769,3.6401,0.0114,0.039512,34.516742,6.450900,0.530921,3.5706,34.474951,6.459084,0.531761,3.6674,-0.0183,-0.058495,-1.073605,-0.5095,34.474951,6.459084,0.466920,5.0000,1.000000,2.000000,3470.4309,4,1,clay,1.0000,0.500000,0,0,0.000000,0.000000,0.000000,0,nan,0.00,-0.954545,0.2461,0.1170,-0.504000,-0.3072,0.44,5.32,6.20,3.47,3.450900,30.4195,-1.4294,0.008000,0.108893,0.3943,-0.047398,0.188214,0.154028,-1101.4299544753508,-234.66740021607185,-2461.032399606803,653.9116273067867,-0.550000,0.003663,6807.2,5813.4,-0.479803,-0.175997,1.000000,3.6745,1.0000,,,,,
10.2960,1778836342.863078,858,34.518402,6.493853,0.537674,3.5905,0.0474,0.041621,34.552741,6.473861,0.531370,3.5522,34.537796,6.505626,0.537669,3.6514,-0.0188,-0.054214,-1.086283,-0.4978,34.537796,6.505626,0.471850,5.0000,1.000000,2.000000,3767.6993,4,1,clay,1.0000,0.500000,0,0,0.000000,0.000000,0.000000,0,nan,0.00,-0.931818,0.2445,0.1145,-0.492000,-0.2832,0.44,5.12,6.01,3.99,3.473861,30.4452,-1.4478,0.008000,0.095774,1.1808,-0.039582,0.214081,0.263899,-956.9164867689158,-367.48610931563877,-2367.142801905902,677.2931198491647,-0.550000,0.004220,6810.2,5810.4,-0.485116,-0.176103,1.000000,3.6582,1.0000,,,,,
10.3080,1778836342.874471,859,34.614493,6.485809,0.533996,3.4423,0.1513,0.060403,34.588451,6.496911,0.532003,3.5284,34.633057,6.497134,0.534012,3.6099,-0.0016,-0.048179,-1.077463,-0.4860,34.633057,6.497134,0.467516,5.0000,1.000000,2.000000,3862.5163,4,1,clay,1.0000,0.500000,0,0,0.000000,0.000000,0.000000,0,nan,0.00,-0.909091,0.2430,0.1119,-0.480000,-0.2592,0.45,5.04,5.94,4.62,3.496911,30.4816,-1.4716,0.008000,0.059410,0.8113,-0.081932,0.198495,0.174066,-475.24525173388486,118.39593660138223,-2249.1101137483615,640.9340936604065,-0.543311,0.000872,6807.9,5812.7,-0.481054,-0.168518,1.000000,3.6164,1.0000,,,,,
10.3200,1778836342.886442,860,34.644083,6.546950,0.544382,3.5222,0.0868,0.080592,34.623768,6.520259,0.532948,3.5259,34.662143,6.558297,0.544434,3.5919,0.0003,-0.040831,-1.052564,-0.4741,34.662143,6.558297,0.476752,5.0000,1.000000,2.000000,4223.0962,4,1,clay,1.0000,0.500000,0,0,0.000000,0.000000,0.000000,0,nan,0.00,-0.886364,0.2415,0.1091,-0.468000,-0.2352,0.44,4.90,5.78,4.05,3.520259,30.5357,-1.4741,0.008000,0.080095,1.0114,-0.073684,0.187341,0.227293,-937.3395028452869,386.47380690342237,-2227.3726954651324,680.9483328684923,-0.533150,0.003447,6801.5,5819.0,-0.469984,-0.204643,1.000000,3.5982,1.0000,,,,,
10.3320,1778836342.898330,861,34.672102,6.502334,0.540779,3.4471,0.0515,0.101863,34.658695,6.543829,0.534157,3.5025,34.689555,6.513281,0.540883,3.5632,-0.0028,-0.029826,-0.994737,-0.4622,34.689555,6.513281,0.473415,5.0000,-1.000000,1.704717,4261.0298,0,1,clay,1.0000,0.500000,0,0,0.000000,0.000000,0.000000,0,nan,0.00,-0.909091,0.2400,0.1063,-0.480000,-0.2147,0.44,5.21,6.09,7.01,3.543829,30.6049,-1.4975,0.008000,0.093039,0.3638,-0.080184,0.207031,0.237000,-520.6697554063155,607.1070888355927,-2261.772432646253,747.3452872679275,-0.522792,0.009452,6786.8,5833.8,-0.444314,-0.188713,1.000000,3.5689,1.0000,,,,,
10.3440,1778836342.910424,862,34.736550,6.608346,0.530510,3.5437,-0.0001,0.090664,34.693615,6.567053,0.535199,3.4829,34.755132,6.619592,0.530617,3.5580,-0.0255,-0.035136,-0.981447,-0.4861,34.755132,6.619592,0.460768,5.0000,-1.000000,1.584176,3870.2327,0,1,clay,1.0000,0.500000,0,0,0.000000,0.000000,0.000000,0,nan,0.00,-0.931818,0.2386,0.1033,-0.492000,-0.1957,0.44,5.23,6.11,5.32,3.567053,30.6647,-1.5171,0.008000,0.114958,0.0331,-0.071448,0.175440,0.237910,-1365.373584878031,424.43598332333136,-2376.260690044708,817.329082603391,-0.532083,0.016051,6783.1,5837.4,-0.437936,-0.229986,-1.000000,3.5641,1.0000,,,,,
10.3560,1778836342.922442,863,34.802777,6.579009,0.530662,3.4526,0.0083,0.052561,34.728849,6.588977,0.535433,3.4419,34.821371,6.590121,0.530738,3.5363,-0.0384,-0.041198,-1.001276,-0.4981,34.821371,6.590121,0.461033,5.0000,-1.000000,2.000000,3689.1796,0,1,clay,1.0000,0.500000,0,0,0.000000,0.000000,0.000000,0,nan,0.00,-0.954545,0.2371,0.1003,-0.504000,-0.1717,0.45,5.23,6.13,5.26,3.588977,30.6781,-1.5581,0.008000,0.009571,0.2643,-0.061498,0.171148,0.237849,-2332.9528732135177,-456.68032792684744,-2371.861603528449,802.4667000097047,-0.539289,0.017477,6788.0,5832.6,-0.446381,-0.218494,-1.000000,3.5425,1.0000,,,,,
10.3680,1778836342.934414,864,34.791415,6.565840,0.532231,3.3947,0.0632,-0.002669,34.764057,6.610246,0.535346,3.4206,34.809915,6.576780,0.532221,3.5078,-0.0393,-0.054899,-0.993122,-0.5101,34.809915,6.576780,0.462256,5.0000,-1.000000,2.000000,3713.9650,0,1,clay,1.0000,0.500000,0,0,0.000000,0.000000,0.000000,0,nan,0.00,-0.977273,0.2356,0.0971,-0.516000,-0.1477,0.44,5.25,6.14,5.35,3.610246,30.6731,-1.5794,0.008000,0.069064,0.5761,-0.063078,0.170917,0.218887,-1679.4032191968713,-217.64733253433081,-2436.06970211933,678.2845843618998,-0.545698,0.010478,6786.6,5834.0,-0.443906,-0.216891,-1.000000,3.5139,1.0000,,,,,
10.3800,1778836342.946370,865,34.823131,6.665829,0.532868,3.4063,-0.0262,0.005176,34.799037,6.631384,0.535377,3.3969,34.841669,6.676572,0.532796,3.4869,-0.0562,-0.065476,-0.991962,-0.5221,34.841669,6.676572,0.460508,5.0000,-1.000000,2.000000,4276.0402,0,1,clay,1.0000,0.500000,0,0,0.000000,0.000000,0.000000,0,nan,0.00,-1.000000,0.2342,0.0938,-0.528000,-0.1237,0.44,5.27,6.16,5.36,3.631384,30.6748,-1.6031,0.008000,0.087556,2.4785,-0.074917,0.041790,0.538751,-1524.5443902624772,-300.5010543197065,-2441.1508508429692,677.890866026502,-0.548839,0.010444,6786.3,5834.3,-0.443409,-0.233780,-1.000000,3.4931,1.0000,,,,,
10.3920,1778836342.958379,866,34.846075,6.597440,0.536928,3.3566,-0.0293,0.002758,34.833837,6.652248,0.535381,3.3712,34.864547,6.608044,0.536803,3.4605,-0.0706,-0.074644,-0.997831,-0.5341,34.864547,6.608044,0.465420,5.0000,1.000000,2.000000,4105.0510,4,1,clay,1.0000,0.500000,0,0,0.000000,0.000000,0.000000,0,nan,0.00,-0.977273,0.2330,0.0893,-0.516000,-0.0997,0.44,5.51,6.39,6.88,3.652248,30.6751,-1.6288,0.008000,0.076869,2.9770,-0.093408,0.028026,0.505387,-1524.7007918819763,-46.76337220841879,-2357.701908028337,682.9432184855299,-0.550000,0.010387,6787.8,5832.8,-0.446009,-0.231296,-1.000000,3.4666,1.0000,,,,,
10.4040,1778836342.970405,867,34.831313,6.629347,0.528646,3.3596,0.0460,-0.010606,34.868538,6.672611,0.535201,3.3436,34.850542,6.640089,0.528458,3.4394,-0.0678,-0.082366,-1.009358,-0.5096,34.850542,6.640089,0.455779,5.0000,1.000000,2.000000,4262.6818,4,1,clay,1.0000,0.500000,0,0,0.000000,0.000000,0.000000,0,nan,0.00,-0.954545,0.2319,0.0850,-0.504000,-0.0757,0.44,5.20,6.08,3.42,3.672611,30.6647,-1.6564,0.008000,0.058715,2.0661,-0.096888,0.031514,0.479002,-1624.4694555998985,-323.3510266881114,-2004.516958516601,619.4120160781872,-0.538162,0.004823,6790.8,5829.7,-0.451317,-0.236135,1.000000,3.4459,1.0000,,,,,
10.4160,1778836342.982523,868,34.882746,6.653088,0.530125,3.2783,-0.0747,-0.026915,34.903118,6.692527,0.534867,3.3156,34.900961,6.663117,0.529911,3.4072,-0.0795,-0.083966,-1.023505,-0.4979,34.900961,6.663117,0.456140,5.0000,1.000000,2.000000,4477.3802,4,1,clay,1.0000,0.500000,0,0,0.000000,0.000000,0.000000,0,nan,0.00,-0.931818,0.2311,0.0809,-0.492000,-0.0517,0.45,4.98,5.88,3.78,3.692527,30.6456,-1.6844,0.008000,0.056366,2.2467,-0.088679,0.010953,0.448503,-1351.4718018866383,-526.733537183885,-1671.6132046756275,645.9535592051689,-0.515377,0.005555,6794.3,5826.3,-0.457297,-0.224060,1.000000,3.4135,1.0000,,,,,
10.4280,1778836342.994314,869,35.019166,6.651118,0.525325,3.2728,-0.0217,-0.026221,34.937520,6.712191,0.534524,3.2937,35.036649,6.660559,0.525091,3.3802,-0.0799,-0.085168,-1.019039,-0.4861,35.036649,6.660559,0.450651,5.0000,1.000000,2.000000,4462.4763,4,1,clay,1.0000,0.500000,0,0,0.000000,0.000000,0.000000,0,nan,0.00,-0.909091,0.2304,0.0771,-0.480000,-0.0277,0.44,4.78,5.66,3.61,3.712191,30.6260,-1.7063,0.008000,0.105623,1.2801,-0.100399,0.004637,0.423543,-1341.1359030424396,-483.76428233008147,-1524.1441940713416,611.0828706014325,-0.497622,0.003194,6793.0,5827.6,-0.455127,-0.237552,1.000000,3.3862,1.0000,,,,,
10.4400,1778836343.006402,870,34.895793,6.795189,0.542376,3.1519,-0.0569,-0.017069,34.971660,6.731753,0.534281,3.2698,34.912290,6.804380,0.542141,3.3352,-0.0856,-0.083926,-1.000878,-0.4743,34.912290,6.804380,0.464308,5.0000,1.000000,2.000000,4982.2005,4,1,clay,1.0000,0.500000,0,0,0.000000,0.000000,0.000000,0,nan,0.00,-0.886364,0.2300,0.0734,-0.468000,-0.0037,0.44,4.65,5.53,3.93,3.731753,30.6120,-1.7302,0.008000,0.144649,0.2564,-0.122793,0.071497,0.131391,-1346.847144398586,-344.8407328491702,-1423.1418171367886,605.803296954593,-0.479725,0.004216,6788.3,5832.3,-0.446918,-0.211518,1.000000,3.3409,1.0000,,,,,
10.4520,1778836343.018357,871,35.014637,6.797269,0.530546,3.2735,0.0144,-0.018215,35.005558,6.751168,0.534076,3.2462,35.030805,6.806044,0.530306,3.3223,-0.0782,-0.083497,-1.005764,-0.4625,35.030805,6.806044,0.451766,5.0000,1.000000,2.000000,4858.6890,4,1,clay,1.0000,0.500000,0,0,0.000000,0.000000,0.000000,0,nan,0.00,-0.863636,0.2297,0.0698,-0.456000,0.0203,0.44,4.46,5.34,3.39,3.751168,30.6003,-1.7538,0.008000,0.051556,0.1972,-0.132038,0.118590,0.159256,-1243.0363603201145,24.323585874265348,-1365.0481477809735,566.7354165290401,-0.466930,0.000763,6789.5,5831.1,-0.448965,-0.245080,1.000000,3.3279,1.0000,,,,,
10.4640,1778836343.030462,872,35.067044,6.828216,0.539230,3.1925,-0.0683,-0.021347,35.039304,6.770243,0.533796,3.2204,35.082522,6.836713,0.538991,3.2963,-0.0854,-0.082292,-0.997694,-0.4507,35.082522,6.836713,0.459483,5.0000,1.000000,2.000000,5137.8150,4,1,clay,1.0000,0.500000,0,0,0.000000,0.000000,0.000000,0,nan,0.00,-0.840909,0.2296,0.0665,-0.444000,0.0443,0.44,4.34,5.23,3.65,3.770243,30.5843,-1.7796,0.008000,0.093876,0.7226,-0.134537,0.104773,0.142824,-1286.2349702346537,-461.89538230955776,-1312.5073937560337,580.7438252022866,-0.449135,0.002484,6787.3,5833.2,-0.445242,-0.237931,1.000000,3.3017,1.0000,,,,,
10.4760,1778836343.042339,873,35.110243,6.796033,0.534013,3.1439,-0.0828,-0.030189,35.072915,6.788972,0.533421,3.1965,35.125306,6.804106,0.533766,3.2659,-0.0937,-0.082704,-0.997277,-0.4388,35.125306,6.804106,0.454032,5.0000,1.000000,2.000000,5084.8992,4,1,clay,1.0000,0.500000,0,0,0.000000,0.000000,0.000000,0,nan,0.00,-0.818182,0.2296,0.0633,-0.432000,0.0683,0.44,4.21,5.10,3.49,3.788972,30.5628,-1.8035,0.008000,0.052830,0.4172,-0.137320,0.089517,0.147128,-1188.2030409475572,-329.0257935377542,-1269.6550725903498,598.0689924742533,-0.430666,0.003870,6787.2,5833.4,-0.444948,-0.241213,1.000000,3.2711,1.0000,,,,,
10.4880,1778836343.054361,874,35.155215,6.883232,0.533003,3.2169,-0.0941,-0.037168,35.106349,6.807431,0.532997,3.1727,35.169913,6.891000,0.532747,3.2556,-0.1018,-0.083566,-0.987910,-0.4269,35.169913,6.891000,0.450914,5.0000,1.000000,2.000000,5277.9756,4,1,clay,1.0000,0.500000,0,0,0.000000,0.000000,0.000000,0,nan,0.00,-0.795455,0.2298,0.0603,-0.420000,0.0923,0.44,4.12,5.00,3.59,3.807431,30.5385,-1.8273,0.008000,0.043621,0.3870,-0.127106,0.084773,0.142915,-1322.484544976743,-382.95258357034555,-1238.1095471303665,603.2701049651116,-0.412112,0.004948,6784.7,5835.8,-0.440700,-0.265975,1.000000,3.2606,1.0000,,,,,
10.5000,1778836343.066453,875,35.119742,6.853889,0.530597,3.1407,0.0085,-0.033089,35.139553,6.825737,0.532607,3.1469,35.134064,6.861454,0.530337,3.2325,-0.0902,-0.083291,-0.975467,-0.4150,35.134064,6.861454,0.448468,5.0000,1.000000,2.000000,5215.6716,4,1,clay,1.0000,0.500000,0,0,0.000000,0.000000,0.000000,0,nan,0.00,-0.772727,0.2331,0.0574,-0.408000,0.1163,0.44,4.04,4.93,3.61,3.825737,30.5161,-1.8531,0.008000,0.081257,2.3047,-0.123266,-0.031698,0.446007,-1208.185470411062,-85.64096437294664,-1222.864554009479,529.8865391402201,-0.401205,0.000129,6781.5,5839.0,-0.435122,-0.243543,1.000000,3.2374,1.0000,,,,,
10.5120,1778836343.078387,876,35.194624,6.823223,0.531114,3.1177,0.0062,-0.028251,35.172517,6.843915,0.532261,3.1260,35.208628,6.830667,0.530857,3.2094,-0.0810,-0.082066,-0.982348,-0.4031,35.208628,6.830667,0.449071,5.0000,1.000000,2.000000,5269.3071,4,1,clay,1.0000,0.500000,0,0,0.000000,0.000000,0.000000,0,nan,0.00,-0.750000,0.2370,0.0546,-0.396000,0.1403,0.45,3.97,4.86,3.56,3.843915,30.4963,-1.8740,0.008000,0.057707,2.6672,-0.124233,-0.024361,0.418728,-1201.0478488173076,-300.1381238676541,-1200.7561012914748,495.36882019564524,-0.390397,-0.003176,6783.2,5837.3,-0.438100,-0.245489,1.000000,3.2143,1.0000,,,,,
10.5240,1778836343.090450,877,35.267758,6.813213,0.532158,3.0562,0.0324,-0.041967,35.205382,6.861639,0.531775,3.1003,35.281413,6.820527,0.531892,3.1790,-0.0684,-0.082753,-0.960486,-0.3911,35.281413,6.820527,0.449579,5.0000,1.000000,2.000000,5300.7099,4,1,clay,1.0000,0.500000,0,0,0.000000,0.000000,0.000000,0,nan,0.00,-0.727273,0.2415,0.0520,-0.384000,0.1643,0.45,3.88,4.77,3.34,3.861639,30.4685,-1.8997,0.008000,0.083378,2.5391,-0.121193,-0.013369,0.396253,-1160.9521010721305,-456.89416345677995,-1200.743023300084,404.4795425251617,-0.379575,-0.008918,6777.7,5842.9,-0.428386,-0.241408,1.000000,3.1837,1.0000,,,,,
10.5360,1778836343.102419,878,35.218177,6.884310,0.537533,3.0811,-0.1526,-0.043695,35.238064,6.879116,0.531249,3.0766,35.231497,6.891384,0.537264,3.1592,-0.0901,-0.082933,-0.957128,-0.3792,35.231497,6.891384,0.453091,5.0000,1.000000,2.000000,5633.6956,4,1,clay,1.0000,0.500000,0,0,0.000000,0.000000,0.000000,0,nan,0.00,-0.704545,0.2466,0.0495,-0.372000,0.1883,0.44,3.86,4.75,3.80,3.879116,30.4383,-1.9234,0.008000,0.118161,3.0255,-0.114516,-0.040310,0.375460,-1091.1532426148524,-435.4975541653053,-1166.1908975873139,479.06480082261555,-0.357085,-0.002472,6776.8,5843.8,-0.426815,-0.258147,1.000000,3.1638,1.0000,,,,,
10.5480,1778836343.114455,879,35.190233,6.840270,0.531462,3.1252,-0.0426,-0.044971,35.270531,6.896349,0.530700,3.0510,35.203566,6.847231,0.531184,3.1517,-0.0888,-0.083730,-0.958157,-0.3672,35.203566,6.847231,0.447561,5.0000,1.000000,2.000000,5502.2748,4,1,clay,1.0000,0.500000,0,0,0.000000,0.000000,0.000000,0,nan,0.00,-0.681818,0.2521,0.0471,-0.360000,0.2123,0.45,3.86,4.76,3.84,3.896349,30.4069,-1.9490,0.008000,0.131036,1.5935,-0.078791,-0.040756,0.353497,-1033.0008900675616,-184.81634821655035,-1141.7166938808818,460.5660090693167,-0.343239,-0.004098,6777.0,5843.5,-0.427267,-0.270309,1.000000,3.1563,1.0000,,,,,
10.5600,1778836343.126432,880,35.171046,7.006886,0.536674,3.0250,-0.0672,-0.044877,35.302765,6.913400,0.530155,3.0260,35.184239,7.013822,0.536390,3.1263,-0.0917,-0.083918,-0.968917,-0.3552,35.184239,7.013822,0.448626,5.0000,1.000000,2.000000,6251.4998,4,1,clay,1.0000,0.500000,0,0,0.000000,0.000000,0.000000,0,nan,0.00,-0.659091,0.2582,0.0449,-0.348000,0.2363,0.45,3.97,4.87,4.61,3.913400,30.3757,-1.9740,0.008000,0.142798,2.4848,-0.090766,-0.045868,0.335981,-1084.0954966542404,-201.22948453689432,-1110.5051341737676,472.6041344071034,-0.328051,-0.003921,6779.8,5840.8,-0.432014,-0.252690,1.000000,3.1309,1.0000,,,,,
10.5720,1778836343.138423,881,35.322682,6.953285,0.533448,3.0370,-0.0627,-0.049839,35.334800,6.930191,0.529571,3.0016,35.336136,6.960262,0.533146,3.1080,-0.0938,-0.085518,-0.973065,-0.3431,35.336136,6.960262,0.445929,5.0000,1.000000,2.000000,6170.9894,4,1,clay,1.0000,0.500000,0,0,0.000000,0.000000,0.000000,0,nan,0.00,-0.636364,0.2648,0.0427,-0.336000,0.2603,0.45,3.94,4.83,3.75,3.930191,30.3422,-1.9984,0.008000,0.058514,1.7111,-0.083786,-0.049129,0.317000,-1008.9146792046373,-452.5900527731244,-1081.440876983987,469.4100436572517,-0.313253,-0.004577,6780.9,5839.7,-0.433941,-0.263975,1.000000,3.1127,1.0000,,,,,
10.5840,1778836343.150335,882,35.301688,7.047512,0.523573,3.0543,0.0097,-0.049932,35.366641,6.946719,0.528980,2.9766,35.315032,7.054318,0.523268,3.0967,-0.0814,-0.085262,-0.977318,-0.3312,35.315032,7.054318,0.433303,5.0000,1.000000,2.000000,6380.0642,4,1,clay,1.0000,0.500000,0,0,0.000000,0.000000,0.000000,0,nan,0.00,-0.613636,0.2718,0.0407,-0.324000,0.2843,0.44,3.87,4.75,3.45,3.946719,30.3083,-2.0234,0.008000,0.126606,1.3518,-0.064744,-0.037736,0.298295,-975.7551453234922,-679.597371413936,-1059.2980521092122,415.0930182302648,-0.303520,-0.009637,6781.9,5838.7,-0.435784,-0.276522,1.000000,3.1014,1.0000,,,,,
10.5960,1778836343.162458,883,35.368418,7.040404,0.522892,2.9520,-0.0135,-0.048974,35.398496,6.962468,0.527982,2.9425,35.381425,7.047047,0.522590,3.0678,-0.0748,-0.084145,-0.977583,-0.3192,35.381425,7.047047,0.431917,5.0000,1.000000,2.000000,6540.1346,4,1,clay,1.0000,0.500000,0,0,0.000000,0.000000,0.000000,0,nan,0.00,-0.590909,0.2793,0.0387,-0.312000,0.3083,0.44,3.91,4.80,4.17,3.962468,30.2512,-2.0575,0.008000,0.074234,1.2926,-0.084270,-0.033037,0.282766,-1310.294264973436,-947.7255918227644,-1037.6618359456372,384.8373128125014,-0.291799,-0.012269,6781.9,5838.6,-0.435834,-0.248782,1.000000,3.0725,1.0000,,,,,
10.6080,1778836343.174387,884,35.400099,7.069136,0.524796,2.9023,-0.0860,-0.072248,35.430361,6.977778,0.526818,2.9340,35.413140,7.075729,0.524469,3.0350,-0.0827,-0.087537,-0.938482,-0.3072,35.413140,7.075729,0.432227,5.0000,1.000000,2.000000,6777.6316,4,1,clay,1.0000,0.500000,0,0,0.000000,0.000000,0.000000,0,nan,0.00,-0.568182,0.2872,0.0368,-0.300000,0.3323,0.45,3.94,4.84,4.13,3.977778,30.1845,-2.0660,0.008000,0.049304,1.4550,-0.095407,-0.043295,0.262002,-1180.7406720594738,-736.9251525678368,-1031.380619853545,342.7219080542127,-0.272954,-0.012385,6772.1,5848.5,-0.418616,-0.246516,1.000000,3.0396,1.0000,,,,,
10.6200,1778836343.186447,885,35.454034,7.029827,0.530518,2.8981,-0.0953,-0.064800,35.461783,6.993389,0.526042,2.9091,35.467098,7.036449,0.530176,3.0076,-0.0904,-0.088746,-0.933232,-0.2951,35.467098,7.036449,0.438197,5.0000,1.000000,2.000000,6953.1053,4,1,clay,1.0000,0.500000,0,0,0.000000,0.000000,0.000000,0,nan,0.00,-0.545455,0.2955,0.0351,-0.288000,0.3563,0.46,3.93,4.84,3.85,3.993389,30.1400,-2.0909,0.008000,0.047527,1.6687,-0.098969,-0.053354,0.243888,-633.3062941487073,-34.09053041979013,-991.5891420982719,351.7168152435527,-0.255484,-0.011073,6770.8,5849.8,-0.416345,-0.244330,1.000000,3.0122,1.0000,,,,,
10.6320,1778836343.198461,886,35.530952,7.044490,0.516214,2.9100,-0.1138,-0.052922,35.492951,7.008981,0.525375,2.8906,35.544008,7.050820,0.515876,2.9882,-0.0991,-0.087069,-0.859529,-0.2832,35.544008,7.050820,0.422451,5.0000,1.000000,2.000000,6640.9988,4,1,clay,1.0000,0.500000,0,0,0.000000,0.000000,0.000000,0,nan,0.00,-0.522727,0.3042,0.0334,-0.276000,0.3803,0.46,3.76,4.67,2.80,4.008981,30.1018,-2.1094,0.008000,0.069514,0.7047,-0.090519,-0.065045,0.228607,-588.2983389574804,-155.4095064122847,-1005.6810150251808,318.7480248503656,-0.239067,-0.007482,6752.1,5868.5,-0.383790,-0.253932,1.000000,2.9924,1.0000,,,,,
10.6440,1778836343.210370,887,35.521391,7.069557,0.521541,2.8475,-0.2006,-0.053791,35.523872,7.024448,0.524746,2.8678,35.533860,7.075562,0.521221,2.9603,-0.1200,-0.084440,-0.873424,-0.2713,35.533860,7.075562,0.426522,5.0000,1.000000,2.000000,7092.8419,4,1,clay,1.0000,0.500000,0,0,0.000000,0.000000,0.000000,0,nan,0.00,-0.500000,0.3133,0.0318,-0.264000,0.4043,0.45,3.71,4.61,3.41,4.024448,30.0658,-2.1322,0.008000,0.034212,0.6233,-0.099167,-0.091274,0.214348,-680.5264685633591,-379.8507782881196,-921.429410819027,425.87562794467937,-0.217510,0.001002,6755.5,5865.0,-0.389764,-0.243760,1.000000,2.9644,1.0000,,,,,
10.6560,1778836343.222448,888,35.617274,7.022108,0.529525,2.8454,-0.0721,-0.054352,35.554600,7.039715,0.524077,2.8459,35.629435,7.028105,0.529212,2.9372,-0.1146,-0.082600,-0.888127,-0.2594,35.629435,7.028105,0.435177,5.0000,1.000000,2.000000,7322.1110,4,1,clay,1.0000,0.500000,0,0,0.000000,0.000000,0.000000,0,nan,0.00,-0.477273,0.3227,0.0303,-0.252000,0.4283,0.45,3.77,4.66,4.11,4.039715,30.0274,-2.1541,0.008000,0.151559,1.3567,-0.114595,-0.087559,0.201194,-714.8318141020922,-470.9468945682118,-859.7398167444023,418.8314069123729,-0.206031,-0.000555,6759.2,5861.4,-0.396204,-0.252193,1.000000,2.9413,1.0000,,,,,
10.6680,1778836343.234327,889,35.595762,6.993639,0.520831,2.8078,-0.0752,-0.065696,35.585167,7.054701,0.523345,2.8184,35.608015,6.999543,0.520508,2.9113,-0.1110,-0.083148,-0.904486,-0.2473,35.608015,6.999543,0.425986,5.0000,1.000000,2.000000,7262.0573,4,1,clay,1.0000,0.500000,0,0,0.000000,0.000000,0.000000,0,nan,0.00,-0.454545,0.3325,0.0288,-0.240000,0.4523,0.44,3.78,4.67,3.83,4.054701,29.9855,-2.1816,0.008000,0.231222,0.4802,-0.113907,-0.085159,0.184589,-849.05729831669,-726.3262252603662,-776.7480235725832,406.60675430477124,-0.192916,-0.002915,6763.4,5857.2,-0.403476,-0.244037,1.000000,2.9155,1.0000,,,,,
10.6800,1778836343.246384,890,35.660898,7.082958,0.527627,2.7637,-0.0181,-0.065628,35.615552,7.069400,0.522548,2.7962,35.673009,7.088945,0.527298,2.8819,-0.0976,-0.082968,-0.898853,-0.2353,35.673009,7.088945,0.429911,5.0000,1.000000,2.000000,7663.9436,4,1,clay,1.0000,0.500000,0,0,0.000000,0.000000,0.000000,0,nan,0.00,-0.431818,0.3426,0.0274,-0.228000,0.4763,0.45,3.76,4.65,3.64,4.069400,29.9398,-2.2038,0.008000,0.072158,0.9796,-0.124572,-0.072182,0.169259,-789.0494090088355,-218.41699223036107,-726.8473165849193,337.0190267051309,-0.183644,-0.008682,6762.0,5858.6,-0.401004,-0.237677,1.000000,2.8861,1.0000,,,,,
10.6920,1778836343.259083,891,35.622970,7.114239,0.532302,2.7933,-0.1546,-0.068631,35.645767,7.083736,0.521634,2.7608,35.634981,7.120158,0.531969,2.8639,-0.1103,-0.082928,-0.903239,-0.2233,35.634981,7.120158,0.433392,5.0000,1.000000,2.000000,7849.3725,4,1,clay,1.0000,0.500000,0,0,0.000000,0.000000,0.000000,0,nan,0.00,-0.409091,0.3530,0.0261,-0.216000,0.5003,0.45,3.76,4.66,3.79,4.083736,29.8874,-2.2392,0.008000,0.102028,1.7425,-0.130815,-0.088130,0.154609,-716.8847313594611,-468.3521358303607,-568.7069444354817,383.7901943114606,-0.164495,-0.004529,6763.1,5857.5,-0.402928,-0.252782,1.000000,2.8681,1.0000,,,,,
10.7040,1778836343.270398,892,35.698549,7.167043,0.528330,2.7350,-0.1111,-0.110024,35.676099,7.097275,0.520300,2.7486,35.710518,7.172789,0.527960,2.8381,-0.1125,-0.089078,-0.919350,-0.2113,35.710518,7.172789,0.427031,5.0000,1.000000,2.000000,8046.3331,4,1,clay,1.0000,0.500000,0,0,0.000000,0.000000,0.000000,0,nan,0.00,-0.386364,0.3637,0.0249,-0.204000,0.5243,0.45,3.81,4.71,4.07,4.097275,29.8110,-2.2514,0.008000,0.066098,1.4773,-0.127726,-0.092577,0.131420,-1222.4715967530203,-1722.2689222650552,-371.7114866703078,356.5341661422671,-0.144872,-0.008924,6767.1,5853.4,-0.410042,-0.224635,1.000000,2.8424,1.0000,,,,,
10.7160,1778836343.282482,893,35.702356,7.059508,0.513269,2.8299,-0.1465,-0.108893,35.706066,7.111045,0.519291,2.7327,35.714590,7.065056,0.512865,2.8356,-0.1204,-0.093793,-0.917145,-0.1993,35.714590,7.065056,0.413914,5.0000,1.000000,2.000000,7509.4112,4,1,clay,1.0000,0.500000,0,0,0.000000,0.000000,0.000000,0,nan,0.00,-0.363636,0.3747,0.0237,-0.192000,0.5483,0.45,3.76,4.66,3.47,4.111045,29.7532,-2.2673,0.008000,0.167129,0.4311,-0.101230,-0.103021,0.110512,538.9552484710933,260.56901179327986,-229.66431439190245,344.08102399161,-0.124850,-0.009898,6766.6,5853.9,-0.409117,-0.251545,1.000000,2.8400,1.0000,,,,,
10.7280,1778836343.294441,894,35.664818,7.081646,0.525747,2.6952,-0.0860,-0.064481,35.735667,7.125015,0.518515,2.7111,35.676699,7.087250,0.525363,2.8077,-0.1155,-0.089700,-0.915023,-0.1873,35.676699,7.087250,0.425343,5.0000,1.000000,2.000000,7803.9935,4,1,clay,1.0000,0.500000,0,0,0.000000,0.000000,0.000000,0,nan,0.00,-0.340909,0.3860,0.0225,-0.180000,0.5723,0.45,3.81,4.71,4.07,4.125015,29.7087,-2.2889,0.008000,0.115427,0.7457,-0.102360,-0.099721,0.100090,-465.5852720215635,-750.4853398154896,-193.85876415889928,336.94864146104044,-0.114566,-0.009730,6766.1,5854.5,-0.408130,-0.198543,1.000000,2.8119,1.0000,,,,,
10.7400,1778836343.306341,895,35.769223,7.147333,0.515584,2.7545,-0.0977,-0.069723,35.765069,7.138765,0.517705,2.6882,35.781217,7.152857,0.515205,2.7965,-0.1136,-0.087208,-0.918884,-0.1753,35.781217,7.152857,0.412753,5.0000,1.000000,2.000000,7851.7420,4,1,clay,1.0000,0.500000,0,0,0.000000,0.000000,0.000000,0,nan,0.00,-0.318182,0.3975,0.0214,-0.168000,0.5963,0.45,3.77,4.66,3.55,4.138765,29.6623,-2.3118,0.008000,0.054026,0.9161,-0.101447,-0.099339,0.089347,-613.4414324133677,-350.41729528411815,-135.1778214394593,344.40547259857817,-0.102902,-0.009357,6767.1,5853.5,-0.409873,-0.208169,1.000000,2.8008,1.0000,,,,,
10.7520,1778836343.318461,896,35.851922,7.091141,0.515781,2.6612,-0.0941,-0.079916,35.794333,7.152216,0.516789,2.6656,35.863720,7.096575,0.515404,2.7696,-0.1109,-0.086187,-0.897275,-0.1633,35.863720,7.096575,0.413372,5.0000,1.000000,2.000000,7702.4432,4,1,clay,1.0000,0.500000,0,0,0.000000,0.000000,0.000000,0,nan,0.00,-0.295455,0.4093,0.0204,-0.156000,0.6203,0.45,3.77,4.67,3.75,4.152216,29.6098,-2.3344,0.008000,0.144913,0.5509,-0.099128,-0.098325,0.075840,-580.380773057981,-799.209979531167,-97.10878857014049,309.0541446983809,-0.089805,-0.010583,6761.6,5859.0,-0.400304,-0.177417,1.000000,2.7738,1.0000,,,,,
10.7640,1778836343.330438,897,35.783534,7.136639,0.516664,2.6749,-0.0564,-0.080489,35.823403,7.165442,0.515842,2.6422,35.795245,7.142081,0.516286,2.7505,-0.1019,-0.085162,-0.878538,-0.1513,35.795245,7.142081,0.412417,5.0000,0.016309,2.000000,7844.6290,4,1,clay,1.0000,0.500000,0,0,0.000000,0.000000,0.000000,0,nan,0.00,-0.295084,0.4213,0.0194,-0.155804,0.6443,0.46,3.74,4.65,3.57,4.165442,29.5555,-2.3578,0.008000,0.098321,0.0756,-0.093755,-0.090206,0.062849,-774.4945810674355,-330.4244578383858,-72.64411584062702,252.21668850248034,-0.079551,-0.014297,6756.8,5863.7,-0.392036,-0.171975,1.000000,2.7547,1.0000,,,,,
10.7760,1778836343.342381,898,35.766424,7.147243,0.513958,2.6370,-0.0889,-0.075952,35.852239,7.178559,0.514936,2.6226,35.777966,7.152560,0.513584,2.7278,-0.1018,-0.085320,-0.866415,-0.1557,35.777966,7.152560,0.408464,5.0000,-0.156303,2.000000,7855.3444,4,1,clay,1.0000,0.500000,0,0,0.000000,0.000000,0.000000,0,nan,0.00,-0.298636,0.4336,0.0185,-0.157680,0.6683,0.45,3.77,4.67,3.93,4.178559,29.5036,-2.3774,0.008000,0.086633,0.3512,-0.088917,-0.089963,0.050937,-642.9322263875832,-3.853061877820437,-203.77107606835682,236.70225888911435,-0.078795,-0.014520,6753.7,5866.8,-0.386651,-0.159530,0.016309,2.7319,1.0000,,,,,
10.7880,1778836343.354420,899,35.896979,7.193379,0.510174,2.5355,-0.0852,-0.079916,35.880871,7.191514,0.514008,2.6004,35.908457,7.198595,0.509793,2.6898,-0.1012,-0.086140,-0.861988,-0.1584,35.908457,7.198595,0.401815,5.0000,-0.357364,2.000000,8040.7377,4,1,clay,1.0000,0.500000,0,0,0.000000,0.000000,0.000000,0,nan,0.00,-0.306758,0.4461,0.0176,-0.161968,0.6923,0.45,3.79,4.70,3.96,4.191514,29.4505,-2.3996,0.008000,0.039997,-0.2683,-0.098106,-0.089047,0.047763,-767.8676921413526,832.9859019988617,-228.14002355889806,220.6428194397532,-0.079465,-0.015564,6752.6,5867.9,-0.384721,-0.116871,-0.156303,2.6939,1.0000,,,,,
10.8000,1778836343.366360,900,35.937798,7.206051,0.518518,2.5679,-0.1642,-0.104124,35.909410,7.204130,0.512942,2.5804,35.949243,7.211242,0.518111,2.6657,-0.1149,-0.091122,-0.802224,-0.1636,35.949243,7.211242,0.409142,5.0000,-0.123735,2.000000,8156.4943,4,1,clay,1.0000,0.500000,0,0,0.000000,0.000000,0.000000,0,nan,0.00,-0.309570,0.4588,0.0168,-0.163453,0.7163,0.45,3.64,4.54,2.77,4.204130,29.3894,-2.4196,0.008000,0.084088,-0.0538,-0.104079,-0.103587,0.043156,-1322.94304695466,-128.20887229506752,-212.3330927889976,179.95648188756988,-0.074480,-0.013665,6737.5,5883.1,-0.358354,-0.121450,-0.357364,2.6695,1.0000,,,,,
10.8120,1778836343.378467,901,35.972516,7.205121,0.513492,2.5487,-0.0721,-0.125286,35.938146,7.215995,0.511471,2.5626,35.983537,7.210014,0.513065,2.6425,-0.1091,-0.097627,-0.795760,-0.1640,35.983537,7.210014,0.402947,5.0000,-0.143684,2.000000,8096.6844,4,1,clay,1.0000,0.500000,0,0,0.000000,0.000000,0.000000,0,nan,0.00,-0.312836,0.4717,0.0160,-0.165177,0.7403,0.45,3.82,4.72,4.85,4.215995,29.3051,-2.4374,0.008000,0.108867,-0.1020,-0.099999,-0.097487,0.036532,-1716.4614646517166,-2209.416425486661,-216.0718366242292,91.22275364632041,-0.072475,-0.021505,6735.8,5884.8,-0.355366,-0.112672,-0.123735,2.6461,1.0000,,,,,
10.8240,1778836343.390438,902,36.003602,7.128923,0.519093,2.5713,-0.1171,-0.113542,35.966709,7.227772,0.510139,2.5508,36.015012,7.134002,0.518628,2.6279,-0.1131,-0.101692,-0.788942,-0.1659,36.015012,7.134002,0.410146,5.0000,0.204598,2.000000,8006.7997,4,1,clay,1.0000,0.500000,0,0,0.000000,0.000000,0.000000,0,nan,0.00,-0.308186,0.4848,0.0152,-0.162722,0.7643,0.45,3.76,4.66,3.40,4.227772,29.2288,-2.4492,0.008000,0.086607,1.0687,-0.112264,-0.101286,0.029418,-895.4365557668528,-1521.405344971018,-216.51904710830604,70.64693311918406,-0.069575,-0.023094,6734.2,5886.4,-0.352520,-0.107451,-0.143684,2.6316,1.0000,,,,,
10.8360,1778836343.402439,903,36.022707,7.267307,0.522363,2.5064,-0.2125,-0.090955,35.994873,7.239752,0.509105,2.5290,36.033901,7.272227,0.521909,2.6036,-0.1317,-0.100438,-0.807850,-0.1618,36.033901,7.272227,0.408806,5.0000,-0.577635,2.000000,8682.5349,4,1,clay,1.0000,0.500000,0,0,0.000000,0.000000,0.000000,0,nan,0.00,-0.321314,0.4981,0.0145,-0.169654,0.7883,0.45,3.69,4.60,3.30,4.239752,29.1696,-2.4710,0.008000,0.119363,0.5406,-0.108753,-0.122805,0.030262,-490.19952252872247,-1158.040040503996,-133.24557881908163,174.6399770596043,-0.058521,-0.014567,6738.9,5881.7,-0.360815,-0.058425,0.204598,2.6074,1.0000,,,,,
10.8480,1778836343.414359,904,36.076016,7.236192,0.499783,2.4978,-0.1330,-0.072470,36.022774,7.251825,0.508217,2.5161,36.087036,7.240746,0.499351,2.5825,-0.1344,-0.098130,-0.792749,-0.1723,36.087036,7.240746,0.385227,5.0000,-0.127708,2.000000,8085.2967,4,1,clay,1.0000,0.500000,0,0,0.000000,0.000000,0.000000,0,nan,0.00,-0.324216,0.5115,0.0138,-0.171186,0.8123,0.45,3.66,4.56,3.50,4.251825,29.1187,-2.4839,0.008000,0.077630,-0.1567,-0.118394,-0.124783,0.036974,-403.71930044758176,-135.47481308591978,-175.88965541047165,190.87545771853888,-0.066397,-0.011158,6735.0,5885.5,-0.354079,-0.055145,-0.577635,2.5862,1.0000,,,,,
10.8600,1778836343.426379,905,36.077057,7.317060,0.510529,2.4454,-0.1300,-0.069805,36.050454,7.263913,0.507389,2.4998,36.087818,7.321651,0.510117,2.5554,-0.1352,-0.094821,-0.783725,-0.1718,36.087818,7.321651,0.392958,5.0000,-0.379316,2.000000,8662.3786,4,1,clay,1.0000,0.500000,0,0,0.000000,0.000000,0.000000,0,nan,0.00,-0.332837,0.5249,0.0131,-0.175738,0.8363,0.44,3.63,4.52,3.45,4.263913,29.0713,-2.5002,0.008000,0.090597,0.4379,-0.120903,-0.125789,0.039180,356.1596285828333,-537.1023949892963,-239.74272442186725,206.2821969727798,-0.068845,-0.008286,6732.7,5887.8,-0.350060,-0.021879,-0.127708,2.5589,1.0000,,,,,
10.8720,1778836343.438354,906,36.110808,7.275745,0.503725,2.4933,-0.1200,-0.068218,36.077962,7.275934,0.506572,2.4852,36.121442,7.280216,0.503330,2.5428,-0.1347,-0.092630,-0.756484,-0.1774,36.121442,7.280216,0.386448,5.0000,0.034707,2.000000,8325.4606,4,1,clay,1.0000,0.500000,0,0,0.000000,0.000000,0.000000,0,nan,0.00,-0.332048,0.5382,0.0125,-0.175322,0.8603,0.44,3.50,4.38,2.80,4.275934,29.0245,-2.5148,0.008000,0.084031,0.0060,-0.116442,-0.124668,0.044097,-726.6926441453741,66.26662231912815,-255.2074949751658,199.03284699445456,-0.075457,-0.006456,6725.8,5894.7,-0.337997,-0.028429,-0.379316,2.5462,1.0000,,,,,
10.8840,1778836343.450399,907,36.132115,7.247311,0.501177,2.3947,-0.1188,-0.072609,36.105347,7.287795,0.505682,2.4701,36.142355,7.251593,0.500801,2.5136,-0.1332,-0.090444,-0.737253,-0.1752,36.142355,7.251593,0.383237,5.0000,-0.085318,2.000000,8219.4091,4,1,clay,1.0000,0.500000,0,0,0.000000,0.000000,0.000000,0,nan,0.00,-0.333987,0.5515,0.0119,-0.176345,0.8843,0.44,3.39,4.28,2.76,4.287795,28.9734,-2.5299,0.008000,0.128946,0.0178,-0.124312,-0.123540,0.046541,-1105.1790900159413,427.6513470760064,-271.378904989538,187.5784729228505,-0.075531,-0.005671,6720.9,5899.7,-0.329400,0.022651,0.034707,2.5169,1.0000,,,,,
10.8960,1778836343.462422,908,36.141459,7.363514,0.505313,2.5571,-0.1885,-0.131867,36.133018,7.298781,0.504216,2.4605,36.151503,7.367645,0.504908,2.5214,-0.1444,-0.098567,-0.757493,-0.1767,36.151503,7.367645,0.384617,5.0000,-0.340957,2.000000,8729.2538,4,1,clay,1.0000,0.500000,0,0,0.000000,0.000000,0.000000,0,nan,0.00,-0.341736,0.5648,0.0113,-0.180437,0.9083,0.44,3.71,4.59,5.50,4.298781,28.8895,-2.5395,0.008000,0.038294,0.4815,-0.078976,-0.136121,0.038287,-1679.9332410379757,234.605746614665,-214.19153465300627,188.56578162943913,-0.065745,-0.007382,6726.0,5894.6,-0.338237,-0.063319,-0.085318,2.5247,1.0000,,,,,
10.9080,1778836343.474347,909,36.228645,7.374894,0.497383,2.4455,-0.2242,-0.089353,36.160628,7.309858,0.502929,2.4619,36.239440,7.379140,0.496947,2.5062,-0.1608,-0.099576,-0.670940,-0.1820,36.239440,7.379140,0.375245,5.0000,-0.176283,2.000000,8382.2530,4,1,clay,1.0000,0.500000,0,0,0.000000,0.000000,0.000000,0,nan,0.00,-0.345743,0.5781,0.0108,-0.182552,0.9323,0.44,3.86,4.74,4.69,4.309858,28.8157,-2.5381,0.008000,0.065340,-0.4477,-0.076148,-0.153175,0.038815,831.2848596728021,659.2990004241248,-250.23582654421864,185.43183625361397,-0.062605,-0.000473,6704.2,5916.4,-0.300299,-0.014829,-0.340957,2.5093,1.0000,,,,,
10.9200,1778836343.486370,910,36.246082,7.253918,0.504708,2.4399,-0.1996,-0.080112,36.187952,7.321375,0.501960,2.4565,36.257160,7.258329,0.504264,2.4929,-0.1692,-0.098487,-0.631174,-0.1834,36.257160,7.258329,0.385653,5.0000,0.386290,2.000000,8058.8545,4,1,clay,1.0000,0.500000,0,0,0.000000,0.000000,0.000000,0,nan,0.00,-0.336964,0.5913,0.0103,-0.177917,0.9563,0.44,3.69,4.58,2.76,4.321375,28.7602,-2.5435,0.008000,0.090818,0.2625,-0.067012,-0.162153,0.041038,1384.390700627309,-65.69822604481124,-285.86447343695244,205.7568596113023,-0.061788,0.004475,6694.2,5926.4,-0.282875,-0.005938,-0.176283,2.4959,1.0000,,,,,
10.9320,1778836343.498449,911,36.200824,7.363505,0.503133,2.3640,-0.0782,-0.075735,36.215096,7.333033,0.501059,2.4474,36.211358,7.367765,0.502718,2.4676,-0.1535,-0.095067,-0.606877,-0.1762,36.211358,7.367765,0.379639,5.0000,-1.000000,2.000000,5154.1920,0,1,clay,1.0000,0.500000,0,0,0.000000,0.000000,0.000000,0,nan,0.00,-0.359691,0.6045,0.0098,-0.189917,0.9803,0.44,4.27,5.15,7.54,4.333033,28.7085,-2.5526,0.008000,0.109112,-0.1617,-0.078609,-0.145897,0.040829,586.7813498540665,-109.37476905484658,-249.74767373891558,140.53023480913265,-0.063959,-0.000370,6688.0,5932.6,-0.271994,0.049538,0.386290,2.4704,1.0000,,,,,
10.9440,1778836343.510462,912,36.182572,7.295110,0.500316,2.4932,-0.0791,-0.077495,36.242177,7.344640,0.500150,2.4424,36.194440,7.299929,0.499848,2.4718,-0.1454,-0.097323,-0.572044,-0.1951,36.194440,7.299929,0.378818,5.0000,-1.000000,1.500000,6804.6386,0,1,clay,1.0000,0.500000,0,0,0.000000,0.000000,0.000000,0,nan,0.00,-0.382418,0.6175,0.0093,-0.201917,0.9983,0.44,4.40,5.27,5.10,4.344640,28.6565,-2.5576,0.008000,0.124456,-0.4873,-0.048036,-0.132977,0.046601,-50.19057358590402,-1558.3070563717902,-363.44425618291086,80.11645938834944,-0.082352,-0.004466,6679.4,5941.1,-0.257122,0.005131,-1.000000,2.4748,1.0000,,,,,
10.9560,1778836343.522433,913,36.259163,7.431740,0.491982,2.4870,-0.0712,-0.072553,36.269223,7.356259,0.499278,2.4419,36.271351,7.436637,0.491506,2.4743,-0.1370,-0.097821,-0.541117,-0.2072,36.271351,7.436637,0.366301,5.0000,-1.000000,2.000000,4886.5758,0,1,clay,1.0000,0.500000,0,0,0.000000,0.000000,0.000000,0,nan,0.00,-0.405145,0.6304,0.0088,-0.213917,1.0223,0.44,5.41,6.29,11.16,4.356259,28.6065,-2.5581,0.008000,0.085601,0.3287,-0.026113,-0.121016,0.049051,444.59710127649146,-961.7441973232012,-545.9169126129017,28.08454036309466,-0.100673,-0.007725,6671.0,5949.6,-0.242416,0.005442,-1.000000,2.4771,1.0000,,,,,
10.9680,1778836343.534267,914,36.335778,7.310834,0.494330,2.4278,-0.1282,-0.069682,36.296253,7.367919,0.498429,2.4438,36.350173,7.316618,0.493763,2.4645,-0.1431,-0.100918,-0.493097,-0.2202,36.350173,7.316618,0.371626,5.0000,-1.000000,1.500000,7207.0543,0,1,clay,1.0000,0.500000,0,0,0.000000,0.000000,0.000000,0,nan,0.00,-0.427873,0.6433,0.0084,-0.225917,1.0403,0.42,5.40,6.24,5.35,4.367919,28.5579,-2.5562,0.008000,0.135545,-0.1413,-0.009393,-0.122398,0.053581,-273.7735580434336,38.89936613345827,-722.0837482189122,23.15282639214479,-0.113254,-0.005543,6660.0,5960.6,-0.223241,0.031130,-1.000000,2.4676,1.0000,,,,,
10.9800,1778836343.546370,915,36.377775,7.464220,0.497306,2.3965,-0.0979,-0.067493,36.323282,7.379616,0.497622,2.4454,36.392059,7.470030,0.496745,2.4509,-0.1412,-0.101340,-0.470028,-0.2322,36.392059,7.470030,0.369561,5.0000,-1.000000,2.000000,4825.7302,0,1,clay,1.0000,0.500000,0,0,0.000000,0.000000,0.000000,0,nan,0.00,-0.450600,0.6561,0.0080,-0.237917,1.0643,0.42,6.47,7.32,12.54,4.379616,28.5116,-2.5546,0.008000,0.076437,0.4132,-0.013323,-0.117662,0.055079,-176.1229823018171,-52.97882231906067,-883.4162390161848,3.694684224556511,-0.128113,-0.005869,6653.4,5967.2,-0.211674,0.052651,-1.000000,2.4538,1.0000,,,,,
10.9920,1778836343.559451,916,36.230492,7.314279,0.501823,2.4159,-0.0937,-0.060327,36.350325,7.391383,0.496881,2.4510,36.247860,7.321414,0.501128,2.4433,-0.1447,-0.106297,-0.411774,-0.2455,36.247860,7.321414,0.378078,5.0000,-1.000000,1.500000,7415.0239,0,1,clay,1.0000,0.500000,0,0,0.000000,0.000000,0.000000,0,nan,0.00,-0.473327,0.6687,0.0076,-0.249917,1.0823,0.58,6.29,7.45,5.26,4.391383,28.4692,-2.5490,0.008000,0.137167,0.8130,0.006580,-0.113026,0.057678,108.47490709584662,158.18051241633611,-1053.4966786204202,-22.59453302098757,-0.143816,-0.005490,6640.1,5980.5,-0.188553,0.053228,-1.000000,2.4465,1.0000,,,,,
11.0040,1778836343.570416,917,36.286043,7.422063,0.498907,2.4563,-0.1388,-0.056520,36.377388,7.403271,0.496195,2.4576,36.302983,7.428946,0.498245,2.4456,-0.1506,-0.105930,-0.373220,-0.2573,36.302983,7.428946,0.372048,5.0000,-1.000000,1.835056,6099.7490,0,1,clay,1.0000,0.500000,0,0,0.000000,0.000000,0.000000,0,nan,0.00,-0.496054,0.6813,0.0073,-0.261917,1.1043,0.57,6.13,7.27,5.24,4.403271,28.4299,-2.5424,0.008000,0.101996,0.4303,0.002738,-0.118006,0.064500,-108.31982208641068,-765.7403711610178,-1165.167317442829,3.4712201536923004,-0.156054,-0.001091,6629.3,5991.3,-0.169708,0.043844,-1.000000,2.4484,1.0000,,,,,
11.0160,1778836343.582440,918,36.446666,7.427229,0.485712,2.4612,-0.1041,-0.058585,36.404558,7.415134,0.495482,2.4653,36.463252,7.433743,0.485075,2.4484,-0.1501,-0.106126,-0.329567,-0.2691,36.463252,7.433743,0.358330,5.0000,-1.000000,2.000000,4221.9291,0,1,clay,1.0000,0.500000,0,0,0.000000,0.000000,0.000000,0,nan,0.00,-0.518782,0.6939,0.0069,-0.273917,1.1283,0.55,6.00,7.09,5.22,4.415134,28.3890,-2.5347,0.008000,0.068573,0.1377,0.011725,-0.115322,0.068083,-944.0117759298064,-1203.8859135628177,-1274.2651859373454,-11.624601647531193,-0.170734,-0.000562,6618.8,6001.8,-0.151374,0.049188,-1.000000,2.4509,1.0000,,,,,
11.0280,1778836343.594449,919,36.394045,7.481205,0.499814,2.4941,-0.1304,-0.067465,36.431879,7.426907,0.494711,2.4724,36.410236,7.487798,0.499185,2.4572,-0.1542,-0.107952,-0.278309,-0.2810,36.410236,7.487798,0.371928,5.0000,-1.000000,2.000000,4177.0579,0,1,clay,1.0000,0.500000,0,0,0.000000,0.000000,0.000000,0,nan,0.00,-0.541509,0.7065,0.0066,-0.285917,1.1523,0.54,5.87,6.94,5.16,4.426907,28.3448,-2.5276,0.008000,0.129918,0.5031,0.029471,-0.118234,0.064193,-800.9256814964813,-31.350890221621967,-1373.805725102599,-19.053629795303863,-0.181970,0.000735,6606.0,6014.5,-0.129124,0.049403,-1.000000,2.4592,1.0000,,,,,
11.0400,1778836343.606418,920,36.517917,7.490214,0.496558,2.4487,-0.1162,-0.070404,36.459328,7.438655,0.493884,2.4821,36.533760,7.496586,0.495934,2.4556,-0.1555,-0.109982,-0.227866,-0.2928,36.533760,7.496586,0.368192,5.0000,-1.000000,2.000000,3889.3036,0,1,clay,1.0000,0.500000,0,0,0.000000,0.000000,0.000000,0,nan,0.00,-0.564236,0.7191,0.0063,-0.297917,1.1763,0.52,5.76,6.79,5.12,4.438655,28.2975,-2.5179,0.008000,0.081475,0.1917,0.050310,0.031478,0.044041,-711.2922212296517,1232.0781786763166,-1468.809805361062,-46.144639960750354,-0.193773,0.000265,6593.2,6027.4,-0.106710,0.075119,-1.000000,2.4572,1.0000,,,,,
11.0520,1778836343.618362,921,36.474764,7.478438,0.485427,2.4823,-0.0523,-0.071000,36.486887,7.450445,0.493056,2.4936,36.490349,7.484573,0.484807,2.4609,-0.1464,-0.112018,-0.171271,-0.3047,36.490349,7.484573,0.357223,5.0000,-1.000000,2.000000,3970.7080,0,1,clay,1.0000,0.500000,0,0,0.000000,0.000000,0.000000,0,nan,0.00,-0.586964,0.7317,0.0060,-0.309917,1.2003,0.50,5.67,6.67,5.15,4.450445,28.2500,-2.5064,0.008000,0.099324,-0.2686,0.047456,0.059235,0.064985,-479.545219658438,-332.4658178359733,-1583.0707094109107,-142.9635899652406,-0.210761,-0.005213,6578.8,6041.8,-0.081595,0.076995,-1.000000,2.4621,1.0000,,,,,
11.0640,1778836343.630436,922,36.478375,7.520508,0.496234,2.5068,-0.0761,-0.069249,36.514611,7.462270,0.492214,2.5070,36.493707,7.526762,0.495616,2.4699,-0.1434,-0.113993,-0.119309,-0.3166,36.493707,7.526762,0.367744,5.0000,-1.000000,2.000000,4518.1370,0,1,clay,1.0000,0.500000,0,0,0.000000,0.000000,0.000000,0,nan,0.00,-0.609691,0.7443,0.0057,-0.321917,1.2243,0.50,5.59,6.58,5.14,4.462270,28.2018,-2.4930,0.008000,0.025921,0.8313,0.050567,0.068136,0.074320,-521.4912656651345,-43.02433989223948,-1682.3620732135187,-188.5354564113134,-0.225301,-0.007502,6565.6,6055.0,-0.058563,0.081265,-1.000000,2.4707,1.0000,,,,,
11.0760,1778836343.642325,923,36.467859,7.447613,0.476458,2.5592,-0.0428,-0.072867,36.542495,7.474146,0.491350,2.5213,36.483153,7.453561,0.475840,2.4874,-0.1358,-0.116443,-0.067627,-0.3285,36.483153,7.453561,0.350182,5.0000,-1.000000,1.868070,4307.0799,0,1,clay,1.0000,0.500000,0,0,0.000000,0.000000,0.000000,0,nan,0.00,-0.632418,0.7566,0.0054,-0.333917,1.2467,0.49,5.53,6.51,5.23,4.474146,28.1523,-2.4787,0.008000,0.121006,-0.4133,0.072684,0.082453,0.073646,-407.3639773206685,-380.7668800055151,-1793.3690914957529,-271.1321486012193,-0.241799,-0.012367,6552.4,6068.2,-0.035653,0.077186,-1.000000,2.4878,1.0000,,,,,
11.0880,1778836343.654984,924,36.572520,7.587163,0.488817,2.6023,-0.0832,-0.023615,36.570459,7.486277,0.490641,2.5385,36.587677,7.593363,0.488247,2.5099,-0.1369,-0.112106,-0.005074,-0.3404,36.587677,7.593363,0.360254,5.0000,-1.000000,1.368070,4692.7051,0,1,clay,1.0000,0.500000,0,0,0.000000,0.000000,0.000000,0,nan,0.00,-0.655145,0.7683,0.0052,-0.345917,1.2631,0.48,5.47,6.43,5.13,4.486277,28.1117,-2.4615,0.008000,0.056288,0.1264,0.106143,0.102739,0.105211,-422.4584706215329,329.7030338825874,-1926.4536810415025,-157.45711418465373,-0.260557,-0.006586,6536.3,6084.2,-0.007595,0.072247,-1.000000,2.5100,1.0000,,,,,
11.1000,1778836343.666417,925,36.564718,7.483183,0.484279,2.4960,-0.1177,-0.055446,36.598337,7.498910,0.490199,2.5446,36.579784,7.489219,0.483714,2.5072,-0.1437,-0.113362,-0.009313,-0.3524,36.579784,7.489219,0.358370,5.0000,-1.000000,1.867582,4403.6128,0,1,clay,1.0000,0.500000,0,0,0.000000,0.000000,0.000000,0,nan,0.00,-0.677873,0.7794,0.0049,-0.357917,1.2855,0.48,5.42,6.39,5.13,4.498910,28.0864,-2.4554,0.008000,0.113046,-0.3563,0.105178,0.085975,0.091468,-632.0427332528408,-1084.514232378569,-1961.1626883103731,-102.7493781271596,-0.270821,-0.003544,6536.6,6084.0,-0.008001,0.138002,-1.000000,2.5073,1.0000,,,,,
11.1120,1778836343.678313,926,36.677108,7.527053,0.488079,2.5923,-0.0132,-0.079650,36.626699,7.510941,0.489273,2.5636,36.692053,7.533164,0.487493,2.5241,-0.1322,-0.118071,0.054609,-0.3643,36.692053,7.533164,0.361914,5.0000,-1.000000,1.367582,4389.9739,0,1,clay,1.0000,0.500000,0,0,0.000000,0.000000,0.000000,0,nan,0.00,-0.700600,0.7900,0.0047,-0.369917,1.3020,0.47,5.40,6.34,5.25,4.510941,28.0333,-2.4364,0.008000,0.144244,0.0245,0.115477,0.108579,0.092152,-1551.8395478429672,339.14692677362336,-2083.8015607743496,-251.33415829834922,-0.287015,-0.012268,6521.1,6099.4,0.018863,0.112015,-1.000000,2.5237,1.0000,,,,,
11.1240,1778836343.690404,927,36.692470,7.516885,0.493458,2.5584,-0.1243,-0.085422,36.655404,7.522855,0.488238,2.5865,36.707397,7.522971,0.492844,2.5311,-0.1418,-0.123406,0.105231,-0.3763,36.707397,7.522971,0.368135,5.0000,-1.000000,1.766669,4244.7184,0,1,clay,1.0000,0.500000,0,0,0.000000,0.000000,0.000000,0,nan,0.00,-0.723327,0.8001,0.0044,-0.381917,1.3232,0.47,5.36,6.30,5.17,4.522855,27.9739,-2.4135,0.008000,0.003571,1.0884,0.114957,0.103764,0.091753,-1462.7565494971464,-812.7470581553961,-2151.9569919663513,-214.60356118800297,-0.293027,-0.011523,6507.5,6113.1,0.042639,0.124186,-1.000000,2.5304,1.0000,,,,,
11.1360,1778836343.702348,928,36.725212,7.387283,0.493960,2.5937,-0.0087,-0.090242,36.684397,7.534743,0.487159,2.6068,36.740037,7.393383,0.493323,2.5437,-0.1305,-0.128488,0.170617,-0.3882,36.740037,7.393383,0.372907,5.0000,-1.000000,1.266669,4218.2783,0,1,clay,1.0000,0.500000,0,0,0.000000,0.000000,0.000000,0,nan,0.00,-0.746054,0.8097,0.0042,-0.393917,1.3384,0.45,5.32,6.23,5.10,4.534743,27.9122,-2.3932,0.008000,0.207044,0.3191,0.113292,0.127635,0.094159,-1141.3299047296127,-65.92715496125555,-2242.4208573865762,-373.77432916151855,-0.308610,-0.020321,6491.6,6129.0,0.070443,0.132638,-1.000000,2.5427,1.0000,,,,,
11.1480,1778836343.714438,929,36.642351,7.542479,0.486766,2.5923,-0.2028,-0.087981,36.713634,7.546718,0.486092,2.6282,36.657273,7.548297,0.486109,2.5536,-0.1542,-0.133029,0.216584,-0.4001,36.657273,7.548297,0.361538,5.0000,-1.000000,0.766669,4506.3739,0,1,clay,1.0000,0.500000,0,0,0.000000,0.000000,0.000000,0,nan,0.00,-0.768782,0.8188,0.0040,-0.405917,1.3476,0.45,5.31,6.22,5.23,4.546718,27.8510,-2.3718,0.008000,0.130155,0.1049,0.119495,0.108454,0.096955,-1054.282890172893,563.4686548311837,-2275.885308078809,-178.50865671900212,-0.309114,-0.012353,6479.1,6141.5,0.092144,0.149581,-1.000000,2.5523,1.0000,,,,,
11.1600,1778836343.726413,930,36.749136,7.545156,0.486352,2.6233,-0.0631,-0.087461,36.743094,7.558780,0.485052,2.6480,36.764085,7.550986,0.485677,2.5676,-0.1506,-0.137030,0.259667,-0.4121,36.764085,7.550986,0.361711,5.0000,-1.000000,0.939107,4371.7798,0,1,clay,1.0000,0.500000,0,0,0.000000,0.000000,0.000000,0,nan,0.00,-0.791509,0.8275,0.0038,-0.417917,1.3588,0.45,5.30,6.20,5.26,4.558780,27.7914,-2.3520,0.008000,0.036263,0.7303,0.122300,0.113757,0.097566,-994.8035698009877,-83.47105350626356,-2329.977334549242,-245.60600216817676,-0.322652,-0.016420,6467.4,6153.2,0.112550,0.157170,-1.000000,2.5660,1.0000,,,,,
11.1720,1778836343.738444,931,36.726691,7.515651,0.499910,2.7037,-0.1326,-0.093757,36.772822,7.570832,0.483952,2.6666,36.741719,7.521669,0.499212,2.5946,-0.1598,-0.141900,0.306938,-0.4241,36.741719,7.521669,0.377930,5.0000,1.000000,0.534163,4413.0534,0,1,clay,1.0000,0.500000,0,0,0.000000,0.000000,0.000000,0,nan,0.00,-0.768782,0.8358,0.0037,-0.405917,1.3652,0.45,5.29,6.19,5.24,4.570832,27.7284,-2.3334,0.008000,0.100109,0.8991,0.134733,0.108233,0.098525,-926.4720215358467,154.16267253920643,-2362.8755319855186,-201.79930634720247,-0.330481,-0.015170,6455.7,6164.9,0.132955,0.155124,-1.000000,2.5927,1.0000,,,,,
11.1840,1778836343.750433,932,36.771199,7.543159,0.485239,2.7215,-0.1175,-0.098419,36.802821,7.582846,0.482783,2.6853,36.786428,7.548992,0.484534,2.6197,-0.1596,-0.141079,0.336537,-0.3997,36.786428,7.548992,0.363097,5.0000,-1.000000,0.034163,3912.7212,0,1,clay,1.0000,0.500000,0,0,0.000000,0.000000,0.000000,0,nan,0.00,-0.791509,0.8437,0.0035,-0.417917,1.3656,0.45,5.29,6.18,5.26,4.582846,27.6614,-2.3147,0.008000,0.052526,1.2057,0.137013,0.103387,0.097730,-997.5349515300468,438.2848897636503,-2277.4514752166747,-206.76833970390294,-0.315858,-0.015863,6447.6,6173.0,0.147135,0.167218,1.000000,2.6176,1.0000,,,,,
11.1960,1778836343.762424,933,36.836504,7.542268,0.481579,2.7182,-0.0938,-0.099757,36.832975,7.595061,0.481735,2.7092,36.851841,7.548049,0.480849,2.6390,-0.1614,-0.146972,0.317720,-0.4241,36.851841,7.548049,0.360202,5.0000,-1.000000,0.534163,4042.0918,0,1,clay,1.0000,0.500000,0,0,0.000000,0.000000,0.000000,0,nan,0.00,-0.814236,0.8512,0.0033,-0.429917,1.3721,0.44,5.26,6.14,5.10,4.595061,27.6014,-2.2908,0.008000,0.141625,0.2603,0.127658,0.087936,0.072175,-559.0311575687127,835.2909470726456,-2367.011829833305,-270.8866601527298,-0.327329,-0.018325,6451.6,6169.0,0.140192,0.187051,-1.000000,2.6371,1.0000,,,,,
11.2080,1778836343.774356,934,36.865535,7.574847,0.492940,2.7209,-0.1136,-0.065274,36.863077,7.607794,0.480993,2.7205,36.880817,7.580824,0.492229,2.6554,-0.1656,-0.146000,0.351202,-0.4361,36.880817,7.580824,0.371918,5.0000,-1.000000,0.197183,4517.5426,0,1,clay,1.0000,0.500000,0,0,0.000000,0.000000,0.000000,0,nan,0.00,-0.836964,0.8583,0.0031,-0.441917,1.3744,0.44,5.26,6.14,5.25,4.607794,27.5589,-2.2795,0.008000,0.048694,1.1782,0.147024,0.113383,0.106694,-617.8545590147457,545.9008286935517,-2411.5440257588316,-166.00111741846027,-0.341470,-0.014540,6443.9,6176.7,0.153621,0.208082,-1.000000,2.6533,1.0000,,,,,
11.2200,1778836343.786445,935,36.874401,7.642058,0.491143,2.6001,-0.1564,-0.083784,36.893455,7.620438,0.480104,2.7378,36.889692,7.647914,0.490423,2.6453,-0.1766,-0.148440,0.369896,-0.4481,36.889692,7.647914,0.367751,5.0000,-1.000000,0.142819,4532.1449,0,1,clay,1.0000,0.500000,0,0,0.000000,0.000000,0.000000,0,nan,0.00,-0.859691,0.8651,0.0030,-0.453917,1.3761,0.44,5.27,6.16,5.33,4.620438,27.5079,-2.2622,0.008000,0.059047,0.8856,0.113481,0.100040,0.108792,-1523.8587549555316,-1203.143383712116,-2423.0548832621707,-80.22423366303136,-0.349164,-0.010805,6438.6,6182.0,0.162788,0.252831,-1.000000,2.6430,1.0000,,,,,
11.2320,1778836343.798345,936,36.963372,7.674030,0.469883,2.8600,-0.0814,-0.101968,36.924266,7.632764,0.478920,2.7593,36.979052,7.679672,0.469133,2.6874,-0.1737,-0.154031,0.393861,-0.4601,36.979052,7.679672,0.346747,5.0000,-1.000000,0.515137,4288.2354,0,1,clay,1.0000,0.500000,0,0,0.000000,0.000000,0.000000,0,nan,0.00,-0.882418,0.8716,0.0029,-0.465917,1.3823,0.44,5.24,6.13,5.11,4.632764,27.4401,-2.2407,0.008000,0.063202,-0.6085,0.143394,0.119626,0.116243,-1594.2994485393338,-241.07919003844933,-2447.9796754602257,-182.00657212261018,-0.362750,-0.015270,6432.4,6188.1,0.173516,0.187905,-1.000000,2.6850,1.0000,,,,,
11.2440,1778836343.810450,937,37.010253,7.757199,0.468367,2.8372,-0.1361,-0.113599,36.955500,7.644798,0.477540,2.7800,37.026097,7.762795,0.467584,2.7171,-0.1807,-0.160447,0.426907,-0.4721,37.026097,7.762795,0.344306,5.0000,-1.000000,0.545580,4473.2808,0,1,clay,1.0000,0.500000,0,0,0.000000,0.000000,0.000000,0,nan,0.00,-0.905145,0.8778,0.0027,-0.477917,1.3889,0.45,5.25,6.14,5.26,4.644798,27.3610,-2.2200,0.008000,0.274398,-0.6937,0.153680,0.102389,0.105330,-1941.6996891655224,-1603.4849011730435,-2459.0120080687525,-202.11280367207453,-0.370675,-0.016321,6424.7,6195.9,0.187099,0.204894,-1.000000,2.7145,1.0000,,,,,
11.2560,1778836343.822409,938,36.937268,7.666691,0.478764,2.8320,-0.1682,-0.117723,36.987071,7.656782,0.476117,2.8051,36.953231,7.672405,0.477946,2.7401,-0.1922,-0.166858,0.468086,-0.4841,36.953231,7.672405,0.358486,5.0000,-1.000000,0.600394,4298.2441,0,1,clay,1.0000,0.500000,0,0,0.000000,0.000000,0.000000,0,nan,0.00,-0.927873,0.8836,0.0026,-0.489917,1.3961,0.44,5.25,6.14,5.26,4.656782,27.2795,-2.1949,0.008000,0.048558,0.3414,0.161934,0.084399,0.079819,-1798.337989708591,-134.04124319670953,-2463.309474941841,-177.46368881905659,-0.376707,-0.015383,6414.3,6206.3,0.205199,0.210027,-1.000000,2.7372,1.0000,,,,,
11.2680,1778836343.834369,939,37.024820,7.657178,0.475456,2.8207,-0.1846,-0.113497,37.018914,7.668856,0.474748,2.8284,37.040934,7.662779,0.474614,2.7565,-0.2047,-0.171833,0.509095,-0.4960,37.040934,7.662779,0.356001,5.0000,1.000000,0.767415,4134.0617,0,1,clay,1.0000,0.500000,0,0,0.000000,0.000000,0.000000,0,nan,0.00,-0.905145,0.8892,0.0025,-0.477917,1.4053,0.44,5.25,6.14,5.28,4.668856,27.2010,-2.1716,0.008000,0.024927,0.1995,0.159762,0.102017,0.116064,-1593.4727394813003,172.7763172464238,-2470.5270434823415,-124.54273399870982,-0.383217,-0.012992,6404.0,6216.6,0.223159,0.225434,-1.000000,2.7534,1.0000,,,,,
11.2800,1778836343.846424,940,37.108494,7.701493,0.471236,2.9421,-0.0534,-0.109981,37.051025,7.681057,0.473417,2.8532,37.124784,7.707214,0.470392,2.7933,-0.1878,-0.170058,0.551797,-0.4718,37.124784,7.707214,0.352078,5.0000,1.000000,0.782400,4018.3480,0,1,clay,1.0000,0.500000,0,0,0.000000,0.000000,0.000000,0,nan,0.00,-0.882418,0.8945,0.0023,-0.465917,1.4147,0.44,5.26,6.14,5.29,4.681057,27.1248,-2.1468,0.008000,0.149484,-0.7899,0.164635,0.134849,0.127239,-1740.460506213117,790.4579157288047,-2349.0740077952205,-257.31710104579366,-0.377155,-0.019673,6393.4,6227.2,0.241562,0.203627,1.000000,2.7899,1.0000,,,,,
11.2920,1778836343.858476,941,37.059040,7.671832,0.474724,2.8128,-0.1590,-0.100732,37.083422,7.693407,0.472169,2.8806,37.075388,7.677615,0.473886,2.7980,-0.1925,-0.167793,0.592779,-0.4598,37.075388,7.677615,0.356662,5.0000,-1.000000,0.953042,4102.5261,0,1,clay,1.0000,0.500000,0,0,0.000000,0.000000,0.000000,0,nan,0.00,-0.905145,0.8996,0.0022,-0.477917,1.4261,0.44,5.26,6.14,5.25,4.693407,27.0533,-2.1194,0.008000,0.041690,0.2463,0.140999,0.109201,0.105674,-1389.4191741277637,-903.8877988215504,-2281.209068289927,-194.45939833952787,-0.362753,-0.016754,6383.1,6237.5,0.259610,0.262492,1.000000,2.7943,1.0000,,,,,
11.3040,1778836343.870447,942,37.048753,7.670396,0.466238,2.9950,-0.1443,-0.079884,37.115911,7.706155,0.471167,2.8996,37.065388,7.676144,0.465410,2.8370,-0.1990,-0.168620,0.616573,-0.4841,37.065388,7.676144,0.349555,5.0000,-1.000000,0.496069,4005.1935,0,1,clay,1.0000,0.500000,0,0,0.000000,0.000000,0.000000,0,nan,0.00,-0.927873,0.9044,0.0021,-0.489917,1.4321,0.45,5.26,6.15,5.26,4.706155,26.9959,-2.1004,0.008000,0.065775,0.0049,0.162362,0.112816,0.120877,-1159.7090013135016,533.5234405736728,-2432.501183591423,-123.19124604953882,-0.377355,-0.012792,6377.3,6243.3,0.269650,0.218267,-1.000000,2.8332,1.0000,,,,,
11.3160,1778836343.882529,943,37.180535,7.696441,0.466622,2.8844,-0.1616,-0.097529,37.148752,7.718619,0.469911,2.9150,37.197268,7.702181,0.465786,2.8469,-0.2066,-0.171166,0.627645,-0.4961,37.197268,7.702181,0.349704,5.0000,-1.000000,0.864251,4053.5028,0,1,clay,1.0000,0.500000,0,0,0.000000,0.000000,0.000000,0,nan,0.00,-0.950600,0.9090,0.0020,-0.501917,1.4424,0.45,5.29,6.19,5.45,4.718619,26.9239,-2.0850,0.008000,0.052637,-0.6306,0.152523,0.092356,0.100799,-2139.1519149910687,320.26505171250994,-2444.3343577136857,-99.16353318334852,-0.387608,-0.010625,6373.8,6246.8,0.275779,0.257141,-1.000000,2.8431,1.0000,,,,,
11.3280,1778836343.894441,944,37.087347,7.762496,0.471641,2.9419,-0.0430,-0.138568,37.182080,7.730616,0.468319,2.9370,37.104190,7.768401,0.470751,2.8663,-0.1931,-0.179870,0.659731,-0.5081,37.104190,7.768401,0.353994,5.0000,-1.000000,0.494189,4223.6199,0,1,clay,1.0000,0.500000,0,0,0.000000,0.000000,0.000000,0,nan,0.00,-0.973327,0.9134,0.0019,-0.513917,1.4484,0.45,5.28,6.17,5.25,4.730616,26.8327,-2.0630,0.008000,0.061227,-0.2256,0.179958,0.125772,0.107290,-2372.4561631668075,118.14978139297568,-2436.0948490531555,-334.54291774345245,-0.402174,-0.021617,6366.2,6254.3,0.288939,0.242219,-1.000000,2.8622,1.0000,,,,,
11.3400,1778836343.906451,945,37.231958,7.601747,0.466213,2.9770,-0.1422,-0.147708,37.215791,7.742437,0.466575,2.9609,37.248974,7.607506,0.465272,2.8887,-0.1992,-0.188661,0.692425,-0.5201,37.248974,7.607506,0.353219,5.0000,-1.000000,0.411270,3808.8572,0,1,clay,1.0000,0.500000,0,0,0.000000,0.000000,0.000000,0,nan,0.00,-0.996054,0.9175,0.0018,-0.525917,1.4533,0.44,5.29,6.17,5.34,4.742437,26.7328,-2.0391,0.008000,0.162101,0.7152,0.157624,0.125171,0.107147,-2153.9214582661416,4.422737057178608,-2431.4104651429,-409.03783019655054,-0.408887,-0.024691,6357.4,6263.2,0.304386,0.238811,-1.000000,2.8844,1.0000,,,,,
11.3520,1778836343.918417,946,37.321024,7.798999,0.461482,2.9538,-0.1475,-0.145158,37.249827,7.754248,0.464832,2.9833,37.338198,7.804629,0.460500,2.9023,-0.2056,-0.195939,0.716142,-0.5321,37.338198,7.804629,0.343956,5.0000,-0.173602,0.510814,4177.1842,0,1,clay,1.0000,0.500000,0,0,0.000000,0.000000,0.000000,0,nan,0.00,-1.000000,0.9215,0.0017,-0.528000,1.4594,0.44,5.28,6.16,5.21,4.754248,26.6329,-2.0167,0.008000,0.057505,0.5697,0.138098,0.128816,0.109005,-2047.3092901352766,-814.5478691661917,-2444.2357349866393,-448.6339692247924,-0.416439,-0.026534,6351.2,6269.3,0.315083,0.250455,-1.000000,2.8979,1.0000,,,,,
11.3640,1778836343.930322,947,37.325270,7.762441,0.457462,3.0003,0.0024,-0.138364,37.284082,7.766227,0.463215,3.0081,37.342484,7.768145,0.456462,2.9223,-0.1833,-0.198557,0.750541,-0.5291,37.342484,7.768145,0.341485,5.0000,-0.000000,0.218106,4008.4575,0,1,clay,1.0000,0.500000,0,0,0.000000,0.000000,0.000000,0,nan,0.00,-1.000000,0.9253,0.0017,-0.528000,1.4620,0.44,5.27,6.15,5.24,4.766227,26.5403,-1.9919,0.008000,0.107304,-0.2176,0.130801,0.164698,0.113868,-1987.7050662577649,-88.84658066424691,-2336.2909810071956,-623.5363630620229,-0.425854,-0.037087,6342.7,6277.9,0.330004,0.247639,-0.173602,2.9177,1.0000,,,,,
11.3760,1778836343.942448,948,37.397576,7.760052,0.452636,3.0608,-0.1755,-0.134029,37.318637,7.778164,0.461548,3.0277,37.415015,7.765656,0.451624,2.9501,-0.1957,-0.200469,0.769048,-0.5280,37.415015,7.765656,0.337646,5.0000,-0.000000,0.313108,3915.2277,0,1,clay,1.0000,0.500000,0,0,0.000000,0.000000,0.000000,0,nan,0.00,-1.000000,0.9288,0.0016,-0.528000,1.4658,0.44,5.27,6.15,5.27,4.778164,26.4448,-1.9723,0.008000,0.090440,-0.2747,0.137991,0.153301,0.110049,-2421.107415550514,699.4005298381715,-2261.297904602262,-578.1281893795715,-0.420965,-0.033151,6337.5,6283.0,0.338971,0.235168,-0.000000,2.9454,1.0000,,,,,
11.3880,1778836343.954367,949,37.392210,7.863866,0.463217,3.0843,-0.1234,-0.102839,37.353429,7.790271,0.459984,3.0353,37.409721,7.869753,0.462228,2.9765,-0.1970,-0.197394,0.694371,-0.5280,37.409721,7.869753,0.347136,5.0000,0.000000,0.405406,4262.1759,0,1,clay,1.0000,0.500000,0,0,0.000000,0.000000,0.000000,0,nan,0.00,-1.000000,0.9323,0.0015,-0.528000,1.4707,0.44,5.27,6.15,5.25,4.790271,26.3551,-1.9647,0.008000,0.070856,0.5632,0.123819,0.157445,0.132279,-1029.606824166739,377.50160391037514,-2355.176219591654,-494.58015029496573,-0.423810,-0.029904,6356.6,6264.0,0.305740,0.221731,-0.000000,2.9723,1.0000,,,,,
11.4000,1778836343.966343,950,37.417516,7.808648,0.456354,3.0172,-0.1741,-0.087292,37.388177,7.803008,0.458859,3.0687,37.435105,7.814428,0.455401,2.9854,-0.2066,-0.192411,0.724611,-0.5280,37.435105,7.814428,0.341749,5.0000,-0.000000,0.465490,3984.8045,0,1,clay,1.0000,0.500000,0,0,0.000000,0.000000,0.000000,0,nan,0.00,-1.000000,0.9355,0.0014,-0.528000,1.4762,0.44,5.26,6.14,5.24,4.803008,26.2907,-1.9313,0.008000,0.084157,-0.0431,0.123714,0.136233,0.120879,-1402.3608940141553,863.2942450415608,-2338.824376697036,-372.3337575547288,-0.423958,-0.022428,6349.1,6271.5,0.318842,0.272077,0.000000,2.9810,1.0000,,,,,
11.4120,1778836343.978319,951,37.356299,7.838528,0.453474,3.0057,-0.1925,-0.139167,37.423453,7.815000,0.457224,3.0837,37.373925,7.844152,0.452499,2.9902,-0.2173,-0.196044,0.727620,-0.5280,37.373925,7.844152,0.338221,5.0000,-0.000000,0.545818,3990.6902,0,1,clay,1.0000,0.500000,0,0,0.000000,0.000000,0.000000,0,nan,0.00,-1.000000,0.9386,0.0014,-0.528000,1.4828,0.43,5.28,6.15,5.39,4.815000,26.1970,-1.9163,0.008000,0.078479,0.2822,0.087141,0.114228,0.105429,-2643.9331443357632,376.0692286038771,-2285.844558366773,-389.2509113821069,-0.417527,-0.020996,6348.4,6272.1,0.320012,0.267468,-0.000000,2.9857,1.0000,,,,,
11.4240,1778836343.990428,952,37.476686,7.843532,0.459279,3.0960,-0.2168,-0.169500,37.459173,7.826399,0.455213,3.0937,37.494537,7.849183,0.458245,3.0116,-0.2305,-0.204207,0.727165,-0.5280,37.494537,7.849183,0.344865,5.0000,0.000000,0.592324,4005.7123,0,1,clay,1.0000,0.500000,0,0,0.000000,0.000000,0.000000,0,nan,0.00,-1.000000,0.9416,0.0013,-0.528000,1.4899,0.43,5.31,6.18,5.46,4.826399,26.0818,-1.9063,0.008000,0.056213,0.6079,0.097379,0.110211,0.105699,-2658.9230661230868,-607.4448354941509,-2234.670369546969,-420.44758769213735,-0.408420,-0.021502,6348.7,6271.9,0.319588,0.251636,-0.000000,3.0071,1.0000,,,,,
11.4360,1778836344.002441,953,37.407316,7.955007,0.459040,3.0943,-0.1899,-0.163785,37.495071,7.837801,0.453242,3.1121,37.425409,7.960640,0.457961,3.0286,-0.2367,-0.210085,0.753558,-0.5280,37.425409,7.960640,0.342586,5.0000,-0.000000,0.619845,4220.2965,0,1,clay,1.0000,0.500000,0,0,0.000000,0.000000,0.000000,0,nan,0.00,-1.000000,0.9444,0.0012,-0.528000,1.4973,0.44,5.30,6.18,5.27,4.837801,25.9688,-1.8879,0.008000,0.102339,0.3596,0.091720,0.089586,0.094947,-2343.057299491457,-1468.1849970253108,-2215.85574606668,-460.0174463292243,-0.403437,-0.023003,6342.1,6278.5,0.331106,0.253647,0.000000,3.0240,1.0000,,,,,
11.4480,1778836344.014428,954,37.476075,7.793324,0.450621,3.1341,-0.1508,-0.166466,37.531202,7.849184,0.451290,3.1286,37.494325,7.798818,0.449511,3.0500,-0.2348,-0.214894,0.770045,-0.5280,37.494325,7.798818,0.338476,5.0000,0.000000,0.452656,3908.1116,0,1,clay,1.0000,0.500000,0,0,0.000000,0.000000,0.000000,0,nan,0.00,-1.000000,0.9470,0.0012,-0.528000,1.5028,0.44,5.53,6.40,6.78,4.849184,25.8570,-1.8714,0.008000,0.114133,0.2415,0.087352,0.098742,0.098432,-2432.499435686058,183.60671587504078,-2201.214640475512,-535.8647298381792,-0.401962,-0.026913,6337.9,6282.6,0.338313,0.247056,-0.000000,3.0453,1.0000,,,,,
11.4600,1778836344.026441,955,37.573970,7.803341,0.444993,3.1902,-0.1755,-0.179248,37.567632,7.860278,0.449170,3.1407,37.593149,7.808914,0.443790,3.0782,-0.2401,-0.223363,0.756124,-0.5280,37.593149,7.808914,0.333366,5.0000,0.000000,0.058708,4107.8488,0,1,clay,1.0000,0.500000,0,0,0.000000,0.000000,0.000000,0,nan,0.00,-1.000000,0.9496,0.0011,-0.528000,1.5035,0.44,5.47,6.36,5.18,4.860278,25.7355,-1.8593,0.008000,0.096473,0.2342,0.099456,0.098051,0.093308,-2752.932241289559,-690.893850045654,-2188.3253642184745,-585.3754807669892,-0.398443,-0.029743,6341.2,6279.4,0.332576,0.238656,0.000000,3.0733,1.0000,,,,,
11.4720,1778836344.038385,956,37.677869,7.811496,0.447842,3.0251,-0.0903,-0.185850,37.604330,7.871165,0.446941,3.1561,37.696839,7.817083,0.446609,3.0689,-0.2271,-0.228271,0.769171,-0.5280,37.696839,7.817083,0.335746,5.0000,0.000000,0.418090,3877.4943,0,1,clay,1.0000,0.500000,0,0,0.000000,0.000000,0.000000,0,nan,0.00,-1.000000,0.9520,0.0011,-0.528000,1.5085,0.45,5.44,6.33,5.24,4.871165,25.6078,-1.8439,0.008000,0.065186,0.6438,0.066659,0.093422,0.081704,-2951.5552754698538,-355.82742416372116,-2185.6730282887092,-714.81374795131,-0.398926,-0.038407,6337.3,6283.3,0.339452,0.275783,0.000000,3.0640,1.0000,,,,,
11.4840,1778836344.051127,957,37.607611,7.867814,0.450934,3.1655,-0.1907,-0.187438,37.641277,7.881953,0.444681,3.1709,37.626628,7.873396,0.449673,3.0887,-0.2339,-0.233012,0.799963,-0.5280,37.626628,7.873396,0.338325,5.0000,-0.000000,0.431200,3994.9779,0,1,clay,1.0000,0.500000,0,0,0.000000,0.000000,0.000000,0,nan,0.00,-1.000000,0.9543,0.0010,-0.528000,1.5137,0.45,5.40,6.30,5.18,4.881953,25.4784,-1.8291,0.008000,0.097455,1.1090,0.056650,0.095072,0.080930,-2623.476912439237,-380.11267178045944,-2162.921908157245,-735.4222987089057,-0.394090,-0.038909,6330.0,6290.5,0.352044,0.246167,0.000000,3.0837,1.0000,,,,,
11.4960,1778836344.062377,958,37.623198,7.952454,0.445888,3.1818,-0.3153,-0.194084,37.678509,7.892483,0.442313,3.1848,37.642343,7.957748,0.444600,3.1078,-0.2606,-0.237932,0.816511,-0.5280,37.642343,7.957748,0.331836,5.0000,0.000000,0.445388,4098.0277,0,1,clay,1.0000,0.500000,0,0,0.000000,0.000000,0.000000,0,nan,0.00,-1.000000,0.9565,0.0010,-0.528000,1.5190,0.45,5.36,6.26,5.14,4.892483,25.3427,-1.8152,0.008000,0.076316,0.1948,0.056680,0.063735,0.069878,-2761.719256020281,-14.249125411245018,-2138.8875215457006,-651.9259423155715,-0.382110,-0.032212,6325.9,6294.7,0.359320,0.248271,-0.000000,3.1026,1.0000,,,,,
11.5080,1778836344.074475,959,37.720650,7.930129,0.446448,3.2416,-0.2913,-0.200195,37.716002,7.902808,0.439869,3.1985,37.739915,7.935320,0.445132,3.1348,-0.2781,-0.242936,0.833726,-0.5280,37.739915,7.935320,0.333882,5.0000,0.000000,0.376982,3879.6289,0,1,clay,1.0000,0.500000,0,0,0.000000,0.000000,0.000000,0,nan,0.00,-1.000000,0.9586,0.0009,-0.528000,1.5235,0.45,5.33,6.24,5.18,4.902808,25.2026,-1.8015,0.008000,0.030791,0.5895,0.071673,0.053730,0.067392,-2594.7747957192314,-1765.4492882681066,-2125.4235086670515,-617.1705779111444,-0.374015,-0.028901,6321.5,6299.0,0.366889,0.237938,0.000000,3.1295,1.0000,,,,,
11.5200,1778836344.086408,960,37.687590,8.000266,0.443853,3.2659,-0.2122,-0.201963,37.753692,7.913102,0.437458,3.2124,37.706931,8.005403,0.442515,3.1611,-0.2786,-0.247154,0.838459,-0.5280,37.706931,8.005403,0.330534,5.0000,0.000000,0.290242,3962.2732,0,1,clay,1.0000,0.500000,0,0,0.000000,0.000000,0.000000,0,nan,0.00,-1.000000,0.9606,0.0009,-0.528000,1.5270,0.45,5.31,6.20,5.16,4.913102,25.0645,-1.7876,0.008000,0.075898,0.6279,0.092971,0.058002,0.062832,-2505.8057193516133,-184.77561167943264,-2124.1170380353196,-656.5300982868008,-0.372395,-0.031259,6320.2,6300.3,0.369173,0.234028,0.000000,3.1559,1.0000,,,,,
11.5320,1778836344.098344,961,37.669533,7.929490,0.432198,3.1103,-0.2766,-0.200699,37.791552,7.923302,0.435050,3.2238,37.688812,7.934251,0.430847,3.1523,-0.2898,-0.249947,0.848118,-0.5280,37.688812,7.934251,0.319808,5.0000,0.000000,0.320621,3627.4336,0,1,clay,1.0000,0.500000,0,0,0.000000,0.000000,0.000000,0,nan,0.00,-1.000000,0.9625,0.0008,-0.528000,1.5309,0.44,5.29,6.18,5.22,4.923302,24.9265,-1.7762,0.008000,0.119986,-0.3224,0.062834,0.054908,0.066952,-2391.753511795562,-1630.2451310240824,-2113.7553967023905,-635.311578248028,-0.365897,-0.029364,6317.6,6302.9,0.373682,0.276065,0.000000,3.1471,1.0000,,,,,
11.5440,1778836344.110385,962,37.845708,7.948706,0.434291,3.1799,-0.2736,-0.204683,37.829660,7.933317,0.432584,3.2378,37.864984,7.953422,0.432923,3.1588,-0.2985,-0.253076,0.861246,-0.5280,37.864984,7.953422,0.321740,5.0000,0.000000,0.342476,3730.6821,0,1,clay,1.0000,0.500000,0,0,0.000000,0.000000,0.000000,0,nan,0.00,-1.000000,0.9643,0.0008,-0.528000,1.5350,0.44,5.29,6.17,5.27,4.933317,24.7852,-1.7622,0.008000,0.155428,-0.1525,0.049479,0.048485,0.066364,-2577.0415583881277,-1013.337821038976,-2109.4264152921987,-624.9079822516761,-0.361141,-0.028310,6314.4,6306.2,0.379398,0.257959,0.000000,3.1534,1.0000,,,,,
11.5560,1778836344.122404,963,37.798192,7.949304,0.424076,3.1960,-0.2399,-0.207472,37.867969,7.943194,0.430098,3.2478,37.817572,7.953803,0.422687,3.1670,-0.2999,-0.256184,0.862487,-0.5280,37.817572,7.953803,0.311484,5.0000,0.000000,0.269969,3458.5069,0,1,clay,1.0000,0.500000,0,0,0.000000,0.000000,0.000000,0,nan,0.00,-1.000000,0.9660,0.0008,-0.528000,1.5382,0.44,5.27,6.15,5.14,4.943194,24.6428,-1.7522,0.008000,0.070049,-0.2261,0.034647,0.055539,0.079227,-1961.2261568269505,-1373.6013136600372,-2108.8104442594354,-645.2327060362063,-0.359230,-0.029789,6314.1,6306.5,0.379887,0.261448,0.000000,3.1617,1.0000,,,,,
11.5680,1778836344.134338,964,37.844757,7.905813,0.428387,3.2404,-0.3584,-0.204854,37.906452,7.952976,0.427627,3.2598,37.864178,7.910265,0.426990,3.1822,-0.3212,-0.258304,0.859502,-0.5280,37.864178,7.910265,0.317434,5.0000,0.000000,0.286040,3505.6092,0,1,clay,1.0000,0.500000,0,0,0.000000,0.000000,0.000000,0,nan,0.00,-1.000000,0.9676,0.0007,-0.528000,1.5417,0.44,5.26,6.14,5.25,4.952976,24.5012,-1.7402,0.008000,0.055310,0.3972,0.023135,0.037217,0.080853,-2762.2472732315982,-1418.708096414566,-2100.2603367253823,-562.1630869281369,-0.351388,-0.023402,6314.7,6305.8,0.378770,0.251412,0.000000,3.1769,1.0000,,,,,
11.5800,1778836344.146424,965,37.946953,7.946508,0.422403,3.2166,-0.2459,-0.206554,37.945119,7.962685,0.425150,3.2731,37.966429,7.950852,0.420994,3.1899,-0.3192,-0.260240,0.858875,-0.5280,37.966429,7.950852,0.310617,5.0000,-0.000000,0.139317,3332.5373,0,1,clay,1.0000,0.500000,0,0,0.000000,0.000000,0.000000,0,nan,0.00,-1.000000,0.9692,0.0007,-0.528000,1.5433,0.43,5.28,6.15,5.38,4.962685,24.3593,-1.7269,0.008000,0.072374,-0.0790,0.038795,0.029127,0.078466,-2522.254961342147,-1508.147622682294,-2100.5976348380627,-589.7022408083117,-0.351339,-0.025337,6314.9,6305.7,0.378450,0.255030,0.000000,3.1846,1.0000,,,,,
11.5920,1778836344.158506,966,37.841958,7.945072,0.418377,3.3479,-0.2770,-0.201431,37.983966,7.972399,0.422759,3.2879,37.861783,7.949411,0.416950,3.2215,-0.3236,-0.261862,0.856680,-0.5280,37.861783,7.949411,0.307588,5.0000,0.000000,0.294071,3284.5058,0,1,clay,1.0000,0.500000,0,0,0.000000,0.000000,0.000000,0,nan,0.00,-1.000000,0.9706,0.0007,-0.528000,1.5469,0.45,5.26,6.15,5.14,4.972399,24.2223,-1.7121,0.008000,0.089849,-0.4581,0.047509,0.028220,0.081450,-2245.044770656814,-354.5339329278477,-2103.119918083387,-580.2370860181554,-0.351328,-0.024279,6315.2,6305.3,0.377876,0.224133,-0.000000,3.2162,1.0000,,,,,
11.6040,1778836344.170400,967,37.984361,7.933367,0.420935,3.2736,-0.2715,-0.214990,38.023081,7.981760,0.420181,3.2957,38.004152,7.937724,0.419498,3.2325,-0.3254,-0.264423,0.850016,-0.5280,38.004152,7.937724,0.310844,5.0000,0.000000,0.118312,3196.4963,0,1,clay,1.0000,0.500000,0,0,0.000000,0.000000,0.000000,0,nan,0.00,-1.000000,0.9721,0.0006,-0.528000,1.5483,0.44,5.25,6.14,5.21,4.981760,24.0746,-1.7043,0.008000,0.106010,0.0074,0.037892,0.046025,0.085693,-2490.8035441770935,-931.602565868083,-2103.554240492451,-587.2227794546221,-0.349611,-0.025262,6317.2,6303.4,0.374515,0.245370,0.000000,3.2273,1.0000,,,,,
11.6160,1778836344.182392,968,38.103210,7.998050,0.418478,3.3468,-0.2127,-0.222522,38.062408,7.990828,0.417517,3.3054,38.123098,8.002424,0.417020,3.2557,-0.3170,-0.267920,0.849329,-0.5280,38.123098,8.002424,0.307647,5.0000,0.000000,-0.036899,3304.5836,0,1,clay,1.0000,0.500000,0,0,0.000000,0.000000,0.000000,0,nan,0.00,-1.000000,0.9734,0.0006,-0.528000,1.5478,0.44,5.26,6.15,5.34,4.990828,23.9220,-1.6946,0.008000,0.052957,-0.1353,0.032332,0.067758,0.087249,-2704.625614569673,-1762.9728629930182,-2108.1024767395684,-649.644656163978,-0.351704,-0.030202,6317.1,6303.5,0.374689,0.230128,0.000000,3.2505,1.0000,,,,,
11.6280,1778836344.194372,969,38.050492,8.015695,0.415200,3.2865,-0.4211,-0.212555,38.101890,7.999883,0.414915,3.3195,38.070542,8.019839,0.413731,3.2627,-0.3462,-0.269454,0.849127,-0.5280,38.070542,8.019839,0.304120,5.0000,0.000000,-0.067013,3184.7964,0,1,clay,1.0000,0.500000,0,0,0.000000,0.000000,0.000000,0,nan,0.00,-1.000000,0.9747,0.0006,-0.528000,1.5470,0.44,5.27,6.15,5.30,4.999883,23.7729,-1.6805,0.008000,0.070701,-0.1490,0.012444,0.034052,0.087624,-2210.3308990958158,-999.0757309261692,-2096.4863053315344,-534.1756470986059,-0.341690,-0.020873,6316.9,6303.7,0.375021,0.243306,0.000000,3.2574,1.0000,,,,,
11.6400,1778836344.206439,970,38.150436,8.034251,0.417987,3.3606,-0.3427,-0.214613,38.141546,8.008897,0.412371,3.3328,38.170670,8.038435,0.416505,3.2826,-0.3565,-0.271197,0.849350,-0.5280,38.170670,8.038435,0.307236,5.0000,-0.000000,-0.236439,3214.7824,0,1,clay,1.0000,0.500000,0,0,0.000000,0.000000,0.000000,0,nan,0.00,-1.000000,0.9759,0.0005,-0.528000,1.5442,0.44,5.28,6.17,5.34,5.008897,23.6271,-1.6672,0.008000,0.149550,0.6953,0.040235,0.032424,0.089801,-2514.496599353571,-1090.942412031026,-2096.8596643019046,-494.1207504576349,-0.338774,-0.018151,6316.8,6303.8,0.375201,0.227497,0.000000,3.2774,1.0000,,,,,
11.6520,1778836344.218354,971,38.217174,8.045516,0.406018,3.3583,-0.3507,-0.217326,38.181399,8.017758,0.409775,3.3437,38.237575,8.049423,0.404525,3.2982,-0.3660,-0.272910,0.842725,-0.5280,38.237575,8.049423,0.295215,5.0000,0.000000,-0.079390,3124.0248,0,1,clay,1.0000,0.500000,0,0,0.000000,0.000000,0.000000,0,nan,0.00,-1.000000,0.9770,0.0005,-0.528000,1.5432,0.44,5.28,6.15,5.27,5.017758,23.4784,-1.6563,0.008000,0.042466,-0.0916,0.048175,0.027817,0.091545,-2501.2259315540464,-819.7704534246245,-2094.134671133578,-457.99630801781154,-0.335727,-0.015783,6318.2,6302.4,0.372737,0.225524,-0.000000,3.2931,1.0000,,,,,
11.6640,1778836344.230325,972,38.178740,8.014000,0.403046,3.3051,-0.3354,-0.220974,38.221466,8.026415,0.407131,3.3540,38.199155,8.017800,0.401543,3.3006,-0.3709,-0.274613,0.841974,-0.5280,38.199155,8.017800,0.292925,5.0000,-0.000000,-0.003754,2973.4327,0,1,clay,1.0000,0.500000,0,0,0.000000,0.000000,0.000000,0,nan,0.00,-1.000000,0.9781,0.0005,-0.528000,1.5432,0.43,5.27,6.14,5.25,5.026415,23.3269,-1.6460,0.008000,0.043488,0.3425,0.042145,0.022673,0.090994,-2190.7913996712614,-1699.6323064046474,-2091.6048774606697,-448.96094290893774,-0.333238,-0.015198,6318.6,6302.0,0.371978,0.241492,0.000000,3.2954,1.0000,,,,,
11.6760,1778836344.242332,973,38.296053,8.054073,0.401760,3.3300,-0.3618,-0.217837,38.261676,8.034998,0.404515,3.3650,38.316519,8.057798,0.400252,3.3073,-0.3795,-0.275624,0.842543,-0.5280,38.316519,8.057798,0.290949,5.0000,0.000000,-0.084968,2945.2900,0,1,clay,1.0000,0.500000,0,0,0.000000,0.000000,0.000000,0,nan,0.00,-1.000000,0.9792,0.0005,-0.528000,1.5422,0.43,5.27,6.14,5.27,5.034998,23.1770,-1.6350,0.008000,0.136372,0.0343,0.033939,0.029977,0.095919,-2739.5306885078207,-870.3468728887495,-2088.8113560045545,-417.41997185164286,-0.330311,-0.012848,6318.6,6302.0,0.372024,0.236517,-0.000000,3.3021,1.0000,,,,,
11.6880,1778836344.254502,974,38.324133,8.008861,0.403155,3.3218,-0.3386,-0.216153,38.302080,8.043473,0.401920,3.3792,38.344686,8.012612,0.401638,3.3110,-0.3826,-0.276329,0.834190,-0.5280,38.344686,8.012612,0.293482,5.0000,-0.000000,-0.379877,2897.3748,0,1,clay,1.0000,0.500000,0,0,0.000000,0.000000,0.000000,0,nan,0.00,-1.000000,0.9802,0.0004,-0.528000,1.5376,0.44,5.27,6.16,5.27,5.043473,23.0283,-1.6208,0.008000,0.036812,0.4689,0.030140,0.024527,0.095221,-2302.285593960964,-867.7472173536225,-2085.383257875637,-405.5501274268367,-0.329322,-0.012152,6320.6,6300.0,0.368556,0.239759,0.000000,3.3059,1.0000,,,,,
11.7000,1778836344.266443,975,38.336134,8.019519,0.401391,3.4129,-0.3293,-0.215806,38.342671,8.051835,0.399328,3.3914,38.356815,8.023273,0.399871,3.3318,-0.3835,-0.276947,0.836017,-0.5280,38.356815,8.023273,0.292118,5.0000,0.000000,-0.265637,2964.3556,0,1,clay,1.0000,0.500000,0,0,0.000000,0.000000,0.000000,0,nan,0.00,-1.000000,0.9811,0.0004,-0.528000,1.5344,0.44,5.26,6.15,5.20,5.051835,22.8798,-1.6086,0.008000,0.149735,0.6088,0.019424,0.025803,0.097758,-2991.8748381739542,-754.0962974718719,-2089.503124744948,-403.78407511815857,-0.330105,-0.012036,6319.7,6300.9,0.370166,0.209161,-0.000000,3.3266,1.0000,,,,,
11.7120,1778836344.278474,976,38.425401,7.966182,0.389069,3.3660,-0.3945,-0.220645,38.383488,8.059964,0.396657,3.4015,38.446183,7.969613,0.387544,3.3394,-0.3953,-0.278097,0.831999,-0.5280,38.446183,7.969613,0.280895,5.0000,0.000000,-0.275049,2628.6898,0,1,clay,1.0000,0.500000,0,0,0.000000,0.000000,0.000000,0,nan,0.00,-1.000000,0.9821,0.0004,-0.528000,1.5311,0.45,5.26,6.15,5.24,5.059964,22.7268,-1.5985,0.008000,0.101633,-0.2284,0.016690,0.013848,0.097595,-2110.2002846789874,-1042.794878314672,-2085.52697237584,-350.0372636154923,-0.326147,-0.008676,6320.8,6299.7,0.368080,0.222498,0.000000,3.3342,1.0000,,,,,
11.7240,1778836344.290465,977,38.434091,8.050168,0.391312,3.4402,-0.3467,-0.227195,38.424490,8.067916,0.393926,3.4128,38.454996,8.053666,0.389773,3.3598,-0.3968,-0.280234,0.825637,-0.5280,38.454996,8.053666,0.282026,5.0000,-0.000000,-0.447403,2784.3778,0,1,clay,1.0000,0.500000,0,0,0.000000,0.000000,0.000000,0,nan,0.00,-1.000000,0.9829,0.0004,-0.528000,1.5258,0.45,5.27,6.16,5.31,5.067916,22.5703,-1.5872,0.008000,0.023656,0.0621,0.014156,0.004015,0.096747,-2532.4147982495583,133.6183092002014,-2085.7825756036455,-346.154791573113,-0.325892,-0.009352,6322.4,6298.1,0.365297,0.207726,0.000000,3.3548,1.0000,,,,,
11.7360,1778836344.302385,978,38.601508,8.082495,0.391599,3.5207,-0.2951,-0.232874,38.465701,8.075669,0.391127,3.4253,38.622622,8.086100,0.390040,3.3919,-0.3893,-0.283080,0.819137,-0.5280,38.622622,8.086100,0.282636,5.0000,0.000000,-0.491865,2897.9640,0,1,clay,1.0000,0.500000,0,0,0.000000,0.000000,0.000000,0,nan,0.00,-1.000000,0.9837,0.0004,-0.528000,1.5199,0.45,5.29,6.19,5.42,5.075669,22.4099,-1.5747,0.008000,0.200891,0.2758,0.039304,0.037246,0.101153,-2127.658180639464,-28.638703146066348,-2086.118116927099,-392.8847594392978,-0.328932,-0.013352,6323.8,6296.7,0.362897,0.194531,-0.000000,3.3869,1.0000,,,,,
11.7480,1778836344.314476,979,38.479146,8.017150,0.376349,3.4519,-0.3560,-0.234295,38.507039,8.083315,0.388337,3.4326,38.500510,8.020427,0.374765,3.4045,-0.3938,-0.285692,0.814207,-0.5280,38.500510,8.020427,0.268803,5.0000,-0.000000,-0.509314,2551.5586,0,1,clay,1.0000,0.500000,0,0,0.000000,0.000000,0.000000,0,nan,0.00,-1.000000,0.9845,0.0003,-0.528000,1.5137,0.45,5.30,6.20,5.32,5.083315,22.2501,-1.5674,0.008000,0.085704,-0.7469,0.031904,0.039816,0.101527,-2512.165302614828,-505.43676916758164,-2083.4843529136215,-395.08524925018594,-0.327137,-0.013258,6325.0,6295.6,0.360848,0.211291,0.000000,3.3995,1.0000,,,,,
11.7600,1778836344.326332,980,38.549520,8.006662,0.392943,3.4562,-0.4107,-0.239687,38.548559,8.090764,0.385482,3.4417,38.570925,8.010212,0.391342,3.4154,-0.4067,-0.288480,0.804454,-0.5280,38.570925,8.010212,0.286319,5.0000,-0.000000,-0.424565,2722.4466,0,1,clay,1.0000,0.500000,0,0,0.000000,0.000000,0.000000,0,nan,0.00,-1.000000,0.9853,0.0003,-0.528000,1.5086,0.45,5.30,6.20,5.36,5.090764,22.0865,-1.5583,0.008000,0.101729,0.9001,0.027929,0.032718,0.101594,-2446.801142266837,-607.3542620745329,-2075.8788782604834,-342.93949357904216,-0.322304,-0.010598,6327.4,6293.1,0.356589,0.207694,-0.000000,3.4104,1.0000,,,,,
11.7720,1778836344.338350,981,38.572609,8.152544,0.392951,3.4730,-0.3767,-0.242111,38.590276,8.098025,0.382551,3.4548,38.594124,8.156072,0.391331,3.4275,-0.4113,-0.291174,0.802919,-0.5280,38.594124,8.156072,0.283609,5.0000,1.000000,-0.607499,2813.9255,0,1,clay,1.0000,0.500000,0,0,0.000000,0.000000,0.000000,0,nan,0.00,-0.977273,0.9860,0.0003,-0.516000,1.5014,0.45,5.29,6.18,5.18,5.098025,21.9185,-1.5452,0.008000,0.088362,1.0811,0.037794,0.031724,0.100168,-2400.7829408616185,-444.7673404528114,-2073.8877891646976,-337.7392850919216,-0.320257,-0.010610,6328.0,6292.6,0.355680,0.200144,-0.000000,3.4226,1.0000,,,,,
11.7840,1778836344.350439,982,38.622292,8.153160,0.376397,3.4272,-0.4508,-0.248415,38.632175,8.105144,0.379579,3.4664,38.643826,8.156213,0.374772,3.4284,-0.4249,-0.291028,0.792335,-0.5098,38.643826,8.156213,0.266684,5.0000,-1.000000,-0.733866,2647.1106,0,1,clay,1.0000,0.500000,0,0,0.000000,0.000000,0.000000,0,nan,0.00,-1.000000,0.9866,0.0003,-0.528000,1.4925,0.44,5.29,6.18,5.32,5.105144,21.7483,-1.5336,0.008000,0.051854,0.2124,0.031954,0.020012,0.099117,-2429.176166317825,-402.13212742109096,-1982.3700712281734,-273.23560056851295,-0.301547,-0.007069,6330.4,6290.2,0.351501,0.214674,1.000000,3.4235,1.0000,,,,,
11.7960,1778836344.362395,983,38.656904,8.090534,0.382091,3.4389,-0.3781,-0.247697,38.674255,8.112085,0.376574,3.4756,38.678460,8.093666,0.380440,3.4313,-0.4289,-0.297017,0.780871,-0.5342,38.678460,8.093666,0.273893,5.0000,0.000000,-0.708883,2535.9585,0,1,clay,1.0000,0.500000,0,0,0.000000,0.000000,0.000000,0,nan,0.00,-1.000000,0.9873,0.0003,-0.528000,1.4840,0.44,5.29,6.18,5.30,5.112085,21.5761,-1.5244,0.008000,0.034586,0.4633,0.031988,0.021961,0.097225,-2667.074749698766,-636.1027463506263,-2215.0395232464152,-287.5059086670322,-0.312268,-0.008248,6333.1,6287.5,0.346784,0.212972,-1.000000,3.4264,1.0000,,,,,
11.8080,1778836344.374336,984,38.725042,8.155626,0.377259,3.5240,-0.3595,-0.254097,38.716485,8.118841,0.373532,3.4840,38.746713,8.158683,0.375590,3.4501,-0.4257,-0.299429,0.772750,-0.5280,38.746713,8.158683,0.268155,5.0000,0.000000,-0.761489,2603.5571,0,1,clay,1.0000,0.500000,0,0,0.000000,0.000000,0.000000,0,nan,0.00,-1.000000,0.9879,0.0003,-0.528000,1.4749,0.44,5.28,6.16,5.22,5.118841,21.4018,-1.5160,0.008000,0.083513,0.2912,0.029975,0.024651,0.095743,-2359.3582208031794,-1064.1292976493114,-2053.5883013909906,-307.55246335038277,-0.312694,-0.010812,6335.2,6285.4,0.343129,0.194252,0.000000,3.4453,1.0000,,,,,
11.8200,1778836344.386386,985,38.698851,8.086551,0.366151,3.4768,-0.3846,-0.259021,38.758897,8.125409,0.370434,3.4961,38.720615,8.089336,0.364459,3.4562,-0.4280,-0.302611,0.765616,-0.5280,38.720615,8.089336,0.258427,5.0000,0.000000,-0.834123,2381.0224,0,1,clay,1.0000,0.500000,0,0,0.000000,0.000000,0.000000,0,nan,0.00,-1.000000,0.9885,0.0003,-0.528000,1.4649,0.45,5.27,6.16,5.22,5.125409,21.2243,-1.5039,0.008000,0.111577,0.3676,0.028873,0.031940,0.094585,-2724.3787297940144,-593.6525299523811,-2049.15178160829,-321.74164374995087,-0.310723,-0.011960,6336.9,6283.7,0.340123,0.196391,0.000000,3.4514,1.0000,,,,,
11.8320,1778836344.398451,986,38.749451,8.147110,0.362816,3.4030,-0.4437,-0.260926,38.801490,8.131850,0.367305,3.5083,38.771184,8.149698,0.361108,3.4467,-0.4398,-0.305274,0.755717,-0.5280,38.771184,8.149698,0.253442,5.0000,-0.000000,-0.754358,2429.7918,0,1,clay,1.0000,0.500000,0,0,0.000000,0.000000,0.000000,0,nan,0.00,-1.000000,0.9890,0.0002,-0.528000,1.4558,0.45,5.28,6.17,5.30,5.131850,21.0450,-1.4917,0.008000,0.065312,0.0611,-0.000352,0.018648,0.093531,-2816.607541902789,-978.208559368323,-2043.4031902275447,-288.91644472232036,-0.304934,-0.009796,6339.3,6281.3,0.335948,0.212643,0.000000,3.4420,1.0000,,,,,
11.8440,1778836344.410414,987,38.886609,8.206315,0.367236,3.5839,-0.3999,-0.259966,38.844221,8.138168,0.364196,3.5166,38.908519,8.209024,0.365511,3.4741,-0.4422,-0.307812,0.743646,-0.5280,38.908519,8.209024,0.257553,5.0000,0.000000,-0.656509,2504.6909,0,1,clay,1.0000,0.500000,0,0,0.000000,0.000000,0.000000,0,nan,0.00,-1.000000,0.9896,0.0002,-0.528000,1.4480,0.45,5.28,6.17,5.27,5.138168,20.8669,-1.4834,0.008000,0.107013,0.3154,-0.004340,0.008439,0.092162,-2830.7051426480343,-1017.7326583464917,-2035.107684195641,-273.6893269228856,-0.304877,-0.010313,6342.5,6278.1,0.330403,0.173506,-0.000000,3.4695,1.0000,,,,,
11.8560,1778836344.422323,988,38.902916,8.163965,0.360709,3.5633,-0.3877,-0.259015,38.887106,8.144327,0.361065,3.5279,38.924906,8.166551,0.358977,3.4921,-0.4418,-0.309489,0.726509,-0.5280,38.924906,8.166551,0.252327,5.0000,0.000000,-0.822991,2368.9283,0,1,clay,1.0000,0.500000,0,0,0.000000,0.000000,0.000000,0,nan,0.00,-1.000000,0.9901,0.0002,-0.528000,1.4381,0.44,5.26,6.14,5.18,5.144327,20.6875,-1.4721,0.008000,0.111895,0.8315,0.001708,0.011954,0.092866,-2964.008326574255,-534.114702993103,-2025.5257980227973,-288.8984177019625,-0.305310,-0.011324,6347.0,6273.6,0.322565,0.178929,0.000000,3.4876,1.0000,,,,,
11.8680,1778836344.434335,989,38.924083,8.134487,0.358732,3.5243,-0.3735,-0.272428,38.930180,8.150215,0.357853,3.5361,38.946037,8.137019,0.356984,3.4991,-0.4388,-0.312703,0.712391,-0.5280,38.946037,8.137019,0.251121,5.0000,0.000000,-0.795781,2353.7033,0,1,clay,1.0000,0.500000,0,0,0.000000,0.000000,0.000000,0,nan,0.00,-1.000000,0.9905,0.0002,-0.528000,1.4285,0.44,5.26,6.13,5.21,5.150215,20.5034,-1.4639,0.008000,0.073708,-0.2155,-0.001141,0.024910,0.093680,-2649.910139550877,-784.9569499204839,-2016.8819616047977,-317.2331549380028,-0.304813,-0.014211,6350.3,6270.3,0.316776,0.189586,0.000000,3.4947,1.0000,,,,,
11.8800,1778836344.448002,990,38.944758,8.239571,0.361859,3.5648,-0.2875,-0.307898,38.973481,8.155631,0.354414,3.5396,38.966742,8.242216,0.360057,3.5124,-0.4215,-0.320968,0.666360,-0.5280,38.966742,8.242216,0.252485,5.0000,0.000000,-0.639772,2483.1309,0,1,clay,1.0000,0.500000,0,0,0.000000,0.000000,0.000000,0,nan,0.00,-1.000000,0.9910,0.0002,-0.528000,1.4209,0.43,5.27,6.14,5.32,5.155631,20.3064,-1.4604,0.008000,0.033371,-0.0203,0.000462,0.048588,0.088213,-2464.497671489713,-1181.8347526781047,-1994.1221600599085,-407.13531283691276,-0.306444,-0.024579,6362.0,6258.6,0.296375,0.179793,0.000000,3.5083,1.0000,,,,,
11.8920,1778836344.458482,991,38.997643,8.091693,0.349994,3.5436,-0.3903,-0.300592,39.016983,8.160671,0.350816,3.5540,39.019856,8.094022,0.348143,3.5193,-0.4258,-0.326920,0.668992,-0.5280,39.019856,8.094022,0.243605,5.0000,-0.000000,-0.689243,2172.0987,0,1,clay,1.0000,0.500000,0,0,0.000000,0.000000,0.000000,0,nan,0.00,-1.000000,0.9914,0.0002,-0.528000,1.4126,0.45,5.26,6.16,5.26,5.160671,20.1002,-1.4460,0.008000,0.107497,0.2478,0.007539,0.057095,0.085276,-2502.265178777932,-1293.9871168726295,-1994.6394012691217,-461.5082111569916,-0.302732,-0.026577,6361.5,6259.0,0.297125,0.184990,0.000000,3.5151,1.0000,,,,,
11.9040,1778836344.470409,992,39.087980,8.158847,0.352874,3.4488,-0.3538,-0.284332,39.060583,8.165875,0.347428,3.5672,39.110081,8.161211,0.351013,3.5065,-0.4225,-0.328527,0.671212,-0.5280,39.110081,8.161211,0.244754,5.0000,0.000000,-0.640655,2331.5379,0,1,clay,1.0000,0.500000,0,0,0.000000,0.000000,0.000000,0,nan,0.00,-1.000000,0.9918,0.0002,-0.528000,1.4049,0.44,5.29,6.18,5.43,5.165875,19.9062,-1.4328,0.008000,0.060785,0.1224,-0.007058,0.066209,0.092271,-1884.2713978625789,-735.3769528494026,-1996.3332768246178,-547.1961977576342,-0.301868,-0.028808,6360.9,6259.7,0.298237,0.208899,-0.000000,3.5023,1.0000,,,,,
11.9160,1778836344.482392,993,39.049108,8.264055,0.340322,3.6510,-0.4020,-0.276160,39.104290,8.171129,0.344137,3.5801,39.071565,8.266170,0.338445,3.5353,-0.4289,-0.329584,0.673507,-0.5280,39.071565,8.266170,0.230662,5.0000,0.000000,-0.675877,2314.9384,0,1,clay,1.0000,0.500000,0,0,0.000000,0.000000,0.000000,0,nan,0.00,-1.000000,0.9922,0.0002,-0.528000,1.3968,0.45,5.30,6.20,5.36,5.171129,19.7176,-1.4199,0.008000,0.081344,-0.3051,0.003692,0.055442,0.092699,-2390.3533787603483,-657.9650341816188,-1995.7948293186619,-499.0570958548508,-0.301767,-0.026878,6360.4,6260.2,0.299130,0.163962,0.000000,3.5311,1.0000,,,,,
11.9280,1778836344.494408,994,39.182700,8.157632,0.336763,3.5133,-0.3834,-0.274759,39.148151,8.176275,0.340838,3.5901,39.205158,8.159651,0.334885,3.5318,-0.4304,-0.329545,0.661297,-0.5280,39.205158,8.159651,0.229126,5.0000,1.000000,-0.738768,2134.5038,0,1,clay,1.0000,0.500000,0,0,0.000000,0.000000,0.000000,0,nan,0.00,-0.977273,0.9926,0.0002,-0.516000,1.3879,0.45,5.30,6.19,5.28,5.176275,19.5286,-1.4099,0.008000,0.110652,0.1469,-0.005085,0.050764,0.090774,-2169.8273265213033,-172.56554863887595,-1992.9076940169725,-513.9461003452535,-0.301121,-0.026425,6363.4,6257.1,0.293836,0.197046,0.000000,3.5276,1.0000,,,,,
11.9400,1778836344.506399,995,39.075980,8.182674,0.343179,3.5984,-0.3603,-0.277489,39.192167,8.181253,0.337498,3.6002,39.098449,8.184896,0.341311,3.5454,-0.4248,-0.327009,0.651758,-0.5098,39.098449,8.184896,0.235558,5.0000,1.000000,-0.572961,2209.6488,0,1,clay,1.0000,0.500000,0,0,0.000000,0.000000,0.000000,0,nan,0.00,-0.954545,0.9930,0.0002,-0.504000,1.3811,0.44,5.30,6.19,5.31,5.181253,19.3372,-1.3998,0.008000,0.050693,0.7219,0.019045,0.063058,0.093980,-2232.710449335048,-530.5501301024551,-1965.5466394863606,-513.8444523561311,-0.290592,-0.027451,6365.8,6254.8,0.289792,0.175149,1.000000,3.5413,1.0000,,,,,
11.9520,1778836344.518368,996,39.272821,8.184864,0.333333,3.6457,-0.4356,-0.285498,39.236337,8.185971,0.334076,3.6078,39.295482,8.186839,0.331457,3.5656,-0.4337,-0.326649,0.646203,-0.4978,39.295482,8.186839,0.226092,5.0000,1.000000,-0.669947,2117.4214,0,1,clay,1.0000,0.500000,0,0,0.000000,0.000000,0.000000,0,nan,0.00,-0.931818,0.9933,0.0001,-0.492000,1.3730,0.45,5.30,6.19,5.29,5.185971,19.1411,-1.3922,0.008000,0.061818,-0.0800,0.013069,0.054023,0.099558,-2367.9660613744354,-1129.5232821593308,-1980.4672830067125,-443.7456293585736,-0.275784,-0.024856,6367.4,6253.1,0.286889,0.165064,1.000000,3.5615,1.0000,,,,,
11.9640,1778836344.530653,997,39.231172,8.141029,0.337091,3.5938,-0.3591,-0.293035,39.280672,8.190372,0.330544,3.6159,39.253860,8.143123,0.335205,3.5717,-0.4270,-0.326783,0.635133,-0.4858,39.253860,8.143123,0.230979,5.0000,1.000000,-0.690163,2084.5181,0,1,clay,1.0000,0.500000,0,0,0.000000,0.000000,0.000000,0,nan,0.00,-0.909091,0.9936,0.0001,-0.480000,1.3647,0.45,5.30,6.20,5.31,5.190372,18.9388,-1.3841,0.008000,0.081284,0.5193,0.002994,0.054758,0.093340,-2765.3268121266465,-1131.834103754087,-1985.8413340494303,-484.3400561926452,-0.264235,-0.027692,6370.1,6250.5,0.282267,0.177368,1.000000,3.5678,1.0000,,,,,
11.9760,1778836344.542418,998,39.356911,8.200816,0.328310,3.5978,-0.3983,-0.294561,39.325154,8.194620,0.327009,3.6273,39.379634,8.202695,0.326419,3.5775,-0.4279,-0.326681,0.625429,-0.4738,39.379634,8.202695,0.221000,5.0000,1.000000,-0.649885,2111.9534,0,1,clay,1.0000,0.500000,0,0,0.000000,0.000000,0.000000,0,nan,0.00,-0.886364,0.9939,0.0001,-0.468000,1.3569,0.44,5.29,6.17,5.22,5.194620,18.7362,-1.3727,0.008000,0.057759,0.1487,0.003224,0.047481,0.091682,-2732.9498369926705,-817.3447794840939,-1989.1149923175344,-485.1531948074215,-0.250508,-0.027986,6372.5,6248.1,0.278035,0.176634,1.000000,3.5736,1.0000,,,,,
11.9880,1778836344.554479,999,39.318646,8.163725,0.318143,3.7124,-0.3710,-0.311334,39.369807,8.198524,0.323321,3.6344,39.341540,8.165408,0.316229,3.6043,-0.4237,-0.329099,0.625432,-0.4618,39.341540,8.165408,0.212191,5.0000,-1.000000,-0.619089,2018.5876,0,1,clay,1.0000,0.500000,0,0,0.000000,0.000000,0.000000,0,nan,0.00,-0.909091,0.9942,0.0001,-0.480000,1.3495,0.45,5.31,6.21,5.44,5.198524,18.5249,-1.3656,0.008000,0.115696,-0.5625,0.021433,0.036544,0.091223,-2396.5520442714833,-962.0748980719351,-2015.5521045251314,-458.35029979440947,-0.238523,-0.031056,6372.6,6248.0,0.277926,0.149747,1.000000,3.6005,1.0000,,,,,
