t,terrain,n_true,throttle_cmd,steer_cmd,u,v,omega,ax,ay,wheel_omega_fl,wheel_omega_fr,wheel_omega_rl,wheel_omega_rr,steering_angle
0.0000,sand,0.908,0.350,0.0000,0.0400,-0.0899,0.0001,-0.6831,-0.0061,-0.0170,-0.0170,-0.0170,-0.0170,0.0000
0.0120,sand,0.908,0.350,0.0063,-0.0034,0.0306,-0.0010,-0.5981,0.0072,-0.0292,-0.0292,-0.0292,-0.0292,0.0000
0.0240,sand,0.908,0.350,0.0126,0.0459,0.0168,-0.0026,-0.2838,0.0089,-0.0056,-0.0056,-0.0056,-0.0056,0.0032
0.0360,sand,0.908,0.350,0.0188,-0.0349,-0.0530,-0.0036,-0.0987,0.0220,0.0153,0.0153,0.0153,0.0153,0.0079
0.0480,sand,0.908,0.350,0.0251,0.0814,0.0089,-0.0024,0.1264,-0.0265,0.0226,0.0226,0.0226,0.0226,0.0113
0.0600,sand,0.908,0.350,0.0313,-0.0079,0.0693,-0.0030,1.0015,-0.0234,-0.0170,-0.0170,-0.0170,-0.0170,0.0134
0.0720,sand,0.908,0.350,0.0376,-0.0170,-0.0442,-0.0018,0.0578,-0.0277,-0.0174,-0.0174,-0.0174,-0.0174,0.0164
0.0840,sand,0.908,0.350,0.0438,-0.0179,-0.0560,-0.0017,-0.1539,0.0266,-0.0075,-0.0075,-0.0075,-0.0075,0.0200
0.0960,sand,0.908,0.350,0.0499,0.0149,-0.0273,0.0003,-0.0908,0.0813,-0.0018,-0.0018,-0.0019,-0.0019,0.0230
0.1080,sand,0.908,0.350,0.0561,-0.0298,-0.0610,-0.0008,0.0140,-0.0277,-0.0001,-0.0001,-0.0001,-0.0001,0.0260
0.1200,sand,0.908,0.350,0.0622,-0.0379,-0.0685,0.0001,0.0625,-0.0236,-0.0053,-0.0053,-0.0053,-0.0053,0.0289
0.1320,sand,0.908,0.350,0.0682,0.0351,0.0390,-0.0009,-0.0869,0.2165,-0.0065,-0.0065,-0.0065,-0.0065,0.0322
0.1440,sand,0.908,0.350,0.0743,0.0010,-0.0413,-0.0007,0.2760,-0.1266,-0.0110,-0.0110,-0.0110,-0.0110,0.0366
0.1560,sand,0.908,0.350,0.0802,-0.0567,0.0180,-0.0005,-0.0677,0.0711,-0.0157,-0.0157,-0.0157,-0.0157,0.0387
0.1680,sand,0.908,0.350,0.0862,0.0875,0.0294,-0.0010,0.0216,0.0419,-0.0223,-0.0223,-0.0223,-0.0223,0.0416
0.1800,sand,0.908,0.350,0.0920,0.0010,0.0404,-0.0020,-0.0018,-0.0123,-0.0302,-0.0302,-0.0302,-0.0302,0.0447
0.1920,sand,0.908,0.350,0.0978,-0.0589,-0.0197,-0.0030,0.0207,-0.0610,-0.0360,-0.0360,-0.0360,-0.0360,0.0478
0.2040,sand,0.908,0.350,0.1036,0.0135,-0.0781,-0.0006,0.0353,-0.0025,-0.0440,-0.0440,-0.0440,-0.0440,0.0508
0.2160,sand,0.908,0.350,0.1093,0.0629,0.0639,-0.0005,0.0323,0.3491,-0.0523,-0.0522,-0.0523,-0.0523,0.0548
0.2280,sand,0.908,0.350,0.1149,0.0049,0.0693,0.0005,0.0141,0.0031,-0.0652,-0.0652,-0.0652,-0.0652,0.0581
0.2400,sand,0.908,0.350,0.1204,0.0363,-0.0210,0.0007,0.0519,-0.0418,-0.0781,-0.0781,-0.0781,-0.0781,0.0594
0.2520,sand,0.908,0.350,0.1259,-0.0706,0.0227,-0.0009,0.0049,0.2976,-0.0907,-0.0907,-0.0907,-0.0907,0.0608
0.2640,sand,0.908,0.350,0.1313,0.0168,-0.0779,-0.0018,0.0018,0.0100,-0.1066,-0.1066,-0.1066,-0.1066,0.0648
0.2760,sand,0.908,0.350,0.1366,-0.0802,0.0306,-0.0045,0.0552,0.0549,-0.1229,-0.1229,-0.1229,-0.1229,0.0684
0.2880,sand,0.908,0.350,0.1418,-0.0319,0.0102,0.0008,0.0606,0.0676,-0.1427,-0.1427,-0.1427,-0.1427,0.0697
0.3000,sand,0.908,0.350,0.1469,-0.0613,0.0033,-0.0018,0.0103,-0.0174,-0.1654,-0.1654,-0.1654,-0.1654,0.0722
0.3120,sand,0.908,0.350,0.1520,-0.0667,-0.0097,-0.0013,-0.1216,-0.0533,-0.1803,-0.1803,-0.1803,-0.1803,0.0759
0.3240,sand,0.908,0.350,0.1569,-0.0142,0.0146,-0.0012,0.0208,-0.0542,-0.2023,-0.2023,-0.2023,-0.2023,0.0805
0.3360,sand,0.908,0.350,0.1618,0.0938,0.0024,0.0002,0.0082,0.0632,-0.2280,-0.2280,-0.2280,-0.2280,0.0829
0.3480,sand,0.908,0.350,0.1665,0.0196,0.0924,-0.0005,0.0068,0.0631,-0.2533,-0.2533,-0.2533,-0.2533,0.0839
0.3600,sand,0.908,0.350,0.1711,0.0067,-0.0258,-0.0001,-0.0740,0.2069,-0.2802,-0.2801,-0.2801,-0.2801,0.0857
0.3720,sand,0.908,0.350,0.1757,-0.0097,0.0161,-0.0003,0.0081,-0.0941,-0.3086,-0.3085,-0.3085,-0.3085,0.0888
0.3840,sand,0.908,0.350,0.1801,-0.0653,0.0814,-0.0016,0.0345,-0.3311,-0.3301,-0.3301,-0.3301,-0.3301,0.0928
0.3960,sand,0.908,0.350,0.1844,0.0400,0.0560,0.0010,-0.0038,0.4234,-0.3707,-0.3707,-0.3707,-0.3707,0.0955
0.4080,sand,0.908,0.350,0.1886,0.0339,0.0797,-0.0008,-0.0197,0.1204,-0.3983,-0.3983,-0.3983,-0.3983,0.0966
0.4200,sand,0.908,0.350,0.1926,0.0423,0.1475,-0.0001,0.0110,0.0209,-0.4413,-0.4413,-0.4413,-0.4413,0.0980
0.4320,sand,0.908,0.350,0.1966,0.0363,0.1481,-0.0017,0.1955,-1.3939,-0.3268,-0.4080,-0.4430,-0.3746,0.0999
0.4440,sand,0.908,0.350,0.2004,-0.0232,0.0295,-0.0014,1.0299,-1.2656,-0.4736,-0.0059,-0.3255,-0.5211,0.1014
0.4560,sand,0.908,0.350,0.2041,0.0389,0.0021,0.0043,2.8473,0.8818,-0.4398,0.5272,-0.5618,-0.5482,0.1026
0.4680,sand,0.908,0.350,0.2076,0.0845,0.0079,0.0064,1.3219,-0.6672,-0.1969,0.2361,-0.5263,-0.6007,0.1012
0.4800,sand,0.908,0.350,0.2111,0.0872,0.0193,0.0038,1.3846,-0.5200,-0.1441,-0.0322,-0.3375,-0.4435,0.1000
0.4920,sand,0.908,0.350,0.2144,0.1280,0.0365,0.0018,1.5746,-0.9061,-0.0456,-0.0664,-0.2687,-0.2865,0.1013
0.5040,sand,0.908,0.350,0.2175,0.1965,-0.0311,-0.0005,1.3272,-0.8030,-0.1084,-0.0473,-0.0835,-0.2562,0.1039
0.5160,sand,0.908,0.350,0.2206,0.1344,-0.0695,-0.0010,0.2302,-1.0556,0.1125,-0.2459,0.6074,-1.1486,0.1054
0.5280,sand,0.908,0.350,0.2235,0.1931,-0.0678,-0.0051,0.3674,1.0980,0.5255,-0.9971,0.6586,-1.6108,0.1043
0.5400,sand,0.908,0.350,0.2262,0.0746,0.0098,-0.0055,-1.6880,0.2375,0.3898,-1.0432,0.4175,-0.5174,0.1042
0.5520,sand,0.908,0.350,0.2288,0.0536,0.0133,0.0031,-6.2566,-1.0719,0.1292,-0.8788,0.3801,-0.5725,0.1053
0.5640,sand,0.908,0.350,0.2313,0.0878,0.0290,-0.0075,-2.1417,1.1289,0.3311,-0.2120,0.1825,-0.1591,0.1059
0.5760,sand,0.908,0.350,0.2336,-0.0247,-0.1189,-0.0028,-3.9468,-1.5803,0.1523,-0.0871,0.1655,0.1386,0.1060
0.5880,sand,0.908,0.350,0.2357,0.0555,-0.0656,0.0015,-2.4622,0.0101,0.1006,0.0087,0.1891,0.1704,0.1092
0.6000,sand,0.908,0.350,0.2378,0.0454,-0.1591,0.0010,-1.9189,0.3123,-0.0798,0.4787,0.1192,0.1373,0.1109
0.6120,sand,0.908,0.350,0.2396,-0.0133,0.0076,-0.0042,-1.2664,0.1533,0.1027,0.3241,0.1664,-0.0307,0.1127
0.6240,sand,0.908,0.350,0.2413,-0.0169,-0.0176,-0.0013,-0.8885,-0.1006,0.2470,0.0982,0.0803,-0.0387,0.1163
0.6360,sand,0.908,0.350,0.2429,-0.0227,0.0274,-0.0036,-0.5094,0.0208,0.2703,-0.0021,-0.1103,-0.0421,0.1190
0.6480,sand,0.908,0.350,0.2443,0.0068,-0.0075,-0.0014,-0.0261,0.0308,-0.0393,0.0120,-0.0172,-0.3135,0.1185
0.6600,sand,0.908,0.350,0.2456,-0.0315,-0.0581,-0.0063,-0.0076,-0.3152,-0.4492,0.1237,-0.0707,-0.3715,0.1191
0.6720,sand,0.908,0.350,0.2467,-0.0608,0.0148,-0.0069,0.8230,0.0072,-0.8388,0.1784,0.1006,-0.5214,0.1222
0.6840,sand,0.908,0.350,0.2476,0.0346,-0.0652,-0.0060,0.0407,0.2084,-0.9959,0.0743,-0.2242,-0.6134,0.1239
0.6960,sand,0.908,0.350,0.2484,-0.0254,0.0044,-0.0041,0.0563,-0.3960,-1.1196,-0.0400,-0.1582,-0.7847,0.1239
0.7080,sand,0.908,0.350,0.2490,0.0016,-0.0263,-0.0107,-0.0844,0.0740,-1.2340,-0.1545,-0.2245,-0.9126,0.1235
0.7200,sand,0.908,0.350,0.2495,0.0331,-0.0209,-0.0095,-0.1026,0.0222,-1.3397,-0.2601,-0.3302,-1.0183,0.1240
0.7320,sand,0.908,0.350,0.2498,-0.1006,-0.0252,-0.0092,-0.1071,0.0074,-1.4378,-0.3582,-0.5693,-1.0747,0.1249
0.7440,sand,0.908,0.350,0.2500,-0.0231,-0.0038,-0.0076,-0.0939,-0.1528,-1.5555,-0.4760,-0.2109,-1.3734,0.1255
0.7560,sand,0.908,0.350,0.2500,-0.0062,-0.0254,-0.0085,0.0924,-0.4763,-1.7015,-0.6529,0.2595,-2.0262,0.1257
0.7680,sand,0.908,0.350,0.2498,0.0171,-0.0816,-0.0065,0.0920,0.0282,-1.8640,-0.8154,0.6523,-2.7174,0.1257
0.7800,sand,0.908,0.350,0.2495,-0.0232,0.0819,-0.0068,0.1806,0.0131,-2.0202,-0.9717,0.8153,-3.1595,0.1257
0.7920,sand,0.908,0.350,0.2490,-0.0350,-0.0935,-0.0011,0.0105,-0.2297,-2.2011,-1.1525,0.4910,-2.7519,0.1259
0.8040,sand,0.908,0.350,0.2484,-0.0048,-0.0141,0.0004,0.6634,0.5956,-2.4725,-1.3741,-0.1309,-0.9990,0.1261
0.8160,sand,0.908,0.350,0.2476,0.0775,-0.0921,0.0049,1.2084,-0.1630,-2.8288,-1.6408,-0.0949,-0.5571,0.1260
0.8280,sand,0.908,0.350,0.2467,0.0153,0.0030,0.0082,0.7382,1.3149,-3.1804,-1.9093,-0.1858,0.0579,0.1256
0.8400,sand,0.908,0.350,0.2456,0.0372,-0.0736,0.0011,0.7065,0.2037,-3.5164,-2.1545,-0.0180,-0.1302,0.1254
0.8520,sand,0.908,0.350,0.2443,-0.0112,-0.0218,0.0073,1.0233,0.5864,-3.8080,-2.3409,-0.0443,0.0041,0.1250
0.8640,sand,0.908,0.350,0.2429,0.0635,-0.0619,0.0020,0.7920,0.0880,-4.0491,-2.2613,-0.0746,0.0105,0.1247
0.8760,sand,0.908,0.350,0.2413,0.0350,0.0083,-0.0051,1.4059,0.1123,-4.2850,-1.5594,-0.0554,-0.0544,0.1247
0.8880,sand,0.908,0.350,0.2396,0.0575,0.0534,-0.0032,2.0758,2.4296,-4.8755,-0.1254,0.2405,-0.2947,0.1255
0.9000,sand,0.908,0.350,0.2378,0.1526,0.0801,0.0113,0.2096,2.3515,-4.9654,0.4983,0.1295,-0.3743,0.1258
0.9120,sand,0.908,0.350,0.2357,0.1020,0.0534,0.0186,0.7533,-0.3368,-4.1469,-0.2503,0.0678,-0.3126,0.1203
0.9240,sand,0.908,0.350,0.2336,0.0773,0.0788,0.0169,2.0856,0.4696,-2.9943,-0.0590,0.0868,-0.4316,0.1157
0.9360,sand,0.908,0.350,0.2313,0.1389,0.2122,0.0264,1.0611,0.5211,-1.7395,-0.7365,-0.0531,-0.4823,0.1143
0.9480,sand,0.908,0.350,0.2288,0.1365,0.1291,0.0290,2.4859,0.1934,-0.7370,-0.4689,-0.2393,-0.5175,0.1123
0.9600,sand,0.908,0.350,0.2262,0.2542,0.0411,0.0292,0.4080,-0.3907,-0.2693,-0.4518,-0.1337,-0.5559,0.1115
0.9720,sand,0.908,0.350,0.2235,0.1771,0.0101,0.0265,-0.8335,-1.0902,-0.1298,-0.5113,-0.1232,-0.6461,0.1118
0.9840,sand,0.908,0.350,0.2206,0.2643,0.1235,0.0230,0.1300,0.0382,-0.4657,-0.2268,-0.0322,-0.4482,0.1111
0.9960,sand,0.908,0.350,0.2175,0.0995,0.0854,0.0235,-1.7457,0.3863,-0.5738,-0.1824,0.0114,-0.6348,0.1089
1.0080,sand,0.908,0.350,0.2144,0.1384,0.0292,0.0174,0.0280,-0.2051,-0.4390,-0.2674,0.0620,-0.6528,0.1062
1.0200,sand,0.908,0.350,0.2111,0.1886,0.0369,0.0141,1.6458,-0.6796,-0.3587,-0.4350,-0.1119,-0.4377,0.1048
1.0320,sand,0.908,0.350,0.2076,0.2372,0.0563,0.0103,-0.8152,0.7467,-0.1931,-0.4716,-0.4504,-0.4801,0.1038
1.0440,sand,0.908,0.350,0.2041,0.1460,0.0089,0.0085,-0.7401,0.3852,-0.1886,-0.5179,-0.2683,-0.4788,0.1030
1.0560,sand,0.908,0.350,0.2004,0.2148,-0.0149,0.0111,-0.4698,0.3332,-0.2856,-0.5441,0.0219,-0.4801,0.1022
1.0680,sand,0.908,0.350,0.1966,0.0542,-0.0049,0.0160,0.8177,0.4247,-0.3086,-0.5296,0.0021,-0.5230,0.1008
1.0800,sand,0.908,0.350,0.1926,0.1197,0.0489,0.0203,0.0709,0.7208,-0.3024,-0.5093,-0.1429,-0.5289,0.0988
1.0920,sand,0.908,0.350,0.1886,0.1157,-0.0256,0.0207,-0.1093,0.1097,-0.4597,-0.6157,-0.0766,-0.6069,0.0970
1.1040,sand,0.908,0.350,0.1844,0.0711,0.0605,0.0235,1.1583,0.7695,-0.4142,-0.7023,-0.0110,-0.5893,0.0945
1.1160,sand,0.908,0.350,0.1801,0.1988,0.0205,0.0292,-0.0942,0.0977,-0.5261,-0.9081,-0.0482,-0.6342,0.0932
1.1280,sand,0.908,0.350,0.1757,0.0829,0.1348,0.0310,-0.6498,0.5386,-0.5188,-1.1462,-0.1827,-0.5852,0.0914
1.1400,sand,0.908,0.350,0.1711,0.1303,0.0906,0.0374,1.1507,0.3319,-0.5767,-0.9006,-0.2408,-0.5971,0.0888
1.1520,sand,0.908,0.350,0.1665,0.0804,0.0877,0.0373,1.0965,-0.0614,-0.6332,-0.8193,-0.1671,-0.6746,0.0855
1.1640,sand,0.908,0.350,0.1618,0.1731,-0.0042,0.0357,-0.0613,0.0222,-0.6088,-1.4550,0.0202,-0.7579,0.0824
1.1760,sand,0.908,0.350,0.1569,0.2464,0.0411,0.0377,0.0469,-0.2971,-0.5810,-1.6700,-0.4348,-0.4846,0.0800
1.1880,sand,0.908,0.350,0.1520,0.1627,0.0237,0.0432,0.8175,-0.5819,-0.4262,-1.3334,-0.3417,-0.5802,0.0770
1.2000,sand,0.908,0.350,0.1469,0.2816,0.0903,0.0355,1.5229,-0.1038,-0.6075,-1.1829,-0.2903,-0.7481,0.0745
1.2120,sand,0.908,0.350,0.1418,0.2095,0.0690,0.0299,0.4186,0.1131,-0.6373,-1.2724,-0.3346,-0.8329,0.0725
1.2240,sand,0.908,0.350,0.1366,0.2369,0.1108,0.0300,1.0647,0.2706,-0.7070,-1.3725,-0.2493,-0.8639,0.0708
1.2360,sand,0.908,0.350,0.1313,0.1665,0.0783,0.0314,1.1026,0.2077,-0.7315,-1.3132,-0.7307,-0.5035,0.0683
1.2480,sand,0.908,0.350,0.1259,0.1956,0.1049,0.0333,0.2508,0.4536,-0.9104,-1.4141,-0.6942,-0.6548,0.0658
1.2600,sand,0.908,0.350,0.1204,0.2536,0.0131,0.0298,1.2626,0.3240,-0.7060,-1.4953,-0.7303,-0.5943,0.0630
1.2720,sand,0.908,0.350,0.1149,0.3205,0.0881,0.0266,0.8704,-0.8017,-0.7071,-1.5179,-0.6956,-0.8037,0.0602
1.2840,sand,0.908,0.350,0.1093,0.2801,-0.0074,0.0307,0.6288,-0.0677,-0.8434,-1.5728,-0.7242,-0.9643,0.0573
1.2960,sand,0.908,0.350,0.1036,0.3518,-0.0161,0.0287,2.2859,0.5531,-0.7482,-1.5331,-0.8426,-0.7534,0.0550
1.3080,sand,0.908,0.350,0.0978,0.3232,0.0182,0.0298,1.0692,-0.1816,-0.9127,-1.7509,-0.9622,-0.7974,0.0521
1.3200,sand,0.908,0.350,0.0920,0.3541,0.0575,0.0272,1.7184,0.0163,-0.9226,-1.7792,-0.8389,-1.0681,0.0495
1.3320,sand,0.908,0.350,0.0862,0.4585,0.1609,0.0313,2.5154,0.5684,-1.0183,-1.7799,-0.6614,-1.0077,0.0470
1.3440,sand,0.908,0.350,0.0802,0.4506,-0.0544,0.0313,1.4607,0.8079,-1.0123,-2.0033,-0.6015,-1.1149,0.0440
1.3560,sand,0.908,0.350,0.0743,0.3600,0.0069,0.0347,0.9257,-0.0310,-1.0640,-2.0440,-0.6928,-1.1326,0.0409
1.3680,sand,0.908,0.350,0.0682,0.4507,0.1533,0.0290,2.4371,-0.4272,-1.0976,-1.9078,-0.7787,-1.1526,0.0378
1.3800,sand,0.908,0.350,0.0622,0.4944,0.0094,0.0301,1.4203,-0.4823,-1.0886,-1.8331,-0.9051,-1.1949,0.0342
1.3920,sand,0.908,0.350,0.0561,0.4551,0.0425,0.0258,0.1098,-0.8995,-1.2473,-2.0313,-0.8842,-1.3323,0.0317
1.4040,sand,0.908,0.350,0.0499,0.4470,0.1147,0.0277,2.0695,-0.7596,-1.0081,-2.6242,-0.9425,-1.3842,0.0295
1.4160,sand,0.908,0.350,0.0438,0.3967,-0.0118,0.0236,0.0800,-0.2506,-1.1296,-3.0119,-1.1370,-1.0521,0.0259
1.4280,sand,0.908,0.350,0.0376,0.4361,0.0857,0.0204,0.7918,-0.0968,-1.2680,-3.0594,-1.2311,-1.1533,0.0227
1.4400,sand,0.908,0.350,0.0313,0.5567,0.0870,0.0235,2.2710,-0.3204,-1.3298,-2.9531,-1.2170,-1.2361,0.0197
1.4520,sand,0.908,0.350,0.0251,0.5876,-0.0472,0.0216,2.0344,-0.2564,-1.3497,-2.8019,-1.2970,-1.2024,0.0168
1.4640,sand,0.908,0.350,0.0188,0.5452,0.0935,0.0225,0.7308,-0.0461,-1.2709,-3.1422,-1.1899,-1.3674,0.0141
1.4760,sand,0.908,0.350,0.0126,0.6217,0.0033,0.0190,1.0471,-0.3823,-1.3814,-3.4759,-1.3295,-1.3329,0.0111
1.4880,sand,0.908,0.350,0.0063,0.6451,-0.0307,0.0262,0.7658,-0.2128,-1.5089,-3.3091,-1.3338,-1.5334,0.0078
1.5000,sand,0.908,0.350,0.0000,0.5124,0.0244,0.0245,1.9068,-0.6164,-1.4285,-3.4390,-1.5061,-1.2825,0.0043
1.5120,sand,0.908,0.350,-0.0063,0.6326,-0.0324,0.0196,2.6314,0.0414,-1.5752,-3.4841,-1.4945,-1.4415,0.0013
1.5240,sand,0.908,0.350,-0.0126,0.6005,-0.0242,0.0211,0.7597,0.1510,-1.4418,-3.6947,-1.3557,-1.5551,-0.0016
1.5360,sand,0.908,0.350,-0.0188,0.7529,0.0716,0.0147,1.0961,-0.3363,-1.6941,-3.6750,-1.3166,-1.6965,-0.0045
1.5480,sand,0.908,0.350,-0.0251,0.6299,-0.0034,0.0200,1.8804,-0.1195,-1.7051,-3.4820,-1.5156,-1.7802,-0.0071
1.5600,sand,0.908,0.350,-0.0313,0.6929,-0.0535,0.0169,1.5545,-0.0000,-1.7194,-3.7214,-1.7468,-1.7905,-0.0112
1.5720,sand,0.908,0.350,-0.0376,0.6969,0.1686,0.0145,1.8413,0.4394,-1.7475,-3.9133,-1.6694,-1.7492,-0.0149
1.5840,sand,0.908,0.350,-0.0438,0.6662,0.0203,0.0104,1.2603,-0.4334,-1.8636,-4.0212,-1.7098,-1.6993,-0.0175
1.5960,sand,0.908,0.350,-0.0499,0.7722,0.0466,0.0135,1.7194,0.2607,-2.3091,-3.5864,-1.5815,-1.9347,-0.0192
1.6080,sand,0.908,0.350,-0.0561,0.7879,-0.0398,0.0162,1.2061,-0.8764,-2.3267,-4.1208,-1.6712,-1.9210,-0.0234
1.6200,sand,0.908,0.350,-0.0622,0.8131,-0.0563,0.0158,2.6206,0.5258,-2.2054,-4.0793,-1.7806,-1.8706,-0.0277
1.6320,sand,0.908,0.350,-0.0682,0.8423,0.0166,0.0108,1.8218,-0.1098,-2.1210,-4.2065,-1.7688,-1.9890,-0.0308
1.6440,sand,0.908,0.350,-0.0743,0.7729,-0.0227,0.0118,0.7520,-0.2146,-2.3621,-4.1827,-1.8006,-2.1187,-0.0331
1.6560,sand,0.908,0.350,-0.0802,0.8742,0.0491,0.0136,1.8159,-0.0973,-2.4369,-4.4458,-1.9735,-2.0267,-0.0354
1.6680,sand,0.908,0.350,-0.0862,0.8422,-0.0156,0.0110,1.8778,0.1386,-2.5032,-4.4994,-1.8746,-2.2959,-0.0383
1.6800,sand,0.908,0.350,-0.0920,0.8910,0.1406,0.0111,1.6761,0.6910,-2.6527,-4.3851,-2.0489,-2.4077,-0.0416
1.6920,sand,0.908,0.350,-0.0978,0.8635,0.0373,0.0094,1.7006,-0.2221,-2.7909,-4.3947,-2.0544,-2.5581,-0.0449
1.7040,sand,0.908,0.350,-0.1036,1.0156,0.0018,0.0120,1.7566,0.3184,-3.1129,-4.2042,-1.9984,-2.5103,-0.0475
1.7160,sand,0.908,0.350,-0.1093,1.0344,0.1090,0.0104,1.7589,0.5400,-2.9055,-4.3812,-2.0576,-2.5349,-0.0505
1.7280,sand,0.908,0.350,-0.1149,0.9673,-0.0790,0.0045,1.3050,-0.2437,-2.8081,-4.5339,-2.1722,-2.6788,-0.0539
1.7400,sand,0.908,0.350,-0.1204,0.9701,0.0711,0.0040,2.1189,-0.1359,-2.9032,-4.5709,-2.2759,-2.6986,-0.0567
1.7520,sand,0.908,0.350,-0.1259,0.9819,0.0573,0.0028,1.5320,0.1698,-3.1340,-4.7395,-2.2053,-2.7674,-0.0583
1.7640,sand,0.908,0.350,-0.1313,0.9766,-0.0013,0.0022,1.4735,0.2080,-3.1995,-4.7790,-2.3193,-2.8970,-0.0605
1.7760,sand,0.908,0.350,-0.1366,0.9911,0.0064,0.0044,2.0340,0.3832,-3.2803,-4.8706,-2.4335,-2.9479,-0.0640
1.7880,sand,0.908,0.350,-0.1418,1.0716,0.0283,-0.0013,2.4098,-0.5795,-3.1949,-5.0758,-2.4030,-2.9575,-0.0672
1.8000,sand,0.908,0.350,-0.1469,1.0756,0.0136,-0.0002,1.6426,-0.4546,-3.0462,-5.2504,-2.4644,-3.0721,-0.0702
1.8120,sand,0.908,0.350,-0.1520,1.1255,0.1039,0.0003,1.7275,-0.5442,-2.9951,-5.2921,-2.4629,-3.2162,-0.0725
1.8240,sand,0.908,0.350,-0.1569,1.1425,-0.1056,-0.0004,1.7750,-0.0454,-3.0780,-5.3646,-2.5368,-3.2931,-0.0742
1.8360,sand,0.908,0.350,-0.1618,1.1101,0.0539,0.0002,1.9663,-0.2720,-2.9804,-5.5512,-2.6644,-3.3329,-0.0765
1.8480,sand,0.908,0.350,-0.1665,1.1868,0.0034,-0.0059,1.6639,0.1097,-3.2681,-5.6006,-2.8052,-3.1720,-0.0791
1.8600,sand,0.908,0.350,-0.1711,1.3263,-0.0352,-0.0060,1.7014,-0.4032,-3.3618,-5.8236,-2.6948,-3.2693,-0.0816
1.8720,sand,0.908,0.350,-0.1757,1.2131,-0.0112,-0.0066,1.7924,-0.1861,-3.3722,-6.0252,-2.8283,-3.1944,-0.0842
1.8840,sand,0.908,0.350,-0.1801,1.2389,0.0830,-0.0049,1.6857,-0.2403,-3.4360,-6.0665,-2.7459,-3.3245,-0.0861
1.8960,sand,0.908,0.350,-0.1844,1.2411,-0.0272,-0.0032,1.6029,-0.5019,-3.5697,-6.0040,-2.8186,-3.4050,-0.0876
1.9080,sand,0.908,0.350,-0.1886,1.1880,0.0125,-0.0054,1.8599,0.1021,-3.5476,-6.0700,-3.0443,-3.2729,-0.0898
1.9200,sand,0.908,0.350,-0.1926,1.3133,-0.1318,-0.0031,1.5961,-0.2293,-3.7898,-6.1233,-3.0631,-3.3084,-0.0924
1.9320,sand,0.908,0.350,-0.1966,1.2257,0.1079,-0.0050,1.6019,-0.0437,-3.8550,-6.3237,-3.0100,-3.3503,-0.0948
1.9440,sand,0.908,0.350,-0.2004,1.3693,-0.0800,-0.0069,1.7775,-0.3130,-3.8969,-6.4688,-2.9786,-3.4689,-0.0966
1.9560,sand,0.908,0.350,-0.2041,1.3513,0.0701,-0.0042,1.4827,-0.5664,-3.8951,-6.4646,-3.0613,-3.5911,-0.0978
1.9680,sand,0.908,0.350,-0.2076,1.3861,-0.0172,-0.0054,1.7312,-0.0467,-3.9017,-6.4035,-3.1408,-3.5953,-0.0996
1.9800,sand,0.908,0.350,-0.2111,1.3428,-0.0103,-0.0049,1.7233,-0.2757,-3.9813,-6.4697,-3.2934,-3.6329,-0.1017
1.9920,sand,0.908,0.350,-0.2144,1.4815,0.0144,-0.0100,1.7473,-0.1165,-4.1067,-6.5687,-3.2801,-3.6807,-0.1037
2.0040,sand,0.908,0.350,-0.2175,1.3518,-0.0063,-0.0097,1.7490,-0.1022,-4.0859,-6.7082,-3.2555,-3.7754,-0.1054
2.0160,sand,0.908,0.350,-0.2206,1.5449,-0.0428,-0.0090,1.5652,-0.6674,-4.0225,-6.7164,-3.2852,-3.8883,-0.1069
2.0280,sand,0.908,0.350,-0.2235,1.4410,-0.0907,-0.0115,1.8612,-0.2299,-4.0178,-6.6292,-3.4295,-3.8957,-0.1081
2.0400,sand,0.908,0.350,-0.2262,1.5371,0.0508,-0.0141,1.6378,0.0439,-4.1749,-6.5732,-3.5763,-3.8876,-0.1094
2.0520,sand,0.908,0.350,-0.2288,1.5422,-0.0191,-0.0164,1.5847,-0.1608,-4.3088,-6.7507,-3.5850,-3.9120,-0.1108
2.0640,sand,0.908,0.350,-0.2313,1.5628,-0.0459,-0.0172,1.4516,-0.1294,-4.2874,-6.7905,-3.4374,-4.0272,-0.1123
2.0760,sand,0.908,0.350,-0.2336,1.5165,-0.1353,-0.0146,1.5945,-0.3584,-4.2526,-6.7421,-3.5857,-4.0193,-0.1137
2.0880,sand,0.908,0.350,-0.2357,1.5822,-0.0201,-0.0185,1.6314,-0.0179,-4.3368,-6.6418,-3.7361,-4.0052,-0.1147
2.1000,sand,0.908,0.350,-0.2378,1.6735,-0.1212,-0.0197,1.7776,-0.3777,-4.4976,-6.5920,-3.7616,-4.0852,-0.1152
2.1120,sand,0.908,0.350,-0.2396,1.6465,-0.0510,-0.0207,1.4390,-0.5922,-4.5137,-6.7659,-3.7077,-4.1314,-0.1162
2.1240,sand,0.908,0.350,-0.2413,1.6334,0.1154,-0.0204,1.8332,-0.2982,-4.4616,-6.7731,-3.7646,-4.1705,-0.1177
2.1360,sand,0.908,0.350,-0.2429,1.7485,-0.1493,-0.0229,1.6539,-0.2437,-4.5031,-6.6838,-3.9263,-4.2265,-0.1188
2.1480,sand,0.908,0.350,-0.2443,1.8322,-0.1105,-0.0271,1.6367,-0.2462,-4.5056,-6.6749,-3.9591,-4.2827,-0.1193
2.1600,sand,0.908,0.350,-0.2456,1.6426,-0.0504,-0.0311,1.4155,-0.3792,-4.5254,-6.8201,-3.9204,-4.3763,-0.1198
2.1720,sand,0.908,0.350,-0.2467,1.7191,-0.0270,-0.0292,1.3241,-0.1740,-4.5790,-6.7776,-3.9626,-4.4151,-0.1204
2.1840,sand,0.908,0.350,-0.2476,1.7095,0.0212,-0.0299,1.6732,-0.0269,-4.6068,-6.6697,-4.1395,-4.4146,-0.1208
2.1960,sand,0.908,0.350,-0.2484,1.7788,-0.0247,-0.0315,1.7302,0.0899,-4.6364,-6.6787,-4.1457,-4.4148,-0.1211
2.2080,sand,0.908,0.350,-0.2490,1.8748,-0.0470,-0.0364,1.5133,-0.6303,-4.6519,-6.8573,-4.0565,-4.5643,-0.1218
2.2200,sand,0.908,0.350,-0.2495,1.7239,-0.0717,-0.0352,1.4892,-0.1534,-4.7099,-6.7789,-4.1168,-4.5678,-0.1224
2.2320,sand,0.908,0.350,-0.2498,1.8192,-0.0088,-0.0380,1.5056,0.1080,-4.8704,-6.5465,-4.2504,-4.5774,-0.1221
2.2440,sand,0.908,0.350,-0.2500,1.8141,-0.0425,-0.0389,1.9636,-0.3709,-4.8783,-6.5700,-4.2967,-4.6100,-0.1218
2.2560,sand,0.908,0.350,-0.2500,1.8576,-0.0416,-0.0389,1.5031,-0.3521,-4.9504,-6.6203,-4.2454,-4.7150,-0.1223
2.2680,sand,0.908,0.350,-0.2498,1.9450,-0.0367,-0.0384,1.5615,0.1716,-5.0255,-6.4217,-4.3630,-4.7155,-0.1226
2.2800,sand,0.908,0.350,-0.2495,1.9285,-0.0078,-0.0406,1.6975,0.0143,-5.1803,-6.2463,-4.4887,-4.7051,-0.1223
2.2920,sand,0.908,0.350,-0.2490,1.8705,-0.0519,-0.0416,1.1984,-0.1442,-5.3302,-6.3475,-4.4317,-4.7685,-0.1220
2.3040,sand,0.908,0.350,-0.2484,1.9451,-0.0892,-0.0442,1.7145,-0.6235,-5.2671,-6.3757,-4.4056,-4.8589,-0.1221
2.3160,sand,0.908,0.350,-0.2476,2.0686,-0.0439,-0.0434,1.4489,-0.0748,-5.2711,-6.2484,-4.5671,-4.8736,-0.1222
2.3280,sand,0.908,0.350,-0.2467,2.0519,-0.0434,-0.0457,1.5180,-0.1162,-5.3213,-6.1933,-4.6319,-4.9004,-0.1215
2.3400,sand,0.908,0.350,-0.2456,2.0374,-0.0864,-0.0473,1.4951,-0.6554,-5.2815,-6.3185,-4.5253,-5.0587,-0.1207
2.3520,sand,0.908,0.350,-0.2443,1.9863,-0.0795,-0.0497,1.5451,-0.0667,-5.2852,-6.2466,-4.6691,-5.0670,-0.1202
2.3640,sand,0.908,0.350,-0.2429,2.0594,-0.0964,-0.0479,1.6008,0.0780,-5.3197,-6.1990,-4.8031,-5.0437,-0.1193
2.3760,sand,0.908,0.350,-0.2413,2.0512,-0.0249,-0.0512,1.7833,-0.5054,-5.2328,-6.4423,-4.6818,-5.1852,-0.1186
2.3880,sand,0.908,0.350,-0.2396,2.1273,-0.0717,-0.0529,1.3502,0.0443,-5.2358,-6.6128,-4.7594,-5.2103,-0.1182
2.4000,sand,0.908,0.350,-0.2378,2.0507,-0.0516,-0.0552,1.5771,0.0478,-5.2599,-6.5551,-4.8527,-5.1490,-0.1175
2.4120,sand,0.908,0.350,-0.2357,2.0928,-0.0613,-0.0565,1.4619,-0.2869,-5.3035,-6.6534,-4.8445,-5.2272,-0.1158
2.4240,sand,0.908,0.350,-0.2336,2.1532,-0.0575,-0.0521,1.2781,0.1332,-5.3820,-6.8278,-4.8161,-5.2548,-0.1142
2.4360,sand,0.908,0.350,-0.2313,2.2606,-0.1125,-0.0519,1.4574,-0.0724,-5.3940,-6.8280,-4.9342,-5.2330,-0.1133
2.4480,sand,0.908,0.350,-0.2288,2.1620,-0.0661,-0.0521,1.4035,-0.0332,-5.4778,-6.8416,-4.9303,-5.2338,-0.1121
2.4600,sand,0.908,0.350,-0.2262,2.1500,-0.1030,-0.0512,1.3816,-0.3147,-5.5237,-6.8820,-4.9295,-5.2977,-0.1109
2.4720,sand,0.908,0.350,-0.2235,2.1228,-0.0601,-0.0535,1.2665,-0.1293,-5.4871,-6.9013,-5.0362,-5.3194,-0.1101
2.4840,sand,0.908,0.350,-0.2206,2.1286,-0.0976,-0.0531,1.4397,-0.0209,-5.5681,-6.8574,-5.0717,-5.3498,-0.1085
2.4960,sand,0.908,0.350,-0.2175,2.2255,-0.0864,-0.0529,1.2806,-0.4126,-5.5855,-6.9119,-5.0620,-5.4435,-0.1064
2.5080,sand,0.908,0.350,-0.2144,2.1825,-0.1180,-0.0542,1.3710,-0.2712,-5.5235,-6.9151,-5.1458,-5.4964,-0.1050
2.5200,sand,0.908,0.350,-0.2111,2.1736,-0.1364,-0.0534,1.3510,-0.1020,-5.5383,-6.8836,-5.1450,-5.5724,-0.1038
2.5320,sand,0.908,0.350,-0.2076,2.3077,-0.0550,-0.0539,1.4537,-0.4899,-5.5342,-6.9165,-5.1473,-5.6708,-0.1019
2.5440,sand,0.908,0.350,-0.2041,2.3062,-0.1039,-0.0525,1.1813,0.1416,-5.5875,-6.8511,-5.2847,-5.6863,-0.0997
2.5560,sand,0.908,0.350,-0.2004,2.2408,-0.0866,-0.0536,1.1668,0.2362,-5.6713,-6.7468,-5.3355,-5.6642,-0.0975
2.5680,sand,0.908,0.350,-0.1966,2.3533,-0.0635,-0.0533,1.6287,-0.3540,-5.6533,-6.8415,-5.2837,-5.7696,-0.0960
2.5800,sand,0.908,0.350,-0.1926,2.3465,-0.0458,-0.0545,1.2889,-0.3332,-5.7218,-6.7927,-5.3982,-5.7248,-0.0950
2.5920,sand,0.908,0.350,-0.1886,2.4092,-0.1108,-0.0539,1.2204,-0.0788,-5.8675,-6.7334,-5.3669,-5.7398,-0.0927
2.6040,sand,0.908,0.350,-0.1844,2.4104,-0.1423,-0.0541,1.1299,-0.2886,-5.7631,-6.8804,-5.4512,-5.7530,-0.0899
2.6160,sand,0.908,0.350,-0.1801,2.4184,-0.0495,-0.0520,0.8786,0.4808,-5.9480,-6.7954,-5.5194,-5.7383,-0.0878
2.6280,sand,0.908,0.350,-0.1757,2.4052,-0.1467,-0.0534,1.4378,0.2493,-6.0812,-6.7794,-5.5186,-5.6517,-0.0858
2.6400,sand,0.908,0.350,-0.1711,2.3811,-0.1191,-0.0527,1.0533,-0.0887,-6.0890,-6.8860,-5.5236,-5.7804,-0.0837
2.6520,sand,0.908,0.350,-0.1665,2.3587,-0.1419,-0.0516,1.5824,-0.0157,-6.2749,-6.7872,-5.6034,-5.7660,-0.0815
2.6640,sand,0.908,0.350,-0.1618,2.4188,-0.0200,-0.0525,1.1035,-0.2258,-6.3258,-6.8612,-5.5470,-5.8001,-0.0793
2.6760,sand,0.908,0.350,-0.1569,2.4218,-0.1804,-0.0512,1.2982,0.0802,-6.3277,-6.9058,-5.6272,-5.9105,-0.0774
2.6880,sand,0.908,0.350,-0.1520,2.4845,-0.0584,-0.0538,1.2129,-0.1901,-6.4869,-6.7959,-5.6744,-5.9251,-0.0747
2.7000,sand,0.908,0.350,-0.1469,2.4341,-0.0238,-0.0497,1.0944,-0.1185,-6.4769,-6.8810,-5.6273,-6.0671,-0.0718
2.7120,sand,0.908,0.350,-0.1418,2.4523,-0.0508,-0.0507,1.2298,-0.1548,-6.4650,-6.8861,-5.7464,-6.0384,-0.0697
2.7240,sand,0.908,0.350,-0.1366,2.5672,-0.0758,-0.0508,1.1575,-0.1472,-6.4719,-6.8706,-5.7341,-6.0914,-0.0679
2.7360,sand,0.908,0.350,-0.1313,2.5009,0.0134,-0.0506,1.2547,0.0945,-6.4231,-6.9669,-5.7665,-6.2293,-0.0653
2.7480,sand,0.908,0.350,-0.1259,2.5133,-0.1500,-0.0518,1.2849,0.1413,-6.4167,-6.9279,-5.8415,-6.1809,-0.0624
2.7600,sand,0.908,0.350,-0.1204,2.6646,-0.0726,-0.0522,0.9788,-0.2919,-6.3808,-6.9925,-5.8254,-6.2153,-0.0594
2.7720,sand,0.908,0.350,-0.1149,2.4755,-0.1086,-0.0508,1.2826,0.0740,-6.4288,-7.0607,-5.8809,-6.2458,-0.0571
2.7840,sand,0.908,0.350,-0.1093,2.5440,-0.0946,-0.0500,1.1648,0.0137,-6.4549,-6.9009,-5.9437,-6.2722,-0.0546
2.7960,sand,0.908,0.350,-0.1036,2.5777,-0.0880,-0.0483,1.3223,0.1771,-6.4663,-6.9489,-5.9556,-6.3276,-0.0517
2.8080,sand,0.908,0.350,-0.0978,2.6617,-0.1194,-0.0465,1.2818,0.2722,-6.5725,-6.7759,-6.0217,-6.3417,-0.0489
2.8200,sand,0.908,0.350,-0.0920,2.5604,-0.1075,-0.0431,0.9693,-0.0997,-6.6207,-6.8249,-5.9706,-6.3757,-0.0459
2.8320,sand,0.908,0.350,-0.0862,2.5883,-0.1755,-0.0450,1.2736,-0.0929,-6.5645,-7.0291,-6.0493,-6.3877,-0.0440
2.8440,sand,0.908,0.350,-0.0802,2.6262,-0.0035,-0.0476,0.9390,0.0199,-6.5546,-6.9909,-6.0939,-6.3778,-0.0415
2.8560,sand,0.908,0.350,-0.0743,2.6491,-0.0247,-0.0432,1.7675,0.0000,-6.5272,-7.1423,-6.1093,-6.4316,-0.0369
2.8680,sand,0.908,0.350,-0.0682,2.7825,-0.0449,-0.0439,1.1448,0.2351,-6.5501,-7.2590,-6.1385,-6.4351,-0.0340
2.8800,sand,0.908,0.350,-0.0622,2.7390,-0.0910,-0.0432,1.0737,-0.1415,-6.5253,-7.3466,-6.0709,-6.4860,-0.0318
2.8920,sand,0.908,0.350,-0.0561,2.6890,-0.0687,-0.0432,1.0917,-0.0107,-6.5291,-7.5076,-6.1146,-6.5548,-0.0286
2.9040,sand,0.908,0.350,-0.0499,2.7257,-0.0287,-0.0387,1.0105,0.1298,-6.5724,-7.4605,-6.1359,-6.5405,-0.0242
2.9160,sand,0.908,0.350,-0.0438,2.7227,-0.0921,-0.0395,0.9371,0.1989,-6.6266,-7.5088,-6.1467,-6.5421,-0.0206
2.9280,sand,0.908,0.350,-0.0376,2.7437,-0.0755,-0.0347,1.0464,0.0227,-6.7335,-7.4520,-6.2229,-6.5733,-0.0181
2.9400,sand,0.908,0.350,-0.0313,2.7618,-0.0273,-0.0321,0.9631,-0.2695,-6.7918,-7.4230,-6.2265,-6.6130,-0.0157
2.9520,sand,0.908,0.350,-0.0251,2.7109,-0.0364,-0.0316,0.6989,0.2787,-6.8618,-7.4165,-6.2371,-6.6810,-0.0123
2.9640,sand,0.908,0.350,-0.0188,2.7770,-0.0414,-0.0305,0.9456,-0.1015,-6.8800,-7.3528,-6.3691,-6.6406,-0.0091
2.9760,sand,0.908,0.350,-0.0126,2.7147,-0.0626,-0.0273,1.2253,0.2436,-6.8607,-7.4476,-6.6099,-6.5895,-0.0064
2.9880,sand,0.908,0.350,-0.0063,2.8236,-0.0532,-0.0283,1.1331,0.0055,-6.8216,-7.3471,-6.8185,-6.7028,-0.0039
3.0000,sand,0.908,0.350,0.0000,2.8330,-0.0052,-0.0269,1.0930,0.6785,-6.7995,-7.2712,-7.0881,-6.8725,-0.0005
3.0120,sand,0.908,0.350,0.0063,2.8187,-0.0776,-0.0263,1.2565,0.2902,-6.7418,-7.2250,-7.3612,-6.9989,0.0032
3.0240,sand,0.908,0.350,0.0126,2.8387,0.0183,-0.0241,1.6664,0.0010,-6.7110,-7.1429,-7.0487,-7.1903,0.0065
3.0360,sand,0.908,0.350,0.0188,2.7764,-0.0221,-0.0237,1.4232,-0.0380,-6.6153,-7.2765,-7.0304,-7.2539,0.0092
3.0480,sand,0.908,0.350,0.0251,2.8989,0.0326,-0.0223,1.3498,0.3006,-6.7068,-7.2153,-7.2007,-7.3948,0.0122
3.0600,sand,0.908,0.350,0.0313,2.8909,-0.1373,-0.0217,1.0140,-0.2459,-6.5761,-7.3252,-7.4807,-7.6369,0.0160
3.0720,sand,0.908,0.350,0.0376,2.9124,-0.0507,-0.0202,1.0377,0.2352,-6.5896,-7.1698,-7.7620,-7.9619,0.0194
3.0840,sand,0.908,0.350,0.0438,2.8816,-0.0804,-0.0195,0.8477,0.2242,-6.4673,-7.1340,-8.1630,-8.1836,0.0224
3.0960,sand,0.908,0.350,0.0499,2.9240,-0.0330,-0.0211,0.5448,0.6202,-6.4713,-6.9553,-8.6931,-8.2259,0.0255
3.1080,sand,0.908,0.350,0.0561,2.9381,0.0545,-0.0122,0.2260,0.0518,-6.3855,-6.8326,-9.1110,-8.3496,0.0287
3.1200,sand,0.908,0.350,0.0622,2.9770,0.0003,-0.0086,0.3484,0.2341,-6.3766,-6.7520,-9.1903,-8.5766,0.0319
3.1320,sand,0.908,0.350,0.0682,2.8846,0.1246,-0.0030,0.0316,-0.0445,-6.4018,-6.6963,-8.9728,-8.9855,0.0353
3.1440,sand,0.908,0.350,0.0743,2.9228,0.0321,-0.0014,0.2369,-0.1487,-6.3840,-6.7637,-8.2780,-9.6556,0.0383
3.1560,sand,0.908,0.350,0.0802,2.8358,0.0176,0.0038,0.1313,-0.1055,-6.5202,-6.8112,-6.4397,-10.7073,0.0411
3.1680,sand,0.908,0.350,0.0862,2.9368,-0.1561,0.0542,1.9829,1.3452,-6.4937,-7.1550,-6.0411,-10.5035,0.0437
3.1800,sand,0.908,0.350,0.0920,2.9933,-0.0668,0.0513,2.8929,2.6542,-6.9124,-7.5232,-6.6778,-7.0660,0.0466
3.1920,sand,0.908,0.350,0.0978,2.9411,-0.0846,0.0472,0.3762,-1.1105,-7.3081,-8.2097,-6.3264,-6.6746,0.0495
3.2040,sand,0.908,0.350,0.1036,2.9831,0.0215,0.0460,-0.2350,0.8033,-7.6566,-8.5575,-6.5044,-6.3877,0.0525
3.2160,sand,0.908,0.350,0.1093,3.0136,0.0184,0.0460,-0.0338,0.2205,-7.9256,-8.7780,-6.3799,-6.5663,0.0550
3.2280,sand,0.908,0.350,0.1149,2.9205,-0.0152,0.0457,0.4621,1.2205,-7.9346,-8.8627,-6.4541,-6.3495,0.0570
3.2400,sand,0.908,0.350,0.1204,3.0343,0.0024,0.0347,0.1681,0.9450,-8.0756,-8.9453,-6.2891,-6.3759,0.0596
3.2520,sand,0.908,0.350,0.1259,3.0062,0.1032,0.0369,0.4804,0.3995,-7.9916,-8.8839,-6.5229,-6.3026,0.0618
3.2640,sand,0.908,0.350,0.1313,2.9696,-0.0451,0.0347,0.5046,0.4380,-8.1562,-8.7681,-6.3622,-6.4246,0.0649
3.2760,sand,0.908,0.350,0.1366,3.0352,-0.0294,0.0347,0.7465,0.0733,-8.2099,-8.5788,-6.3907,-6.5075,0.0667
3.2880,sand,0.908,0.350,0.1418,3.0210,0.0559,0.0383,1.2783,0.0434,-8.3262,-8.3156,-6.4142,-6.4871,0.0683
3.3000,sand,0.908,0.350,0.1469,3.0545,-0.0044,0.0387,1.0976,0.2135,-8.2260,-8.0206,-6.5190,-6.6912,0.0706
3.3120,sand,0.908,0.350,0.1520,3.0180,0.0183,0.0410,1.4990,0.1786,-8.0990,-7.7902,-6.7055,-6.6768,0.0729
3.3240,sand,0.908,0.350,0.1569,3.0247,-0.0186,0.0424,1.4113,-0.0360,-7.9337,-7.5938,-6.5621,-6.9069,0.0751
3.3360,sand,0.908,0.350,0.1618,3.0206,0.0578,0.0442,1.2099,0.6183,-7.7619,-7.4936,-6.8874,-6.8354,0.0777
3.3480,sand,0.908,0.350,0.1665,3.0428,0.0375,0.0459,0.8720,0.2118,-7.5332,-7.4384,-7.2448,-6.9404,0.0799
3.3600,sand,0.908,0.350,0.1711,3.1417,0.0436,0.0460,1.0601,0.3982,-7.3426,-7.3887,-7.1563,-6.9316,0.0824
3.3720,sand,0.908,0.350,0.1757,3.1544,0.1095,0.0517,1.2119,0.6375,-7.2651,-7.4383,-7.2219,-7.0398,0.0850
3.3840,sand,0.908,0.350,0.1801,3.1176,0.0579,0.0531,0.9310,0.5541,-7.1427,-7.5196,-7.4940,-7.0386,0.0876
3.3960,sand,0.908,0.350,0.1844,3.2065,0.0040,0.0559,1.1416,0.3420,-7.1574,-7.6004,-7.4294,-7.0347,0.0900
3.4080,sand,0.908,0.350,0.1886,3.0812,0.0760,0.0582,0.8265,0.6648,-7.1418,-7.6066,-7.6577,-7.0523,0.0923
3.4200,sand,0.908,0.350,0.1926,3.0465,0.0678,0.0590,0.9383,0.3070,-7.1651,-7.6924,-7.7211,-7.0945,0.0946
3.4320,sand,0.908,0.350,0.1966,3.1012,0.0448,0.0640,1.0423,0.7240,-7.2042,-7.7067,-7.6699,-7.1146,0.0965
3.4440,sand,0.908,0.350,0.2004,3.1893,-0.0196,0.0603,0.7817,0.6468,-7.2028,-7.8473,-7.7475,-7.1920,0.0987
3.4560,sand,0.908,0.350,0.2041,3.1330,-0.0040,0.0628,1.0352,0.5051,-7.2464,-7.9092,-7.5933,-7.1677,0.1007
3.4680,sand,0.908,0.350,0.2076,3.1956,-0.0024,0.0599,0.9015,0.5573,-7.2678,-7.9950,-7.7016,-7.1916,0.1028
3.4800,sand,0.908,0.350,0.2111,3.2562,0.0260,0.0581,0.8968,0.5660,-7.3317,-8.1068,-7.5823,-7.2506,0.1047
3.4920,sand,0.908,0.350,0.2144,3.1769,0.1544,0.0571,0.8201,0.6659,-7.3111,-8.1713,-7.5666,-7.3627,0.1066
3.5040,sand,0.908,0.350,0.2175,3.1490,-0.0108,0.0573,0.9204,0.6347,-7.3986,-8.3428,-7.2975,-7.4489,0.1082
3.5160,sand,0.908,0.350,0.2206,3.2026,0.0718,0.0587,1.0422,1.0075,-7.3848,-8.3704,-7.4232,-7.3791,0.1097
3.5280,sand,0.908,0.350,0.2235,3.2863,0.0842,0.0559,1.1378,0.9414,-7.4530,-8.5426,-7.2341,-7.3652,0.1115
3.5400,sand,0.908,0.350,0.2262,3.2651,0.0084,0.0564,1.0959,0.8458,-7.4752,-8.5530,-7.2508,-7.3500,0.1137
3.5520,sand,0.908,0.350,0.2288,3.2488,0.0539,0.0560,1.2319,0.5350,-7.5704,-8.6423,-7.1382,-7.3089,0.1150
3.5640,sand,0.908,0.350,0.2313,3.2713,0.1160,0.0588,1.1961,0.1639,-7.5786,-8.6778,-7.1765,-7.3478,0.1160
3.5760,sand,0.908,0.350,0.2336,3.2346,0.0865,0.0562,0.8736,0.5524,-7.6353,-8.7744,-7.1328,-7.3621,0.1170
3.5880,sand,0.908,0.350,0.2357,3.3482,0.1491,0.0603,1.1051,0.7358,-7.6591,-8.6867,-7.2118,-7.3552,0.1184
3.6000,sand,0.908,0.350,0.2378,3.3655,0.1135,0.0597,0.8940,0.3706,-7.6641,-8.8301,-7.1274,-7.3765,0.1198
3.6120,sand,0.908,0.350,0.2396,3.3284,0.0732,0.0610,1.3958,0.4906,-7.6768,-8.7674,-7.2102,-7.4279,0.1211
3.6240,sand,0.908,0.350,0.2413,3.4224,0.0811,0.0661,0.6938,0.5075,-7.7669,-8.7696,-7.2730,-7.4818,0.1221
3.6360,sand,0.908,0.350,0.2429,3.3480,0.1597,0.0660,0.8398,0.6597,-7.7105,-8.7472,-7.3061,-7.4957,0.1227
3.6480,sand,0.908,0.350,0.2443,3.3657,0.0642,0.0719,1.2649,0.6191,-7.7225,-8.8870,-7.3209,-7.4664,0.1229
3.6600,sand,0.908,0.350,0.2456,3.2968,0.1770,0.0753,1.0232,0.3179,-7.6986,-8.8566,-7.3574,-7.5484,0.1237
3.6720,sand,0.908,0.350,0.2467,3.3641,0.1676,0.0769,1.0660,0.4869,-7.7790,-8.9160,-7.2909,-7.6559,0.1249
3.6840,sand,0.908,0.350,0.2476,3.4357,0.1108,0.0792,1.0277,0.1312,-7.7668,-8.9105,-7.4240,-7.6072,0.1257
3.6960,sand,0.908,0.350,0.2484,3.3704,0.0934,0.0810,0.8261,0.2698,-7.8524,-8.9364,-7.3694,-7.5583,0.1259
3.7080,sand,0.908,0.350,0.2490,3.4384,0.0107,0.0846,0.6697,0.5039,-7.7378,-8.9733,-7.4636,-7.6510,0.1258
3.7200,sand,0.908,0.350,0.2495,3.4724,0.1541,0.0822,0.9496,0.2997,-7.7321,-9.0042,-7.2793,-7.7723,0.1263
3.7320,sand,0.908,0.350,0.2498,3.4092,0.1744,0.0898,0.7459,0.0119,-7.6240,-9.0465,-7.5305,-7.6764,0.1271
3.7440,sand,0.908,0.350,0.2500,3.4135,0.0988,0.0889,1.2515,0.5810,-7.7000,-8.9917,-7.4071,-7.7115,0.1276
3.7560,sand,0.908,0.350,0.2500,3.4393,0.1488,0.0916,0.9867,-0.3147,-7.7386,-8.9626,-7.5427,-7.7492,0.1277
3.7680,sand,0.908,0.350,0.2498,3.4119,0.0832,0.0983,1.0228,0.6726,-7.9265,-8.8381,-7.4428,-7.8413,0.1275
3.7800,sand,0.908,0.350,0.2495,3.4372,0.2129,0.0987,0.7723,0.3638,-7.9475,-8.7976,-7.5825,-7.8019,0.1270
3.7920,sand,0.908,0.350,0.2490,3.4610,0.1419,0.0989,0.5906,0.2677,-8.0923,-8.6760,-7.4799,-7.9912,0.1264
3.8040,sand,0.908,0.350,0.2484,3.5406,0.1806,0.1003,1.0367,0.2290,-8.0463,-8.6860,-7.6065,-7.8609,0.1257
3.8160,sand,0.908,0.350,0.2476,3.4860,0.1115,0.1012,1.1451,0.4448,-8.1693,-8.6220,-7.5084,-7.9076,0.1253
3.8280,sand,0.908,0.350,0.2467,3.5726,0.1149,0.1060,0.8005,0.4487,-8.1000,-8.6930,-7.6118,-7.9426,0.1248
3.8400,sand,0.908,0.350,0.2456,3.5616,0.1343,0.1054,0.8692,0.4561,-8.1881,-8.5925,-7.5181,-8.1091,0.1242
3.8520,sand,0.908,0.350,0.2443,3.5514,0.1188,0.1063,0.6094,0.5932,-8.1547,-8.5818,-7.6655,-7.9807,0.1235
3.8640,sand,0.908,0.350,0.2429,3.5531,0.1328,0.1081,1.0116,0.8119,-8.1836,-8.5503,-7.6144,-8.0609,0.1225
3.8760,sand,0.908,0.350,0.2413,3.6061,0.1394,0.1033,0.6842,0.2666,-8.1455,-8.6045,-7.7169,-8.0066,0.1213
3.8880,sand,0.908,0.350,0.2396,3.6592,0.1769,0.1001,0.8686,0.3372,-8.1211,-8.6589,-7.7112,-8.0567,0.1205
3.9000,sand,0.908,0.350,0.2378,3.5607,0.1315,0.0968,1.1320,1.1763,-8.1247,-8.6624,-7.6953,-8.1722,0.1200
3.9120,sand,0.908,0.350,0.2357,3.5895,0.0988,0.0964,0.7457,0.5855,-8.0780,-8.7114,-7.7744,-8.0774,0.1192
3.9240,sand,0.908,0.350,0.2336,3.6087,0.1085,0.0972,0.5353,0.3684,-8.0244,-8.7624,-7.7600,-8.0898,0.1179
3.9360,sand,0.908,0.350,0.2313,3.6570,0.1082,0.0979,0.5824,0.5814,-7.9410,-8.8490,-7.8382,-8.0921,0.1169
3.9480,sand,0.908,0.350,0.2288,3.6108,0.1915,0.0981,0.8631,0.0877,-7.8942,-8.9154,-7.8237,-8.1491,0.1163
3.9600,sand,0.908,0.350,0.2262,3.6930,0.1214,0.1011,0.6296,0.1413,-7.9374,-8.9484,-7.7970,-8.1168,0.1156
3.9720,sand,0.908,0.350,0.2235,3.6046,0.1280,0.1048,0.9744,-0.0047,-8.0128,-8.9553,-7.8934,-8.1478,0.1146
3.9840,sand,0.908,0.350,0.2206,3.5480,0.0663,0.1047,0.3350,0.6267,-8.0449,-8.9909,-7.8943,-8.1186,0.1129
3.9960,sand,0.908,0.350,0.2175,3.6248,0.2139,0.1051,0.5715,0.2875,-8.1094,-9.0273,-7.8339,-8.2659,0.1109
4.0080,sand,0.908,0.400,-0.6749,3.6048,0.1168,0.1077,0.6952,0.4607,-8.1035,-9.0108,-7.8808,-8.2163,0.1093
4.0200,sand,0.908,0.400,-0.6633,3.5923,0.1085,0.2943,-0.0440,1.0252,-8.9607,-8.8792,-8.0058,-8.9157,-0.2758
4.0320,sand,0.908,0.400,-0.6509,3.6955,0.1512,0.1246,1.8150,2.6569,-9.3850,-8.4464,-7.7799,-8.5518,-0.4837
4.0440,sand,0.908,0.400,-0.6378,3.7036,0.1958,0.0663,0.1737,-0.1636,-9.4262,-7.7102,-7.9833,-8.3718,-0.5784
4.0560,sand,0.908,0.400,-0.6239,3.6784,0.1283,-0.0784,1.9779,6.9649,-9.1889,-7.7088,-8.3994,-8.3164,-0.5482
4.0680,sand,0.908,0.400,-0.6093,3.5992,0.0447,-0.0865,0.7290,-1.8946,-8.6081,-8.1184,-8.1696,-8.3146,-0.5171
4.0800,sand,0.908,0.400,-0.5939,3.6409,0.0795,-0.0910,0.6706,-1.7992,-8.2663,-8.5325,-8.2635,-8.3920,-0.4953
4.0920,sand,0.908,0.400,-0.5779,3.6012,-0.0304,-0.0954,-0.0379,-1.9228,-7.9630,-8.9149,-8.1678,-8.4963,-0.4772
4.1040,sand,0.908,0.400,-0.5612,3.6987,0.0071,-0.1020,0.1626,-1.9840,-7.7368,-9.2153,-8.0432,-8.5844,-0.4583
4.1160,sand,0.908,0.400,-0.5438,3.6526,0.0178,-0.1080,-0.3669,-1.8190,-7.5391,-9.5390,-8.1464,-8.6640,-0.4396
4.1280,sand,0.908,0.400,-0.5258,3.7155,-0.0295,-0.1112,-0.2212,-1.3916,-7.4326,-9.7231,-8.0856,-8.7915,-0.4208
4.1400,sand,0.908,0.400,-0.5071,3.6759,-0.0167,-0.1133,0.0467,-1.7031,-7.3582,-9.9149,-8.2158,-8.8349,-0.4017
4.1520,sand,0.908,0.400,-0.4879,3.7260,-0.0182,-0.1120,0.1258,-1.8236,-7.3044,-10.0564,-8.2049,-8.9810,-0.3819
4.1640,sand,0.908,0.400,-0.4681,3.6491,-0.0239,-0.1166,-0.0110,-1.4411,-7.3281,-10.0576,-8.1891,-9.0490,-0.3631
4.1760,sand,0.908,0.400,-0.4477,3.7297,0.0476,-0.1160,-0.2533,-2.0581,-7.2842,-10.2078,-8.2380,-9.1590,-0.3425
4.1880,sand,0.908,0.400,-0.4269,3.7540,-0.0536,-0.1205,0.5086,-2.2850,-7.2650,-10.2354,-8.2028,-9.3023,-0.3194
4.2000,sand,0.908,0.400,-0.4055,3.6330,0.0075,-0.1218,0.1607,-1.4462,-7.3881,-10.1280,-8.2723,-9.3906,-0.2987
4.2120,sand,0.908,0.400,-0.3836,3.6712,-0.0941,-0.1260,0.6788,-2.0020,-7.4440,-10.0020,-8.2335,-9.5986,-0.2781
4.2240,sand,0.908,0.400,-0.3613,3.7059,-0.1429,-0.1299,0.2614,-1.6564,-7.5464,-9.8791,-8.3423,-9.6221,-0.2566
4.2360,sand,0.908,0.400,-0.3386,3.7139,-0.0668,-0.1310,-0.1149,-1.5699,-7.6025,-9.7875,-8.2771,-9.7745,-0.2342
4.2480,sand,0.908,0.400,-0.3155,3.7016,-0.1358,-0.1291,-0.0780,-1.3710,-7.6905,-9.6035,-8.3940,-9.8520,-0.2125
4.2600,sand,0.908,0.400,-0.2920,3.6007,-0.1093,-0.1330,0.4139,-1.1139,-7.7988,-9.5468,-8.3536,-9.9003,-0.1915
4.2720,sand,0.908,0.400,-0.2681,3.7046,-0.1843,-0.1390,0.5949,-0.7376,-7.8719,-9.4036,-8.3832,-9.6405,-0.1678
4.2840,sand,0.908,0.400,-0.2440,3.6808,-0.1838,-0.1443,0.6814,-1.9615,-7.9687,-9.3868,-8.5260,-9.3787,-0.1414
4.2960,sand,0.908,0.400,-0.2195,3.7801,-0.1788,-0.1452,0.4642,-0.6109,-8.0295,-9.4010,-8.4960,-9.1577,-0.1141
4.3080,sand,0.908,0.400,-0.1948,3.7531,-0.2185,-0.1288,1.0055,-0.7824,-8.2312,-9.2387,-8.5491,-9.0413,-0.1002
4.3200,sand,0.908,0.400,-0.1699,3.8164,-0.1867,-0.1254,0.8470,-0.9000,-8.4082,-9.2862,-8.5406,-8.8480,-0.0922
4.3320,sand,0.908,0.400,-0.1447,3.7692,-0.1081,-0.1286,1.3172,-0.0671,-8.5563,-9.1549,-8.5368,-8.7148,-0.0806
4.3440,sand,0.908,0.400,-0.1194,3.8154,-0.1387,-0.1248,1.0579,-0.9573,-8.5546,-9.2108,-8.6359,-8.4535,-0.0667
4.3560,sand,0.908,0.400,-0.0940,3.8243,-0.1616,-0.1224,0.6026,0.3773,-8.6469,-9.2572,-8.5983,-8.4155,-0.0545
4.3680,sand,0.908,0.400,-0.0684,3.8615,-0.1693,-0.1117,0.8146,-0.0501,-8.6962,-9.3155,-8.6764,-8.3213,-0.0423
4.3800,sand,0.908,0.400,-0.0428,3.8293,-0.1960,-0.1109,1.0302,-0.1422,-8.7859,-9.4514,-8.5890,-8.2430,-0.0303
4.3920,sand,0.908,0.400,-0.0171,3.8433,-0.1826,-0.1092,0.7671,0.0288,-8.8391,-9.5228,-8.6773,-8.2184,-0.0154
4.4040,sand,0.908,0.400,0.0086,3.8188,-0.1448,-0.1067,0.8328,-0.2529,-8.8151,-9.8243,-8.6142,-8.1884,-0.0035
4.4160,sand,0.908,0.400,0.0343,3.8478,-0.0989,-0.1042,0.7226,0.2772,-8.8981,-9.8511,-8.5344,-8.1905,0.0079
4.4280,sand,0.908,0.400,0.0599,3.8317,-0.2293,-0.0961,0.9998,-0.0458,-8.8663,-9.9014,-8.5347,-8.1690,0.0214
4.4400,sand,0.908,0.400,0.0855,3.8515,-0.0947,-0.0941,0.7240,0.4173,-8.9827,-9.9516,-8.5862,-8.2146,0.0353
4.4520,sand,0.908,0.400,0.1110,3.9304,-0.1015,-0.0910,0.5633,-0.0545,-8.9040,-9.9939,-8.6750,-8.2886,0.0495
4.4640,sand,0.908,0.400,0.1363,3.8146,-0.1005,-0.0859,0.8344,0.2776,-8.8869,-10.0260,-8.6985,-8.2915,0.0606
4.4760,sand,0.908,0.400,0.1615,3.7891,-0.0643,-0.0820,0.2323,1.0375,-8.9073,-9.9325,-8.6457,-8.4155,0.0721
4.4880,sand,0.908,0.400,0.1865,3.9052,-0.0786,-0.0693,0.7772,0.2772,-8.9188,-9.8764,-8.6764,-8.3799,0.0876
4.5000,sand,0.908,0.400,0.2113,3.8306,-0.1025,-0.0658,0.7803,0.2687,-8.9034,-9.8732,-8.6680,-8.4480,0.1006
4.5120,sand,0.908,0.400,0.2358,3.9364,-0.0882,-0.0589,0.7372,0.6153,-8.8701,-9.7763,-8.7864,-8.4866,0.1118
4.5240,sand,0.908,0.400,0.2601,3.8823,-0.1399,-0.0493,0.6807,0.3356,-8.9030,-9.7737,-8.7084,-8.4974,0.1222
4.5360,sand,0.908,0.400,0.2840,3.9656,-0.1790,-0.0434,0.7601,0.7265,-8.8923,-9.7310,-8.7298,-8.5987,0.1340
4.5480,sand,0.908,0.400,0.3077,3.8945,-0.0983,-0.0293,0.7745,0.7588,-8.9791,-9.6357,-8.7509,-8.5620,0.1470
4.5600,sand,0.908,0.400,0.3309,3.8807,-0.0311,-0.0226,0.7246,0.1131,-8.9299,-9.6704,-8.7280,-8.6991,0.1593
4.5720,sand,0.908,0.400,0.3538,3.9146,0.0599,-0.0124,0.5996,0.7891,-8.9937,-9.5823,-8.8653,-8.6743,0.1691
4.5840,sand,0.908,0.400,0.3762,3.7810,0.0356,-0.0060,0.7926,0.2929,-8.9412,-9.5740,-8.8817,-8.7130,0.1811
4.5960,sand,0.908,0.400,0.3982,3.8952,0.0205,0.0017,0.7849,0.6319,-8.9216,-9.5222,-8.9312,-8.8062,0.1923
4.6080,sand,0.908,0.400,0.4198,3.9405,-0.0485,0.0211,0.9171,1.1421,-8.9661,-9.5009,-8.9200,-8.7444,0.2021
4.6200,sand,0.908,0.400,0.4408,4.0128,-0.0072,0.0239,1.0902,-0.0266,-8.8983,-9.5217,-8.9123,-8.8915,0.2115
4.6320,sand,0.908,0.400,0.4614,3.9181,0.0425,0.0324,0.7988,1.0664,-8.9790,-9.4822,-8.9792,-8.8330,0.2222
4.6440,sand,0.908,0.400,0.4814,4.0604,0.1098,0.0395,0.6804,0.5119,-8.8873,-9.5149,-8.9877,-8.9513,0.2332
4.6560,sand,0.908,0.400,0.5008,3.9513,-0.0509,0.0449,0.6588,1.1475,-8.9831,-9.4515,-8.9372,-8.9139,0.2430
4.6680,sand,0.908,0.400,0.5196,4.1481,-0.0521,0.0567,0.6272,1.5467,-9.0216,-9.4719,-8.9110,-8.9589,0.2514
4.6800,sand,0.908,0.400,0.5378,4.0118,0.0773,0.0592,0.2895,1.2866,-9.0483,-9.4684,-8.8458,-9.0381,0.2614
4.6920,sand,0.908,0.400,0.5554,4.0562,0.1044,0.0667,1.6511,0.8702,-9.1335,-9.4192,-8.8900,-9.0511,0.2674
4.7040,sand,0.908,0.400,0.5724,3.9789,0.0163,0.0711,0.8180,0.8030,-9.1217,-9.4336,-8.8502,-9.0596,0.2754
4.7160,sand,0.908,0.400,0.5887,4.1114,0.0375,0.0789,0.8049,1.6295,-9.2048,-9.4145,-8.8772,-9.0411,0.2849
4.7280,sand,0.908,0.400,0.6042,3.9638,0.0887,0.0903,0.0118,1.4937,-9.1583,-9.4445,-8.9199,-9.0633,0.2920
4.7400,sand,0.908,0.400,0.6191,3.9838,0.0065,0.0936,0.4324,0.9259,-9.2375,-9.3754,-8.8556,-9.1904,0.2971
4.7520,sand,0.908,0.400,0.6332,4.1085,0.1108,0.0987,0.4306,1.5816,-9.2413,-9.4059,-8.8539,-9.1402,0.3050
4.7640,sand,0.908,0.400,0.6466,3.9928,0.0620,0.1019,0.1911,1.1934,-9.2485,-9.4342,-8.9077,-9.1079,0.3130
4.7760,sand,0.908,0.400,0.6593,3.9723,0.0040,0.1033,0.1534,1.7118,-9.3126,-9.4266,-8.8613,-9.1594,0.3190
4.7880,sand,0.908,0.400,0.6711,4.1642,0.1937,0.1118,0.0931,1.2045,-9.3310,-9.4266,-8.8468,-9.1007,0.3244
4.8000,sand,0.908,0.400,0.6822,4.1005,0.0446,0.1165,0.2926,0.8932,-9.3537,-9.4494,-8.8201,-9.1688,0.3299
4.8120,sand,0.908,0.400,0.6925,4.0745,0.0813,0.1216,-0.0493,0.7640,-9.3124,-9.4718,-8.6992,-9.1943,0.3342
4.8240,sand,0.908,0.400,0.7020,4.1357,0.1319,0.1274,0.1753,1.1986,-9.3470,-9.4632,-8.8287,-9.1405,0.3384
4.8360,sand,0.908,0.400,0.7106,4.0904,0.1019,0.1318,0.3691,1.1646,-9.2654,-9.5139,-8.8541,-9.2142,0.3424
4.8480,sand,0.908,0.400,0.7184,4.0573,0.0662,0.1445,0.0109,1.0845,-9.2148,-9.4703,-8.8286,-9.1546,0.3471
4.8600,sand,0.908,0.400,0.7254,4.0937,0.2252,0.1530,0.4784,1.2654,-9.1891,-9.5015,-8.8890,-9.1708,0.3511
4.8720,sand,0.908,0.400,0.7315,4.1418,0.1447,0.1564,0.2037,1.0941,-9.1544,-9.4322,-8.8374,-9.2905,0.3535
4.8840,sand,0.908,0.400,0.7367,4.1471,0.1768,0.1616,0.4767,1.3426,-9.1489,-9.4476,-8.7995,-9.2356,0.3556
4.8960,sand,0.908,0.400,0.7411,4.1302,0.1987,0.1594,0.1913,1.9052,-9.1201,-9.4928,-8.8322,-9.2229,0.3581
4.9080,sand,0.908,0.400,0.7446,4.1699,0.1676,0.1633,0.1493,1.6140,-9.1868,-9.4026,-8.7205,-9.3723,0.3610
4.9200,sand,0.908,0.400,0.7472,4.0803,0.1853,0.1651,-0.0406,1.8408,-9.1647,-9.4332,-8.8366,-9.2714,0.3624
4.9320,sand,0.908,0.400,0.7490,4.1325,0.1952,0.1689,0.2548,1.5555,-9.1408,-9.3940,-8.8458,-9.2537,0.3629
4.9440,sand,0.908,0.400,0.7499,4.0399,0.2391,0.1702,0.2713,1.9270,-9.1727,-9.3711,-8.7968,-9.3560,0.3631
4.9560,sand,0.908,0.400,0.7499,4.1139,0.3534,0.1710,0.0658,1.6114,-9.1441,-9.4036,-8.8927,-9.2429,0.3636
4.9680,sand,0.908,0.400,0.7490,4.1017,0.1994,0.1776,0.2277,1.2343,-9.1062,-9.4236,-8.7164,-9.4311,0.3637
4.9800,sand,0.908,0.400,0.7472,4.1199,0.3163,0.1770,-0.1809,1.9579,-9.1465,-9.4095,-8.8403,-9.3552,0.3634
4.9920,sand,0.908,0.400,0.7446,4.1695,0.3096,0.1829,0.4972,1.5203,-9.1101,-9.4765,-8.7926,-9.3321,0.3626
5.0040,sand,0.908,0.400,0.7411,4.0394,0.2080,0.1839,0.0905,1.4240,-9.1068,-9.4791,-8.6971,-9.4472,0.3610
5.0160,sand,0.908,0.400,0.7367,4.1915,0.3003,0.1870,0.4014,1.5404,-9.0990,-9.5233,-8.7514,-9.3672,0.3587
5.0280,sand,0.908,0.400,0.7315,4.1515,0.3704,0.1908,0.5341,0.9711,-9.1086,-9.5955,-8.6777,-9.3966,0.3565
5.0400,sand,0.908,0.400,0.7254,4.1410,0.3604,0.1900,-0.1244,2.0213,-9.1129,-9.5666,-8.6779,-9.4299,0.3548
5.0520,sand,0.908,0.400,0.7184,4.2436,0.3508,0.1948,0.3490,1.4595,-9.1630,-9.6084,-8.7295,-9.3724,0.3522
5.0640,sand,0.908,0.400,0.7106,4.1394,0.2887,0.1992,0.0479,1.5816,-9.1685,-9.6150,-8.7035,-9.4245,0.3487
5.0760,sand,0.908,0.400,0.7020,4.1430,0.3989,0.2035,0.2116,1.6787,-9.1702,-9.6514,-8.7020,-9.4386,0.3446
5.0880,sand,0.908,0.400,0.6925,4.1241,0.2747,0.2093,0.6640,1.5797,-9.0858,-9.7352,-8.6933,-9.4481,0.3402
5.1000,sand,0.908,0.400,0.6822,4.2057,0.3400,0.2144,-0.3087,1.4244,-9.1346,-9.7382,-8.7261,-9.5559,0.3354
5.1120,sand,0.908,0.400,0.6711,4.1609,0.3455,0.2143,0.3642,1.3713,-9.1117,-9.7895,-8.6565,-9.4762,0.3312
5.1240,sand,0.908,0.400,0.6593,4.2238,0.3113,0.2206,0.0386,1.3088,-9.0879,-9.8353,-8.6874,-9.4390,0.3267
5.1360,sand,0.908,0.400,0.6466,4.1922,0.2739,0.2223,0.0195,1.7656,-9.1554,-9.7696,-8.6843,-9.5242,0.3209
5.1480,sand,0.908,0.400,0.6332,4.2661,0.3792,0.2309,-0.1206,0.9296,-9.2065,-9.7805,-8.5653,-9.5349,0.3132
5.1600,sand,0.908,0.400,0.6191,4.1567,0.3297,0.2360,0.1496,1.2418,-9.1701,-9.7883,-8.6984,-9.4888,0.3065
5.1720,sand,0.908,0.400,0.6042,4.2459,0.3445,0.2412,0.2609,0.8084,-9.1716,-9.8032,-8.6105,-9.6106,0.3013
5.1840,sand,0.908,0.400,0.5887,4.1372,0.4146,0.2468,0.2324,1.1476,-9.1274,-9.8604,-8.7044,-9.4871,0.2951
5.1960,sand,0.908,0.400,0.5724,4.1493,0.3273,0.2484,0.3284,0.7674,-9.1579,-9.8287,-8.7108,-9.6211,0.2879
5.2080,sand,0.908,0.400,0.5554,4.1742,0.3467,0.2607,0.2315,0.8254,-9.2190,-9.7434,-8.6820,-9.6368,0.2749
5.2200,sand,0.908,0.400,0.5378,4.1624,0.3717,0.2629,0.4835,1.1394,-9.2360,-9.7738,-8.6673,-9.5847,0.2670
5.2320,sand,0.908,0.400,0.5196,4.2620,0.2986,0.2669,0.2866,0.9708,-9.1638,-9.8095,-8.6538,-9.6632,0.2626
5.2440,sand,0.908,0.400,0.5008,4.1362,0.3595,0.2692,0.0079,1.0641,-9.0983,-9.8344,-8.6518,-9.6558,0.2547
5.2560,sand,0.908,0.400,0.4814,4.1918,0.3298,0.2709,0.1660,0.6417,-9.1763,-9.8151,-8.6712,-9.6654,0.2443
5.2680,sand,0.908,0.400,0.4614,4.1804,0.2906,0.2759,0.6094,0.7048,-9.1859,-9.7876,-8.6246,-9.7047,0.2332
5.2800,sand,0.908,0.400,0.4408,4.1759,0.3066,0.2742,0.0393,0.7066,-9.2255,-9.7252,-8.6439,-9.7629,0.2253
5.2920,sand,0.908,0.400,0.4198,4.1823,0.3663,0.2756,0.0846,0.9612,-9.1842,-9.7801,-8.6520,-9.7017,0.2159
5.3040,sand,0.908,0.400,0.3982,4.1789,0.4242,0.2761,0.1257,1.0265,-9.2258,-9.7491,-8.6689,-9.7283,0.2044
5.3160,sand,0.908,0.400,0.3762,4.2246,0.3937,0.2737,0.3643,0.6283,-9.2798,-9.7207,-8.7295,-9.6819,0.1921
5.3280,sand,0.908,0.400,0.3538,4.2057,0.3342,0.2641,0.3361,0.8039,-9.2902,-9.6880,-8.7628,-9.6510,0.1821
5.3400,sand,0.908,0.400,0.3309,4.1948,0.3219,0.2547,-0.3362,1.1037,-9.3608,-9.6460,-8.8150,-9.6795,0.1720
5.3520,sand,0.908,0.400,0.3077,4.2617,0.2924,0.2500,0.1966,0.6627,-9.3469,-9.6548,-8.7682,-9.6590,0.1619
5.3640,sand,0.908,0.400,0.2840,4.2079,0.3358,0.2445,0.2700,1.0400,-9.4357,-9.5891,-8.8379,-9.6402,0.1503
5.3760,sand,0.908,0.400,0.2601,4.1206,0.3197,0.2430,0.2713,0.4798,-9.4676,-9.5752,-8.8464,-9.6509,0.1378
5.3880,sand,0.908,0.400,0.2358,4.2517,0.2909,0.2295,0.2611,0.6609,-9.4444,-9.5621,-8.8905,-9.5849,0.1241
5.4000,sand,0.908,0.400,0.2113,4.1882,0.2965,0.2261,0.2876,0.3861,-9.4775,-9.5360,-8.9136,-9.6109,0.1113
5.4120,sand,0.908,0.400,0.1865,4.2366,0.2480,0.2195,-0.5225,0.1585,-9.4300,-9.5395,-8.8629,-9.6533,0.0991
5.4240,sand,0.908,0.400,0.1615,4.1688,0.2802,0.2146,0.5206,-0.2649,-9.4021,-9.5952,-8.8739,-9.5779,0.0901
5.4360,sand,0.908,0.400,0.1363,4.2450,0.2834,0.2092,0.2064,0.0641,-9.4592,-9.5846,-8.8276,-9.6454,0.0771
5.4480,sand,0.908,0.400,0.1110,4.3325,0.2720,0.1972,0.0717,0.1890,-9.5177,-9.6449,-8.8711,-9.7516,0.0639
5.4600,sand,0.908,0.400,0.0855,4.2336,0.3214,0.1934,0.1905,-0.4936,-9.4327,-9.6319,-8.7789,-9.6948,0.0523
5.4720,sand,0.908,0.400,0.0599,4.2209,0.1973,0.1893,0.0161,-0.1330,-9.3497,-9.6990,-8.8621,-9.6610,0.0390
5.4840,sand,0.908,0.400,0.0343,4.1877,0.2221,0.1875,0.0535,-0.0009,-9.3234,-9.6578,-8.8823,-9.6721,0.0264
5.4960,sand,0.908,0.400,0.0086,4.3021,0.2366,0.1767,0.2523,-0.2222,-9.4479,-9.6319,-8.9127,-9.5761,0.0136
5.5080,sand,0.908,0.400,-0.0171,4.2111,0.2032,0.1588,-0.0736,0.1221,-9.4785,-9.6002,-8.9205,-9.5741,-0.0005
5.5200,sand,0.908,0.400,-0.0428,4.2812,0.2636,0.1544,-0.1083,0.3882,-9.5103,-9.6067,-8.9313,-9.5873,-0.0144
5.5320,sand,0.908,0.400,-0.0684,4.1825,0.1736,0.1408,0.0098,-0.1525,-9.5056,-9.6549,-9.0122,-9.5018,-0.0263
5.5440,sand,0.908,0.400,-0.0940,4.2664,0.1965,0.1379,0.0946,-0.0667,-9.3701,-9.7006,-8.9905,-9.6005,-0.0375
5.5560,sand,0.908,0.400,-0.1194,4.2125,0.2397,0.1311,0.1436,-0.3233,-9.2831,-9.7197,-9.0154,-9.5520,-0.0493
5.5680,sand,0.908,0.400,-0.1447,4.3404,0.1485,0.1173,0.1092,-0.5506,-9.2604,-9.7423,-9.0919,-9.5304,-0.0628
5.5800,sand,0.908,0.400,-0.1699,4.2118,0.1651,0.1158,0.0641,0.0260,-9.3939,-9.6121,-8.9672,-9.5470,-0.0766
5.5920,sand,0.908,0.400,-0.1948,4.3863,0.2087,0.1090,-0.2144,-0.6017,-9.4724,-9.5839,-8.9473,-9.5337,-0.0882
5.6040,sand,0.908,0.400,-0.2195,4.3531,0.1578,0.1050,0.1210,0.0596,-9.4329,-9.6048,-8.9957,-9.4823,-0.0981
5.6160,sand,0.908,0.400,-0.2440,4.2640,0.1234,0.1005,-0.0021,-0.1167,-9.3747,-9.6792,-8.9755,-9.4833,-0.1108
5.6280,sand,0.908,0.400,-0.2681,4.2111,0.0959,0.0869,0.3158,-0.3256,-9.4096,-9.7048,-9.1288,-9.3847,-0.1248
5.6400,sand,0.908,0.400,-0.2920,4.3152,0.1505,0.0778,-0.7607,-0.5437,-9.3209,-9.6950,-9.0862,-9.4401,-0.1356
5.6520,sand,0.908,0.400,-0.3155,4.2314,0.0784,0.0659,-0.1398,-0.8119,-9.1221,-9.8304,-9.0981,-9.4649,-0.1453
5.6640,sand,0.908,0.400,-0.3386,4.3035,0.0720,0.0646,-0.5495,-0.5889,-9.1531,-9.7718,-9.2078,-9.5450,-0.1584
5.6760,sand,0.908,0.400,-0.3613,4.2589,0.0014,0.0560,0.2542,-0.7178,-9.2170,-9.6956,-9.1503,-9.5688,-0.1706
5.6880,sand,0.908,0.400,-0.3836,4.3265,0.1137,0.0451,0.1340,-0.7731,-9.2977,-9.5702,-9.1643,-9.5055,-0.1814
5.7000,sand,0.908,0.400,-0.4055,4.3323,0.0845,0.0412,-0.0941,-0.8460,-9.3698,-9.3986,-9.1545,-9.5174,-0.1930
5.7120,sand,0.908,0.400,-0.4269,4.2583,0.0351,0.0290,-0.0740,-0.8929,-9.2843,-9.5955,-9.0607,-9.5403,-0.2026
5.7240,sand,0.908,0.400,-0.4477,4.2852,0.0378,0.0267,-0.1917,-0.6944,-9.3023,-9.6112,-9.1086,-9.5358,-0.2131
5.7360,sand,0.908,0.400,-0.4681,4.2684,-0.0176,0.0207,0.2014,-1.3007,-9.3068,-9.6317,-9.1246,-9.4171,-0.2245
5.7480,sand,0.908,0.400,-0.4879,4.3755,-0.0722,0.0021,-0.0364,-0.8125,-9.2530,-9.7421,-9.1593,-9.3496,-0.2335
5.7600,sand,0.908,0.400,-0.5071,4.3118,0.0149,-0.0075,-0.3199,-0.8956,-9.2229,-9.6727,-9.2868,-9.2786,-0.2427
5.7720,sand,0.908,0.400,-0.5258,4.3650,0.0716,-0.0145,-0.2641,-1.1886,-9.1062,-9.7095,-9.2648,-9.4252,-0.2516
5.7840,sand,0.908,0.400,-0.5438,4.2144,-0.0523,-0.0171,-0.3995,-1.0286,-9.0022,-9.7604,-9.2762,-9.4265,-0.2592
5.7960,sand,0.908,0.400,-0.5612,4.2699,0.0623,-0.0234,0.0751,-1.2114,-9.0861,-9.6317,-9.3365,-9.4347,-0.2681
5.8080,sand,0.908,0.400,-0.5779,4.3214,-0.0679,-0.0344,-0.0074,-0.8327,-9.1850,-9.5990,-9.2442,-9.5156,-0.2764
5.8200,sand,0.908,0.400,-0.5939,4.1981,-0.0184,-0.0427,0.0601,-0.9693,-9.2256,-9.4593,-9.2454,-9.4574,-0.2851
5.8320,sand,0.908,0.400,-0.6093,4.3487,-0.0822,-0.0456,-0.1138,-0.9218,-9.2783,-9.4668,-9.2493,-9.4799,-0.2926
5.8440,sand,0.908,0.400,-0.6239,4.2467,-0.0173,-0.0506,-0.0606,-0.8861,-9.2396,-9.5370,-9.2243,-9.3851,-0.3003
5.8560,sand,0.908,0.400,-0.6378,4.3334,-0.0238,-0.0598,0.0670,-1.4320,-9.2547,-9.5361,-9.3579,-9.3042,-0.3075
5.8680,sand,0.908,0.400,-0.6509,4.2324,-0.0480,-0.0739,-0.2221,-1.0883,-9.2676,-9.5849,-9.3021,-9.2978,-0.3135
5.8800,sand,0.908,0.400,-0.6633,4.2066,-0.1193,-0.0800,0.0113,-1.0113,-9.1901,-9.6097,-9.3711,-9.2802,-0.3183
5.8920,sand,0.908,0.400,-0.6749,4.1824,-0.0888,-0.0856,-0.6418,-0.5890,-9.1850,-9.5993,-9.4088,-9.3480,-0.3262
5.9040,sand,0.908,0.400,-0.6857,4.2731,-0.0677,-0.0912,0.0242,-1.0514,-9.1616,-9.6270,-9.3710,-9.4030,-0.3319
5.9160,sand,0.908,0.400,-0.6957,4.2290,-0.0631,-0.1007,0.0235,-1.2072,-9.0978,-9.5900,-9.3064,-9.4428,-0.3360
5.9280,sand,0.908,0.400,-0.7049,4.1865,-0.1907,-0.1100,-0.3384,-0.6274,-9.0671,-9.6182,-9.4025,-9.4340,-0.3397
5.9400,sand,0.908,0.400,-0.7133,4.1714,-0.1014,-0.1132,-0.3015,-1.4370,-9.0434,-9.6175,-9.3016,-9.4592,-0.3439
5.9520,sand,0.908,0.400,-0.7208,4.1974,-0.0917,-0.1161,-0.2760,-1.3982,-9.0483,-9.5295,-9.3333,-9.5235,-0.3480
5.9640,sand,0.908,0.400,-0.7275,4.2582,-0.1239,-0.1212,-0.3614,-1.1396,-9.0075,-9.5764,-9.4569,-9.4292,-0.3514
5.9760,sand,0.908,0.400,-0.7333,4.2115,-0.0867,-0.1234,-0.1091,-1.1198,-9.0342,-9.4870,-9.4635,-9.3714,-0.3540
5.9880,sand,0.908,0.400,-0.7383,4.2153,-0.1530,-0.1324,-0.3366,-1.0591,-8.9966,-9.4751,-9.4469,-9.4407,-0.3562
6.0000,sand,0.908,0.400,-0.7424,4.2509,-0.2253,-0.1418,-0.1096,-1.0720,-9.0235,-9.4837,-9.4916,-9.3064,-0.3584
6.0120,sand,0.908,0.400,-0.7456,4.2156,-0.2214,-0.1492,-0.5121,-0.9924,-9.0855,-9.4236,-9.5019,-9.3419,-0.3607
6.0240,sand,0.908,0.400,-0.7479,4.2733,-0.1984,-0.1523,-0.2899,-1.4183,-9.0725,-9.4505,-9.4920,-9.4065,-0.3623
6.0360,sand,0.908,0.400,-0.7494,4.1886,-0.2170,-0.1597,-0.3975,-0.8487,-9.0778,-9.4085,-9.5026,-9.4382,-0.3633
6.0480,sand,0.908,0.400,-0.7500,4.2175,-0.1696,-0.1647,-0.1687,-1.3095,-9.0978,-9.4502,-9.4413,-9.4237,-0.3639
6.0600,sand,0.908,0.400,-0.7497,4.1183,-0.1257,-0.1659,-0.2204,-1.4376,-9.1355,-9.4403,-9.4987,-9.4088,-0.3642
6.0720,sand,0.908,0.400,-0.7485,4.2954,-0.1421,-0.1674,-0.2708,-1.0449,-9.1409,-9.4313,-9.4830,-9.4293,-0.3643
6.0840,sand,0.908,0.400,-0.7465,4.1220,-0.1637,-0.1715,-0.1120,-1.0793,-9.1489,-9.5027,-9.5894,-9.2566,-0.3637
6.0960,sand,0.908,0.400,-0.7435,4.1911,-0.1922,-0.1798,-0.1612,-1.0803,-9.1811,-9.4805,-9.6376,-9.1523,-0.3623
6.1080,sand,0.908,0.400,-0.7397,4.2567,-0.3319,-0.1894,-0.1264,-1.1793,-9.2133,-9.5112,-9.6115,-9.1618,-0.3606
6.1200,sand,0.908,0.400,-0.7351,4.1389,-0.2080,-0.1917,-0.0727,-1.2986,-9.1994,-9.5376,-9.6119,-9.2975,-0.3590
6.1320,sand,0.908,0.400,-0.7295,4.2441,-0.2374,-0.1979,-0.1100,-0.6058,-9.2251,-9.4647,-9.6149,-9.3582,-0.3571
6.1440,sand,0.908,0.400,-0.7231,4.2251,-0.1882,-0.2042,0.1165,-1.7995,-9.2292,-9.4730,-9.6722,-9.3349,-0.3542
6.1560,sand,0.908,0.400,-0.7159,4.1967,-0.2248,-0.2097,-0.0271,-0.4503,-9.2211,-9.4565,-9.5711,-9.3346,-0.3509
6.1680,sand,0.908,0.400,-0.7078,4.2476,-0.2443,-0.2159,0.0095,-1.4753,-9.2458,-9.4699,-9.5720,-9.4420,-0.3476
6.1800,sand,0.908,0.400,-0.6989,4.2660,-0.2529,-0.2192,-0.3220,-1.7329,-9.2697,-9.4952,-9.5736,-9.3768,-0.3439
6.1920,sand,0.908,0.400,-0.6892,4.1587,-0.2589,-0.2173,-0.0434,-1.0787,-9.2810,-9.4737,-9.6784,-9.3722,-0.3397
6.2040,sand,0.908,0.400,-0.6786,4.1819,-0.2523,-0.2203,-0.2674,-1.5379,-9.2735,-9.4837,-9.6284,-9.4552,-0.3356
6.2160,sand,0.908,0.400,-0.6673,4.2136,-0.3136,-0.2197,-0.1403,-0.6743,-9.2561,-9.5156,-9.7264,-9.2297,-0.3295
6.2280,sand,0.908,0.400,-0.6552,4.1264,-0.2116,-0.2246,0.1211,-1.4756,-9.2761,-9.5130,-9.7358,-9.0750,-0.3234
6.2400,sand,0.908,0.400,-0.6423,4.1854,-0.2630,-0.2321,0.2538,-0.9705,-9.3334,-9.5289,-9.8286,-8.9162,-0.3185
6.2520,sand,0.908,0.400,-0.6286,4.1920,-0.2815,-0.2328,-0.0907,-1.8446,-9.2970,-9.5657,-9.7628,-9.0502,-0.3134
6.2640,sand,0.908,0.400,-0.6142,4.2963,-0.2162,-0.2390,0.3021,-1.0576,-9.2918,-9.5275,-9.6396,-9.2308,-0.3053
6.2760,sand,0.908,0.400,-0.5991,4.2340,-0.2438,-0.2349,-0.2559,-1.5447,-9.2174,-9.6234,-9.7437,-9.1610,-0.2975
6.2880,sand,0.908,0.400,-0.5833,4.2235,-0.3116,-0.2390,0.0131,-1.3599,-9.2187,-9.6116,-9.7561,-9.2193,-0.2905
6.3000,sand,0.908,0.400,-0.5668,4.1692,-0.2529,-0.2393,-0.0790,-1.9472,-9.1821,-9.6255,-9.6644,-9.2383,-0.2824
6.3120,sand,0.908,0.400,-0.5497,4.2000,-0.2378,-0.2367,0.2041,-1.3734,-9.2177,-9.6566,-9.7021,-9.0983,-0.2783
6.3240,sand,0.908,0.400,-0.5318,4.2238,-0.2154,-0.2340,-0.2747,-1.5115,-9.2367,-9.6539,-9.7095,-9.1208,-0.2687
6.3360,sand,0.908,0.400,-0.5134,4.2177,-0.1751,-0.2303,-0.0126,-1.7765,-9.2184,-9.7756,-9.7496,-8.9629,-0.2572
6.3480,sand,0.908,0.400,-0.4944,4.3200,-0.2929,-0.2264,0.4197,-2.1908,-9.2359,-9.7962,-9.6822,-9.0314,-0.2466
6.3600,sand,0.908,0.400,-0.4748,4.2010,-0.3098,-0.2213,0.1415,-1.3344,-9.3032,-9.7285,-9.7232,-8.9748,-0.2377
6.3720,sand,0.908,0.400,-0.4546,4.2983,-0.2227,-0.2204,0.4837,-1.1272,-9.3534,-9.7094,-9.7167,-8.9662,-0.2282
6.3840,sand,0.908,0.400,-0.4339,4.2879,-0.2489,-0.2217,0.1839,-0.7173,-9.4331,-9.6670,-9.7456,-8.8813,-0.2196
6.3960,sand,0.908,0.400,-0.4127,4.1840,-0.2398,-0.2232,0.1376,-0.2355,-9.5100,-9.6077,-9.7430,-8.8440,-0.2094
6.4080,sand,0.908,0.400,-0.3910,4.2676,-0.3766,-0.2247,0.2468,-0.9868,-9.4923,-9.6253,-9.6906,-8.9059,-0.1986
6.4200,sand,0.908,0.400,-0.3688,4.3303,-0.2508,-0.2249,0.1285,-0.8060,-9.5572,-9.5690,-9.7538,-8.8845,-0.1884
6.4320,sand,0.908,0.400,-0.3462,4.2404,-0.3264,-0.2228,0.3606,-0.8379,-9.5544,-9.5822,-9.7402,-8.8553,-0.1748
6.4440,sand,0.908,0.400,-0.3232,4.2897,-0.2545,-0.2202,0.0567,-0.6563,-9.5363,-9.6153,-9.7344,-8.8965,-0.1649
6.4560,sand,0.908,0.400,-0.2998,4.3016,-0.2375,-0.2185,0.3308,-0.6866,-9.5949,-9.5110,-9.7316,-8.8799,-0.1553
6.4680,sand,0.908,0.400,-0.2761,4.2534,-0.3679,-0.2127,0.3058,-0.5945,-9.5650,-9.5202,-9.6554,-9.0283,-0.1438
6.4800,sand,0.908,0.400,-0.2520,4.2082,-0.2786,-0.2107,0.1242,-0.4383,-9.4638,-9.5713,-9.6935,-9.0099,-0.1304
6.4920,sand,0.908,0.400,-0.2277,4.2127,-0.2740,-0.2061,0.0851,-0.1225,-9.4798,-9.5478,-9.7133,-8.9803,-0.1187
6.5040,sand,0.908,0.400,-0.2031,4.2785,-0.2068,-0.2030,-0.1664,-0.6346,-9.4402,-9.6667,-9.6623,-9.0135,-0.1076
6.5160,sand,0.908,0.400,-0.1782,4.2877,-0.2064,-0.1976,0.2956,-0.4162,-9.4152,-9.7619,-9.7588,-8.9958,-0.0956
6.5280,sand,0.908,0.400,-0.1531,4.3276,-0.2980,-0.1863,0.0599,-0.3901,-9.4348,-9.7971,-9.6267,-8.9959,-0.0829
6.5400,sand,0.908,0.400,-0.1279,4.3248,-0.1596,-0.1837,0.3951,-0.1167,-9.3780,-9.9327,-9.5635,-9.0265,-0.0688
6.5520,sand,0.908,0.400,-0.1025,4.2460,-0.2290,-0.1738,0.0204,-0.2639,-9.3706,-9.9260,-9.5873,-9.0429,-0.0563
6.5640,sand,0.908,0.400,-0.0770,4.2525,-0.3119,-0.1668,0.2493,-0.1854,-9.4114,-9.9101,-9.5496,-9.0591,-0.0450
6.5760,sand,0.908,0.400,-0.0514,4.3717,-0.2574,-0.1588,-0.1605,0.0858,-9.3776,-9.9266,-9.5142,-9.0745,-0.0329
6.5880,sand,0.908,0.400,-0.0257,4.2325,-0.1818,-0.1448,0.0304,-0.3297,-9.3681,-9.8760,-9.5852,-9.0878,-0.0199
6.6000,sand,0.908,0.400,0.0000,4.2309,-0.1817,-0.1399,0.4458,-0.5304,-9.3842,-9.8397,-9.5602,-9.1067,-0.0054
6.6120,sand,0.908,0.400,0.0257,4.2423,-0.1331,-0.1288,0.1981,-0.0969,-9.3123,-9.8782,-9.5434,-9.1138,0.0065
6.6240,sand,0.908,0.400,0.0514,4.3235,-0.1166,-0.1217,0.1853,-0.1960,-9.3788,-9.8107,-9.5915,-9.1271,0.0177
6.6360,sand,0.908,0.400,0.0770,4.2845,-0.2058,-0.1166,0.1912,0.3995,-9.3292,-9.7607,-9.5241,-9.1042,0.0294
6.6480,sand,0.908,0.400,0.1025,4.3738,-0.1932,-0.1088,0.3747,0.2303,-9.2217,-9.8298,-9.4964,-9.1784,0.0440
6.6600,sand,0.908,0.400,0.1279,4.3428,-0.1089,-0.1021,0.0476,0.1728,-9.2477,-9.7700,-9.5912,-9.1603,0.0596
6.6720,sand,0.908,0.400,0.1531,4.2851,-0.2629,-0.0946,0.4243,0.2289,-9.2844,-9.6946,-9.4723,-9.1821,0.0709
6.6840,sand,0.908,0.400,0.1782,4.3997,-0.0722,-0.0852,-0.1515,0.5309,-9.3724,-9.6470,-9.5056,-9.2642,0.0803
6.6960,sand,0.908,0.400,0.2031,4.3099,-0.1827,-0.0814,0.0877,0.5333,-9.4433,-9.5803,-9.5378,-9.2052,0.0920
6.7080,sand,0.908,0.400,0.2277,4.3595,-0.1146,-0.0699,0.3167,0.6151,-9.4092,-9.5875,-9.5056,-9.2607,0.1056
6.7200,sand,0.908,0.400,0.2520,4.3223,-0.1345,-0.0673,0.0583,0.5703,-9.3772,-9.6147,-9.5958,-9.1441,0.1258
6.7320,sand,0.908,0.400,0.2761,4.3209,-0.0994,-0.0614,-0.3299,0.7995,-9.4392,-9.5300,-9.6013,-9.2358,0.1340
6.7440,sand,0.908,0.400,0.2998,4.3466,-0.1741,-0.0501,-0.0733,0.7423,-9.5247,-9.4167,-9.5994,-9.2557,0.1392
6.7560,sand,0.908,0.400,0.3232,4.3447,-0.1489,-0.0485,0.1130,1.1221,-9.5629,-9.4141,-9.5800,-9.2356,0.1510
6.7680,sand,0.908,0.400,0.3462,4.2840,-0.0274,-0.0378,0.0773,0.9710,-9.5253,-9.4542,-9.5413,-9.2320,0.1651
6.7800,sand,0.908,0.400,0.3688,4.2757,-0.1361,-0.0312,-0.1309,0.9653,-9.5489,-9.4288,-9.4532,-9.3273,0.1778
6.7920,sand,0.908,0.400,0.3910,4.3827,-0.1421,-0.0272,-0.0623,1.1280,-9.5667,-9.4101,-9.4463,-9.3143,0.1878
6.8040,sand,0.908,0.400,0.4127,4.3881,0.0219,-0.0208,-0.1191,0.5873,-9.5816,-9.3969,-9.4733,-9.2604,0.1964
6.8160,sand,0.908,0.400,0.4339,4.2971,0.0388,-0.0186,-0.2902,1.3061,-9.6139,-9.3656,-9.3915,-9.3642,0.2073
6.8280,sand,0.908,0.400,0.4546,4.3589,-0.0371,-0.0100,0.1927,0.3398,-9.5604,-9.4128,-9.3899,-9.3465,0.2188
6.8400,sand,0.908,0.400,0.4748,4.3518,0.0682,-0.0024,0.0638,1.2217,-9.5208,-9.4667,-9.4270,-9.2503,0.2295
6.8520,sand,0.908,0.400,0.4944,4.2745,-0.0468,0.0055,-0.0907,0.6571,-9.5204,-9.4359,-9.3518,-9.3635,0.2383
6.8640,sand,0.908,0.400,0.5134,4.3309,-0.0517,0.0094,0.3424,0.9679,-9.5152,-9.4095,-9.3413,-9.3969,0.2466
6.8760,sand,0.908,0.400,0.5318,4.3293,-0.0049,0.0122,-0.2307,1.0558,-9.4931,-9.4657,-9.3696,-9.3376,0.2556
6.8880,sand,0.908,0.400,0.5497,4.2723,-0.0140,0.0279,-0.1829,0.8206,-9.4853,-9.4548,-9.2971,-9.3836,0.2652
6.9000,sand,0.908,0.400,0.5668,4.2512,0.0624,0.0309,-0.0460,0.9931,-9.4317,-9.4821,-9.3038,-9.3808,0.2736
6.9120,sand,0.908,0.400,0.5833,4.2730,0.0801,0.0383,-0.4294,1.4374,-9.4302,-9.4873,-9.2930,-9.4155,0.2822
6.9240,sand,0.908,0.400,0.5991,4.2375,0.1190,0.0441,-0.2212,0.9157,-9.3928,-9.5063,-9.2558,-9.4175,0.2889
6.9360,sand,0.908,0.400,0.6142,4.3217,0.0298,0.0512,-0.1844,1.5233,-9.3481,-9.4804,-9.2982,-9.3804,0.2959
6.9480,sand,0.908,0.400,0.6286,4.2296,0.0847,0.0644,-0.0078,1.3461,-9.3487,-9.5242,-9.2295,-9.4948,0.3033
6.9600,sand,0.908,0.400,0.6423,4.2743,0.0459,0.0695,-0.3030,0.6834,-9.3070,-9.5049,-9.1972,-9.4682,0.3098
6.9720,sand,0.908,0.400,0.6552,4.2851,0.1486,0.0778,-0.2427,1.4465,-9.2877,-9.5248,-9.2732,-9.4348,0.3164
6.9840,sand,0.908,0.400,0.6673,4.2536,0.0873,0.0830,-0.1503,0.9798,-9.2552,-9.5403,-9.1616,-9.5421,0.3234
6.9960,sand,0.908,0.400,0.6786,4.3287,0.1193,0.0914,0.0966,2.3668,-9.2211,-9.5713,-9.1795,-9.5148,0.3287
7.0080,sand,0.908,0.400,0.6892,4.2989,0.1279,0.1073,-0.1054,1.0885,-9.2055,-9.5784,-9.2014,-9.5214,0.3329
7.0200,sand,0.908,0.400,0.6989,4.2785,0.0799,0.1110,-0.1783,1.4461,-9.1839,-9.5878,-9.1847,-9.5515,0.3371
7.0320,sand,0.908,0.400,0.7078,4.2981,0.1722,0.1192,-0.1378,1.2079,-9.1741,-9.6286,-9.1690,-9.5597,0.3424
7.0440,sand,0.908,0.400,0.7159,4.3130,0.0706,0.1226,0.0668,1.5447,-9.1685,-9.5865,-9.1845,-9.4890,0.3476
7.0560,sand,0.908,0.400,0.7231,4.2739,0.1680,0.1275,0.1232,0.6713,-9.1161,-9.6738,-9.1554,-9.5554,0.3508
7.0680,sand,0.908,0.400,0.7295,4.2748,0.1851,0.1378,-0.0925,1.1816,-9.1265,-9.6666,-9.1590,-9.5640,0.3529
7.0800,sand,0.908,0.400,0.7351,4.2827,0.2437,0.1412,-0.1231,1.5462,-9.0649,-9.7268,-9.1383,-9.5842,0.3554
7.0920,sand,0.908,0.400,0.7397,4.3316,0.1966,0.1481,-0.1816,1.1024,-9.0741,-9.6884,-9.0775,-9.6056,0.3586
7.1040,sand,0.908,0.400,0.7435,4.3241,0.2880,0.1531,-0.1834,1.4390,-9.0827,-9.6944,-9.1160,-9.5582,0.3613
7.1160,sand,0.908,0.400,0.7465,4.2082,0.2461,0.1580,0.1075,1.0048,-9.0926,-9.6982,-9.1144,-9.5491,0.3628
7.1280,sand,0.908,0.400,0.7485,4.2863,0.1697,0.1705,-0.0726,1.1439,-9.0909,-9.6642,-9.0807,-9.6050,0.3630
7.1400,sand,0.908,0.400,0.7497,4.2482,0.2048,0.1745,-0.2695,1.3096,-9.1152,-9.6513,-9.0788,-9.5996,0.3632
7.1520,sand,0.908,0.400,0.7500,4.2679,0.3481,0.1813,0.0247,1.2697,-9.1539,-9.6506,-9.0375,-9.5873,0.3641
7.1640,sand,0.908,0.400,0.7494,4.1671,0.2886,0.1852,-0.1689,0.9628,-9.0763,-9.6754,-9.0586,-9.6291,0.3642
7.1760,sand,0.908,0.400,0.7479,4.2742,0.2812,0.1867,-0.0102,1.1750,-9.1541,-9.6545,-9.1183,-9.6157,0.3638
7.1880,sand,0.908,0.400,0.7456,4.2460,0.2808,0.1967,0.0503,1.0629,-9.1418,-9.6994,-8.9826,-9.7197,0.3627
7.2000,sand,0.908,0.400,0.7424,4.2542,0.2047,0.2016,-0.1367,1.0973,-9.0947,-9.6959,-9.0231,-9.7464,0.3616
7.2120,sand,0.908,0.400,0.7383,4.2144,0.3089,0.2087,-0.0681,1.2997,-9.0893,-9.6500,-9.0285,-9.8597,0.3604
7.2240,sand,0.908,0.400,0.7333,4.3828,0.2421,0.2174,-0.1193,0.8924,-9.0406,-9.6960,-8.9902,-10.0155,0.3580
7.2360,sand,0.908,0.400,0.7275,4.2109,0.2066,0.2217,-0.1164,1.3699,-9.0603,-9.6161,-8.9948,-10.0362,0.3550
7.2480,sand,0.908,0.400,0.7208,4.3557,0.2109,0.2340,0.0112,1.2622,-9.0662,-9.6131,-8.9824,-10.0008,0.3523
7.2600,sand,0.908,0.400,0.7133,4.2538,0.1657,0.2409,-0.0160,1.1567,-9.0930,-9.6282,-9.0119,-9.9690,0.3494
7.2720,sand,0.908,0.400,0.7049,4.2462,0.2873,0.2461,0.1569,0.9712,-9.1018,-9.6715,-9.0228,-9.9109,0.3458
7.2840,sand,0.908,0.400,0.6957,4.3260,0.2620,0.2490,0.0543,1.5711,-9.1326,-9.6859,-8.9895,-9.9367,0.3419
7.2960,sand,0.908,0.400,0.6857,4.3365,0.3506,0.2514,-0.0936,1.1887,-9.1541,-9.7084,-9.0341,-9.8598,0.3373
7.3080,sand,0.908,0.400,0.6749,4.2664,0.2500,0.2595,0.0938,1.1499,-9.2081,-9.6386,-9.0501,-9.9206,0.3321
7.3200,sand,0.908,0.400,0.6633,4.2149,0.2704,0.2637,-0.1961,1.2068,-9.2501,-9.6755,-8.9583,-9.9347,0.3265
7.3320,sand,0.908,0.400,0.6509,4.2397,0.2298,0.2638,0.1610,1.7803,-9.3125,-9.6634,-9.0213,-9.8836,0.3215
7.3440,sand,0.908,0.400,0.6378,4.2657,0.2675,0.2670,0.3712,1.6753,-9.2397,-9.7042,-9.0147,-9.9549,0.3143
7.3560,sand,0.908,0.400,0.6239,4.3613,0.2727,0.2665,0.5273,1.2890,-9.3043,-9.6878,-9.0116,-9.9444,0.3082
7.3680,sand,0.908,0.400,0.6093,4.1849,0.3000,0.2669,0.0205,1.6323,-9.2876,-9.6981,-9.0147,-9.9153,0.3029
7.3800,sand,0.908,0.400,0.5939,4.2915,0.2630,0.2696,0.1053,1.3208,-9.3658,-9.6301,-8.9391,-9.9768,0.2963
7.3920,sand,0.908,0.400,0.5779,4.2066,0.2702,0.2701,-0.1260,1.5629,-9.3874,-9.6581,-8.9172,-9.9776,0.2881
7.4040,sand,0.908,0.400,0.5612,4.2743,0.2976,0.2716,0.3356,1.5692,-9.4478,-9.6390,-8.9316,-9.8922,0.2789
7.4160,sand,0.908,0.400,0.5438,4.4183,0.2743,0.2663,0.0068,1.6391,-9.4628,-9.6245,-9.0156,-9.8775,0.2714
7.4280,sand,0.908,0.400,0.5258,4.1620,0.3409,0.2610,-0.2157,1.4870,-9.4161,-9.6913,-8.9820,-9.9093,0.2639
7.4400,sand,0.908,0.400,0.5071,4.2416,0.3468,0.2593,-0.1367,1.6444,-9.4444,-9.7034,-9.0114,-9.8334,0.2556
7.4520,sand,0.908,0.400,0.4879,4.2883,0.3559,0.2556,-0.2524,1.9742,-9.5073,-9.5712,-8.9994,-9.8575,0.2465
7.4640,sand,0.908,0.400,0.4681,4.3429,0.2981,0.2564,-0.7587,2.4738,-9.5654,-9.5632,-9.0353,-9.8333,0.2352
7.4760,sand,0.908,0.400,0.4477,4.3005,0.3879,0.2511,-0.0203,1.3240,-9.5661,-9.5683,-9.0180,-9.7849,0.2244
7.4880,sand,0.908,0.400,0.4269,4.3074,0.2885,0.2439,-0.1289,1.0302,-9.4749,-9.6080,-9.0049,-9.8617,0.2160
7.5000,sand,0.908,0.400,0.4055,4.3657,0.3301,0.2430,0.0118,1.0787,-9.3974,-9.6640,-9.0294,-9.7521,0.2078
7.5120,sand,0.908,0.400,0.3836,4.3935,0.3345,0.2440,0.0309,1.0259,-9.4289,-9.6274,-9.0220,-9.7322,0.1963
7.5240,sand,0.908,0.400,0.3613,4.3561,0.3815,0.2425,0.0001,1.1834,-9.4576,-9.6052,-8.9786,-9.7691,0.1848
7.5360,sand,0.908,0.400,0.3386,4.2594,0.2582,0.2415,-0.0316,1.0479,-9.4737,-9.6143,-8.9331,-9.8195,0.1741
7.5480,sand,0.908,0.400,0.3155,4.2506,0.3430,0.2371,-0.3006,0.7399,-9.4499,-9.6340,-8.8873,-9.8496,0.1627
7.5600,sand,0.908,0.400,0.2920,4.3084,0.3925,0.2357,-0.2513,0.7432,-9.4237,-9.6387,-9.0081,-9.7694,0.1515
7.5720,sand,0.908,0.400,0.2681,4.3028,0.2597,0.2325,-0.2642,0.5994,-9.4787,-9.6157,-8.9375,-9.8638,0.1401
7.5840,sand,0.908,0.400,0.2440,4.2729,0.3571,0.2294,0.3018,0.5731,-9.4592,-9.6059,-8.9808,-9.7638,0.1299
7.5960,sand,0.908,0.400,0.2195,4.3151,0.3071,0.2256,-0.2251,0.9513,-9.5914,-9.5407,-8.9949,-9.7972,0.1130
7.6080,sand,0.908,0.400,0.1948,4.3906,0.3248,0.2026,-0.2404,0.8401,-9.6039,-9.5670,-9.0144,-9.7651,0.1015
7.6200,sand,0.908,0.400,0.1699,4.3385,0.3033,0.1986,0.1365,0.2713,-9.4221,-9.6673,-9.1328,-9.6321,0.0938
7.6320,sand,0.908,0.400,0.1447,4.3233,0.3306,0.1912,-0.1223,0.0484,-9.4402,-9.6317,-9.0851,-9.7261,0.0819
7.6440,sand,0.908,0.400,0.1194,4.2834,0.2794,0.1901,0.5094,-0.1445,-9.5083,-9.4829,-9.1138,-9.6689,0.0676
7.6560,sand,0.908,0.400,0.0940,4.2645,0.3195,0.1836,0.2725,-0.1458,-9.5264,-9.5001,-9.1508,-9.7129,0.0540
7.6680,sand,0.908,0.400,0.0684,4.3013,0.3075,0.1691,0.3104,-0.0477,-9.5600,-9.5778,-9.0376,-9.7721,0.0427
7.6800,sand,0.908,0.400,0.0428,4.3431,0.2976,0.1700,-1.3656,-0.9347,-9.4770,-9.6379,-9.0432,-9.7362,0.0288
7.6920,sand,0.908,0.400,0.0171,4.2629,0.1379,0.1650,-0.3746,-0.4703,-9.4193,-9.7049,-8.9730,-9.7786,0.0152
7.7040,sand,0.908,0.400,-0.0086,4.3544,0.2542,0.1611,0.2542,-0.0903,-9.3639,-9.7312,-9.0268,-9.7279,0.0038
7.7160,sand,0.908,0.400,-0.0343,4.3072,0.2135,0.1542,0.2215,-0.5675,-9.2956,-9.7633,-9.1182,-9.6234,-0.0065
7.7280,sand,0.908,0.400,-0.0599,4.3329,0.2520,0.1397,0.1473,-0.1004,-9.4904,-9.6166,-9.0856,-9.6720,-0.0213
7.7400,sand,0.908,0.400,-0.0855,4.3094,0.1739,0.1332,-0.0296,0.3194,-9.4872,-9.7031,-9.0821,-9.6790,-0.0345
7.7520,sand,0.908,0.400,-0.1110,4.2043,0.2374,0.1230,-0.2003,-0.4161,-9.4218,-9.7669,-9.1525,-9.5689,-0.0459
7.7640,sand,0.908,0.400,-0.1363,4.2885,0.1307,0.1179,-0.2375,0.3253,-9.4355,-9.7661,-9.1205,-9.6682,-0.0575
7.7760,sand,0.908,0.400,-0.1615,4.3511,0.1970,0.1138,0.5816,-0.8457,-9.3114,-9.8238,-9.1182,-9.6682,-0.0715
7.7880,sand,0.908,0.400,-0.1865,4.2832,0.0719,0.0993,0.5599,-0.0463,-9.2360,-9.8687,-9.1343,-9.6513,-0.0831
7.8000,sand,0.908,0.400,-0.2113,4.3646,0.1708,0.0992,-0.1187,-0.2274,-9.3670,-9.7559,-9.0193,-9.6793,-0.0929
7.8120,sand,0.908,0.400,-0.2358,4.3269,0.1410,0.0993,0.1822,-0.4317,-9.3807,-9.7150,-9.1218,-9.6018,-0.1064
7.8240,sand,0.908,0.400,-0.2601,4.3635,0.1572,0.0953,-0.4381,-0.1390,-9.4231,-9.6988,-9.1435,-9.5488,-0.1200
7.8360,sand,0.908,0.400,-0.2840,4.3469,0.1950,0.0918,-0.1932,-1.2952,-9.4993,-9.7181,-9.1492,-9.5495,-0.1378
7.8480,sand,0.908,0.400,-0.3077,4.2536,0.1687,0.0647,-0.1628,-0.7960,-9.3538,-9.7848,-9.1775,-9.5386,-0.1459
7.8600,sand,0.908,0.400,-0.3309,4.3122,0.1343,0.0585,-0.1328,-0.7180,-9.2367,-9.8047,-9.1942,-9.6087,-0.1524
7.8720,sand,0.908,0.400,-0.3538,4.4160,0.1063,0.0555,-0.1175,-1.4836,-9.1417,-9.8478,-9.2330,-9.6286,-0.1657
7.8840,sand,0.908,0.400,-0.3762,4.2728,0.0678,0.0501,-0.0266,-0.6272,-9.0992,-9.8348,-9.2579,-9.6096,-0.1775
7.8960,sand,0.908,0.400,-0.3982,4.2866,0.0970,0.0410,-0.0348,-0.9901,-9.2503,-9.6256,-9.2193,-9.6585,-0.1872
7.9080,sand,0.908,0.400,-0.4198,4.3349,0.0809,0.0336,-0.2665,-1.2881,-9.3056,-9.6357,-9.2257,-9.6109,-0.1979
7.9200,sand,0.908,0.400,-0.4408,4.3308,0.0139,0.0330,-0.6398,-0.6501,-9.2930,-9.6218,-9.1639,-9.5380,-0.2103
7.9320,sand,0.908,0.400,-0.4614,4.3469,0.0534,0.0207,-0.3414,-0.9332,-9.3351,-9.6912,-9.2040,-9.4956,-0.2215
7.9440,sand,0.908,0.400,-0.4814,4.3228,-0.0099,0.0144,-0.2012,-0.7828,-9.2949,-9.7268,-9.3025,-9.4587,-0.2299
7.9560,sand,0.908,0.400,-0.5008,4.3353,0.0272,0.0074,-0.0737,-1.7416,-9.2694,-9.6733,-9.3172,-9.5269,-0.2379
7.9680,sand,0.908,0.400,-0.5196,4.3488,-0.0050,-0.0096,-0.0823,-1.1290,-9.1514,-9.7770,-9.3432,-9.5798,-0.2484
7.9800,sand,0.908,0.400,-0.5378,4.3732,-0.0015,-0.0155,-0.2719,-0.9509,-9.0636,-9.7205,-9.3869,-9.5066,-0.2578
7.9920,sand,0.908,0.400,-0.5554,4.2934,-0.0240,-0.0222,-0.3738,-0.7035,-9.0667,-9.6988,-9.2914,-9.5991,-0.2642
8.0040,sand,0.908,0.400,-0.5724,4.3959,0.0375,-0.0278,-0.2211,-0.6117,-9.1694,-9.5749,-9.3296,-9.5046,-0.2722
8.0160,sand,0.908,0.400,-0.5887,4.2746,0.0033,-0.0282,-0.4507,-0.7639,-9.2725,-9.4728,-9.2728,-9.5073,-0.2830
8.0280,sand,0.908,0.400,-0.6042,4.3144,-0.0271,-0.0459,-0.5333,-1.1675,-9.2912,-9.5525,-9.3408,-9.4276,-0.2906
8.0400,sand,0.908,0.400,-0.6191,4.2999,-0.0339,-0.0517,-0.2994,-1.5140,-9.2753,-9.5948,-9.4154,-9.3910,-0.2953
8.0520,sand,0.908,0.400,-0.6332,4.2782,-0.1787,-0.0566,-0.2099,-0.8084,-9.2671,-9.5713,-9.3966,-9.4765,-0.3042
8.0640,sand,0.908,0.400,-0.6466,4.3769,-0.1136,-0.0616,-0.0474,-0.9748,-9.2780,-9.5416,-9.3755,-9.5275,-0.3131
8.0760,sand,0.908,0.400,-0.6593,4.2690,-0.1379,-0.0738,0.0055,-0.9710,-9.2729,-9.5022,-9.4744,-9.4567,-0.3175
8.0880,sand,0.908,0.400,-0.6711,4.2186,-0.0931,-0.0867,-0.0908,-0.6415,-9.1893,-9.5558,-9.3756,-9.4830,-0.3231
8.1000,sand,0.908,0.400,-0.6822,4.2639,-0.1571,-0.0932,-0.1183,-1.4377,-9.1880,-9.5565,-9.3882,-9.5278,-0.3287
8.1120,sand,0.908,0.400,-0.6925,4.2551,-0.0872,-0.0969,-0.5771,-1.2636,-9.1367,-9.4896,-9.4075,-9.5423,-0.3344
8.1240,sand,0.908,0.400,-0.7020,4.2968,-0.1828,-0.1007,-0.1808,-1.0261,-9.0698,-9.5149,-9.4418,-9.5127,-0.3387
8.1360,sand,0.908,0.400,-0.7106,4.2683,-0.0838,-0.1095,-0.2765,-0.7336,-9.0693,-9.4368,-9.5072,-9.4041,-0.3421
8.1480,sand,0.908,0.400,-0.7184,4.3527,-0.1607,-0.1117,-0.3521,-0.8917,-9.1141,-9.4182,-9.5354,-9.4919,-0.3458
8.1600,sand,0.908,0.400,-0.7254,4.2922,-0.0660,-0.1170,-0.3198,-0.9889,-9.1391,-9.3993,-9.4957,-9.4609,-0.3501
8.1720,sand,0.908,0.400,-0.7315,4.3090,-0.3045,-0.1268,0.0538,-0.7662,-9.1871,-9.3565,-9.5275,-9.4266,-0.3536
8.1840,sand,0.908,0.400,-0.7367,4.2588,-0.1250,-0.1344,-0.1979,-1.0777,-9.2072,-9.3962,-9.4879,-9.4614,-0.3565
8.1960,sand,0.908,0.400,-0.7411,4.2727,-0.1121,-0.1391,-0.1892,-1.0844,-9.2202,-9.3686,-9.4487,-9.5834,-0.3590
8.2080,sand,0.908,0.400,-0.7446,4.2971,-0.2351,-0.1477,-0.0215,-1.0213,-9.2569,-9.3482,-9.5199,-9.5397,-0.3609
8.2200,sand,0.908,0.400,-0.7472,4.2106,-0.1087,-0.1541,-0.3790,-1.5632,-9.2830,-9.3695,-9.5505,-9.3965,-0.3623
8.2320,sand,0.908,0.400,-0.7490,4.2148,-0.2178,-0.1565,-0.1357,-1.0365,-9.2960,-9.3678,-9.5736,-9.2711,-0.3634
8.2440,sand,0.908,0.400,-0.7499,4.2498,-0.2349,-0.1596,-0.0338,-1.3196,-9.2888,-9.4650,-9.6257,-9.1481,-0.3642
8.2560,sand,0.908,0.400,-0.7499,4.3395,-0.2523,-0.1632,0.0471,-1.2186,-9.3098,-9.4988,-9.6097,-9.2399,-0.3646
8.2680,sand,0.908,0.400,-0.7490,4.3244,-0.1161,-0.1770,-0.2659,-0.8640,-9.2652,-9.4904,-9.6261,-9.3548,-0.3644
8.2800,sand,0.908,0.400,-0.7472,4.2825,-0.2615,-0.1813,-0.2151,-1.3279,-9.2727,-9.4825,-9.6406,-9.4830,-0.3638
8.2920,sand,0.908,0.400,-0.7446,4.2835,-0.2636,-0.1883,-0.2258,-1.1481,-9.2523,-9.4384,-9.5667,-9.4702,-0.3632
8.3040,sand,0.908,0.400,-0.7411,4.2295,-0.2476,-0.1927,-0.1340,-1.1556,-9.2422,-9.4280,-9.6153,-9.4237,-0.3616
8.3160,sand,0.908,0.400,-0.7367,4.1991,-0.2576,-0.1965,-0.1542,-1.3207,-9.2813,-9.4637,-9.6939,-9.2614,-0.3598
8.3280,sand,0.908,0.400,-0.7315,4.3131,-0.2752,-0.1998,-0.2635,-1.3850,-9.2976,-9.4469,-9.7068,-9.1640,-0.3573
8.3400,sand,0.908,0.400,-0.7254,4.3199,-0.1836,-0.2019,-0.0338,-1.2405,-9.2914,-9.4582,-9.7843,-9.1356,-0.3550
8.3520,sand,0.908,0.400,-0.7184,4.2408,-0.2332,-0.2102,-0.0130,-1.1885,-9.3273,-9.4481,-9.8221,-9.0616,-0.3524
8.3640,sand,0.908,0.400,-0.7106,4.2510,-0.2472,-0.2147,0.0539,-1.3476,-9.3376,-9.3933,-9.8027,-9.1703,-0.3488
8.3760,sand,0.908,0.400,-0.7020,4.1790,-0.2007,-0.2164,-0.1304,-1.0535,-9.2854,-9.4223,-9.8047,-9.1963,-0.3447
8.3880,sand,0.908,0.400,-0.6925,4.1614,-0.3185,-0.2297,0.1706,-1.0060,-9.3091,-9.3808,-9.8178,-9.2254,-0.3405
8.4000,sand,0.908,0.400,-0.6822,4.2981,-0.2825,-0.2317,-0.1475,-1.6353,-9.3137,-9.3278,-9.7179,-9.3533,-0.3358
8.4120,sand,0.908,0.400,-0.6711,4.2310,-0.2417,-0.2322,0.0498,-1.4401,-9.2959,-9.3298,-9.7636,-9.3994,-0.3312
8.4240,sand,0.908,0.400,-0.6593,4.2215,-0.2529,-0.2338,-0.3140,-1.3398,-9.3174,-9.2851,-9.7964,-9.4081,-0.3258
8.4360,sand,0.908,0.400,-0.6466,4.2669,-0.2723,-0.2345,-0.0165,-1.8631,-9.3386,-9.2649,-9.7438,-9.3844,-0.3197
8.4480,sand,0.908,0.400,-0.6332,4.2149,-0.2094,-0.2354,0.1523,-1.6425,-9.3235,-9.3275,-9.8357,-9.1691,-0.3134
8.4600,sand,0.908,0.400,-0.6191,4.2349,-0.3172,-0.2379,0.1855,-1.4439,-9.3775,-9.3151,-9.9111,-9.0268,-0.3065
8.4720,sand,0.908,0.400,-0.6042,4.2138,-0.2917,-0.2419,0.1704,-1.6351,-9.3999,-9.3984,-9.9081,-8.9967,-0.2998
8.4840,sand,0.908,0.400,-0.5887,4.2690,-0.2486,-0.2419,0.4150,-0.8481,-9.4276,-9.4146,-9.8027,-9.0646,-0.2926
8.4960,sand,0.908,0.400,-0.5724,4.3393,-0.3652,-0.2449,-0.0970,-1.2045,-9.4932,-9.3704,-9.8374,-9.0787,-0.2863
8.5080,sand,0.908,0.400,-0.5554,4.2618,-0.3573,-0.2490,0.1289,-1.5969,-9.4689,-9.3986,-9.8571,-9.0880,-0.2783
8.5200,sand,0.908,0.400,-0.5378,4.2551,-0.3302,-0.2483,0.0347,-1.7443,-9.4494,-9.3610,-9.7810,-9.1255,-0.2704
8.5320,sand,0.908,0.400,-0.5196,4.3112,-0.3544,-0.2507,0.2124,-0.8097,-9.4540,-9.4335,-9.7529,-9.0893,-0.2612
8.5440,sand,0.908,0.400,-0.5008,4.2048,-0.3025,-0.2460,-0.0364,-2.0951,-9.4845,-9.4135,-9.7777,-9.0584,-0.2522
8.5560,sand,0.908,0.400,-0.4814,4.2833,-0.2758,-0.2437,0.4478,-1.9381,-9.4875,-9.4015,-9.7639,-8.9968,-0.2417
8.5680,sand,0.908,0.400,-0.4614,4.2908,-0.3230,-0.2313,0.7105,-1.1709,-9.5309,-9.4340,-9.7933,-8.9706,-0.2345
8.5800,sand,0.908,0.400,-0.4408,4.2357,-0.2966,-0.2340,0.0023,-1.3227,-9.5686,-9.3931,-9.8396,-9.0029,-0.2261
8.5920,sand,0.908,0.400,-0.4198,4.1784,-0.2426,-0.2343,0.3078,-1.5259,-9.4788,-9.5135,-9.7501,-8.9315,-0.2135
8.6040,sand,0.908,0.400,-0.3982,4.2495,-0.3228,-0.2327,-0.0879,-1.0500,-9.4360,-9.6049,-9.8117,-8.9307,-0.2022
8.6160,sand,0.908,0.400,-0.3762,4.2368,-0.3286,-0.2345,0.0198,-0.3675,-9.4821,-9.5980,-9.7490,-8.9093,-0.1910
8.6280,sand,0.908,0.400,-0.3538,4.2363,-0.2954,-0.2317,0.3463,-0.6208,-9.4573,-9.6875,-9.7041,-8.9619,-0.1807
8.6400,sand,0.908,0.400,-0.3309,4.2317,-0.3952,-0.2279,0.0245,-0.9363,-9.4095,-9.7898,-9.7200,-8.9567,-0.1693
8.6520,sand,0.908,0.400,-0.3077,4.2961,-0.3249,-0.2272,-0.1297,-0.8270,-9.4413,-9.8290,-9.7182,-8.9895,-0.1578
8.6640,sand,0.908,0.400,-0.2840,4.2901,-0.2932,-0.2255,0.6019,-1.0748,-9.3921,-9.8686,-9.7472,-8.9609,-0.1464
8.6760,sand,0.908,0.400,-0.2601,4.2777,-0.3026,-0.2208,0.0378,-0.3930,-9.3791,-9.9443,-9.6876,-9.0577,-0.1359
8.6880,sand,0.908,0.400,-0.2358,4.3647,-0.2794,-0.2099,0.3012,-0.7856,-9.3158,-9.9320,-9.6743,-9.0337,-0.1234
8.7000,sand,0.908,0.400,-0.2113,4.2430,-0.3859,-0.2093,-0.1036,-0.6893,-9.2705,-10.0094,-9.6550,-9.0599,-0.1111
8.7120,sand,0.908,0.400,-0.1865,4.2876,-0.2786,-0.2036,0.1290,-0.6238,-9.3173,-9.9816,-9.7064,-9.0366,-0.0996
8.7240,sand,0.908,0.400,-0.1615,4.3235,-0.3609,-0.1992,0.4577,-0.3207,-9.2838,-9.9590,-9.6325,-9.0703,-0.0851
8.7360,sand,0.908,0.400,-0.1363,4.3359,-0.2436,-0.1911,-0.2784,-0.0583,-9.2796,-10.0017,-9.6110,-9.0710,-0.0723
8.7480,sand,0.908,0.400,-0.1110,4.2938,-0.2677,-0.1719,0.0927,-0.2081,-9.4091,-9.9407,-9.6548,-9.0542,-0.0610
8.7600,sand,0.908,0.400,-0.0855,4.3017,-0.2744,-0.1633,0.0519,-0.3091,-9.3504,-9.9050,-9.5622,-9.1107,-0.0487
8.7720,sand,0.908,0.400,-0.0599,4.3021,-0.2429,-0.1574,0.0798,-0.4148,-9.3708,-9.9042,-9.5982,-9.0934,-0.0351
8.7840,sand,0.908,0.400,-0.0343,4.3133,-0.2677,-0.1503,-0.0479,-0.1704,-9.4053,-9.8783,-9.6288,-9.1062,-0.0225
8.7960,sand,0.908,0.400,-0.0086,4.2936,-0.2930,-0.1375,-0.0211,0.3883,-9.3920,-9.8517,-9.6191,-9.0971,-0.0100
8.8080,sand,0.908,0.400,0.0171,4.3596,-0.2576,-0.1229,0.1456,-0.0521,-9.4525,-9.8294,-9.6052,-9.0983,0.0025
8.8200,sand,0.908,0.400,0.0428,4.1898,-0.2460,-0.1230,0.5862,-0.0003,-9.4248,-9.8034,-9.5478,-9.1449,0.0150
8.8320,sand,0.908,0.400,0.0684,4.2841,-0.1914,-0.1178,0.4620,0.4913,-9.4486,-9.7423,-9.6090,-9.0922,0.0274
8.8440,sand,0.908,0.400,0.0940,4.3334,-0.1592,-0.1120,0.1193,0.4008,-9.5612,-9.7062,-9.5876,-9.1776,0.0411
8.8560,sand,0.908,0.400,0.1194,4.2620,-0.2710,-0.1081,0.2753,0.3708,-9.5495,-9.6838,-9.6186,-9.1425,0.0537
8.8680,sand,0.908,0.400,0.1447,4.3435,-0.1997,-0.1007,0.1259,0.7004,-9.5795,-9.6385,-9.6200,-9.1242,0.0671
8.8800,sand,0.908,0.400,0.1699,4.3218,-0.2124,-0.0925,0.4928,0.2406,-9.6217,-9.6251,-9.5870,-9.2105,0.0782
8.8920,sand,0.908,0.400,0.1948,4.3168,-0.1679,-0.0898,0.1475,0.3418,-9.6338,-9.5984,-9.5515,-9.1572,0.0888
8.9040,sand,0.908,0.400,0.2195,4.2785,-0.0961,-0.0877,-0.1114,0.5223,-9.6910,-9.5614,-9.5318,-9.1351,0.1014
8.9160,sand,0.908,0.400,0.2440,4.2896,-0.0389,-0.0834,0.1724,0.7998,-9.6662,-9.5780,-9.5530,-9.2055,0.1129
8.9280,sand,0.908,0.400,0.2681,4.2383,-0.1641,-0.0737,0.0002,0.5704,-9.6075,-9.5597,-9.5033,-9.1947,0.1263
8.9400,sand,0.908,0.400,0.2920,4.3290,-0.1401,-0.0709,-0.4237,0.6799,-9.6227,-9.5221,-9.5189,-9.1916,0.1393
8.9520,sand,0.908,0.400,0.3155,4.2591,-0.0009,-0.0632,-0.0457,0.9139,-9.5684,-9.5475,-9.5099,-9.2218,0.1511
8.9640,sand,0.908,0.400,0.3386,4.3781,-0.1544,-0.0572,-0.1750,0.9179,-9.5656,-9.4975,-9.5082,-9.2180,0.1601
8.9760,sand,0.908,0.400,0.3613,4.3883,-0.0769,-0.0528,0.0836,0.6683,-9.5518,-9.4692,-9.4509,-9.2587,0.1724
8.9880,sand,0.908,0.400,0.3836,4.3193,-0.0058,-0.0409,0.0536,0.7820,-9.4375,-9.5012,-9.4893,-9.2423,0.1839
9.0000,sand,0.908,0.400,0.4055,4.3186,0.0010,-0.0378,0.1704,1.4518,-9.4437,-9.4965,-9.4806,-9.2449,0.1934
9.0120,sand,0.908,0.400,0.4269,4.3255,-0.0541,-0.0299,0.1584,0.5600,-9.4142,-9.4943,-9.4008,-9.2783,0.2052
9.0240,sand,0.908,0.400,0.4477,4.3923,0.0156,-0.0234,-0.0714,0.8921,-9.3127,-9.5276,-9.4657,-9.2490,0.2165
9.0360,sand,0.908,0.400,0.4681,4.3099,-0.0005,-0.0156,-0.0687,0.9285,-9.3241,-9.5266,-9.4290,-9.2726,0.2265
9.0480,sand,0.908,0.400,0.4879,4.3596,0.0051,-0.0019,-0.1764,1.2006,-9.2929,-9.5099,-9.4251,-9.2651,0.2364
9.0600,sand,0.908,0.400,0.5071,4.2208,0.0786,0.0074,-0.1619,1.1849,-9.2754,-9.5315,-9.4155,-9.3094,0.2446
9.0720,sand,0.908,0.400,0.5258,4.2450,0.0014,0.0112,-0.4333,1.1542,-9.3083,-9.5104,-9.3654,-9.3719,0.2519
9.0840,sand,0.908,0.400,0.5438,4.3115,0.0415,0.0151,0.0700,0.9349,-9.1983,-9.5774,-9.3373,-9.3242,0.2651
9.0960,sand,0.908,0.400,0.5612,4.2643,0.0035,0.0263,0.0339,1.0952,-9.1815,-9.5578,-9.3342,-9.3790,0.2725
9.1080,sand,0.908,0.400,0.5779,4.3352,0.1027,0.0407,-0.0653,1.1438,-9.1863,-9.5784,-9.3111,-9.4229,0.2785
9.1200,sand,0.908,0.400,0.5939,4.1951,0.1237,0.0471,-0.2153,1.0816,-9.1182,-9.5648,-9.2767,-9.4986,0.2860
9.1320,sand,0.908,0.400,0.6093,4.3581,0.0274,0.0556,-0.4073,0.8958,-9.0961,-9.5998,-9.2559,-9.5964,0.2958
9.1440,sand,0.908,0.400,0.6239,4.3844,0.0989,0.0643,-0.1996,0.5898,-9.0299,-9.6136,-9.2309,-9.6114,0.3025
9.1560,sand,0.908,0.400,0.6378,4.3032,0.1037,0.0712,-0.1244,1.7961,-9.0506,-9.5837,-9.2767,-9.5453,0.3068
9.1680,sand,0.908,0.400,0.6509,4.2726,0.2071,0.0841,-0.0990,1.2481,-9.0887,-9.5949,-9.2150,-9.5773,0.3141
9.1800,sand,0.908,0.400,0.6633,4.2765,0.1800,0.0979,0.0178,0.9343,-9.0819,-9.6086,-9.2010,-9.5957,0.3210
9.1920,sand,0.908,0.400,0.6749,4.3408,0.1989,0.1049,-0.1664,1.0394,-9.1490,-9.5778,-9.2427,-9.5204,0.3259
9.2040,sand,0.908,0.400,0.6857,4.2788,0.1575,0.1108,-0.0703,0.9279,-9.1720,-9.6034,-9.1568,-9.5448,0.3306
9.2160,sand,0.908,0.400,0.6957,4.2437,0.1265,0.1141,-0.0694,1.2316,-9.1947,-9.6014,-9.1060,-9.5934,0.3354
9.2280,sand,0.908,0.400,0.7049,4.2457,0.1604,0.1298,-0.1080,0.8584,-9.2412,-9.6017,-9.1607,-9.5138,0.3405
9.2400,sand,0.908,0.400,0.7133,4.2142,0.2186,0.1344,-0.2609,0.9011,-9.1856,-9.6449,-9.1014,-9.5735,0.3448
9.2520,sand,0.908,0.400,0.7208,4.3133,0.1389,0.1401,-0.0678,1.0795,-9.2123,-9.6497,-9.0933,-9.5895,0.3480
9.2640,sand,0.908,0.400,0.7275,4.2147,0.2055,0.1455,-0.3260,1.1252,-9.2204,-9.6321,-9.1021,-9.5478,0.3511
9.2760,sand,0.908,0.400,0.7333,4.3285,0.1234,0.1497,-0.1581,1.0086,-9.2458,-9.5912,-9.0651,-9.5721,0.3546
9.2880,sand,0.908,0.400,0.7383,4.3269,0.2018,0.1597,-0.3204,1.0194,-9.2057,-9.6511,-9.1324,-9.6085,0.3570
9.3000,sand,0.908,0.400,0.7424,4.2624,0.2831,0.1684,-0.1694,1.5416,-9.2577,-9.5636,-9.0854,-9.5825,0.3589
9.3120,sand,0.908,0.400,0.7456,4.2450,0.2141,0.1741,-0.1895,1.3281,-9.2869,-9.5442,-9.0507,-9.6629,0.3608
9.3240,sand,0.908,0.400,0.7479,4.2621,0.2023,0.1791,-0.3275,1.0948,-9.2735,-9.5680,-9.0670,-9.7161,0.3622
9.3360,sand,0.908,0.400,0.7494,4.2466,0.2616,0.1839,-0.0223,1.5220,-9.3631,-9.5028,-8.9682,-9.7079,0.3630
9.3480,sand,0.908,0.400,0.7500,4.2790,0.3188,0.1921,-0.2610,1.4021,-9.2816,-9.5830,-9.0196,-9.6732,0.3633
9.3600,sand,0.908,0.400,0.7497,4.3152,0.2637,0.1961,-0.2967,1.0731,-9.3114,-9.5705,-8.9707,-9.7394,0.3634
9.3720,sand,0.908,0.400,0.7485,4.3650,0.2383,0.1999,-0.1812,1.7227,-9.3180,-9.5731,-9.0272,-9.7160,0.3634
9.3840,sand,0.908,0.400,0.7465,4.2091,0.2190,0.2061,-0.1011,1.0845,-9.2773,-9.5484,-9.0907,-9.6684,0.3627
9.3960,sand,0.908,0.400,0.7435,4.2967,0.2121,0.2080,-0.0682,1.1281,-9.2762,-9.5537,-9.0825,-9.7813,0.3616
9.4080,sand,0.908,0.400,0.7397,4.2927,0.2835,0.2153,-0.1907,1.3840,-9.2787,-9.5274,-9.1725,-9.7422,0.3599
9.4200,sand,0.908,0.400,0.7351,4.3245,0.2756,0.2167,0.0395,1.9463,-9.2563,-9.4779,-9.2425,-9.7252,0.3579
9.4320,sand,0.908,0.400,0.7295,4.2896,0.2817,0.2238,-0.2292,1.4150,-9.2826,-9.4696,-9.2981,-9.7613,0.3555
9.4440,sand,0.908,0.400,0.7231,4.3085,0.3176,0.2229,-0.1082,1.2620,-9.2823,-9.4561,-9.3543,-9.7598,0.3530
9.4560,sand,0.908,0.400,0.7159,4.2704,0.2523,0.2253,-0.1910,0.8311,-9.1991,-9.4724,-9.3970,-9.7589,0.3498
9.4680,sand,0.908,0.400,0.7078,4.3616,0.3386,0.2314,-0.0160,1.8542,-9.1992,-9.4725,-9.3031,-9.7910,0.3461
9.4800,sand,0.908,0.400,0.6989,4.2595,0.2941,0.2297,-0.2177,1.5815,-9.1810,-9.4745,-9.3093,-9.7715,0.3425
9.4920,sand,0.908,0.400,0.6892,4.2828,0.2423,0.2345,-0.0851,1.7806,-9.1964,-9.4896,-9.2782,-9.8005,0.3386
9.5040,sand,0.908,0.400,0.6786,4.1748,0.3254,0.2347,-0.1035,1.4935,-9.1887,-9.5294,-9.1655,-9.8211,0.3339
9.5160,sand,0.908,0.400,0.6673,4.2650,0.2766,0.2386,-0.0510,1.1671,-9.2421,-9.5343,-9.1025,-9.8988,0.3291
9.5280,sand,0.908,0.400,0.6552,4.3307,0.2517,0.2416,0.0985,1.3538,-9.1932,-9.5803,-9.1234,-9.8463,0.3233
9.5400,sand,0.908,0.400,0.6423,4.2764,0.2421,0.2468,0.1261,1.4632,-9.1748,-9.6234,-9.0777,-9.8843,0.3173
9.5520,sand,0.908,0.400,0.6286,4.1565,0.3207,0.2526,0.0130,1.2104,-9.2089,-9.5917,-8.9827,-9.9819,0.3115
9.5640,sand,0.908,0.400,0.6142,4.3105,0.2565,0.2552,0.2509,1.3201,-9.2057,-9.6424,-9.0180,-9.8585,0.3052
9.5760,sand,0.908,0.400,0.5991,4.2981,0.2687,0.2553,-0.1095,1.3085,-9.2377,-9.6556,-8.9853,-9.9035,0.2986
9.5880,sand,0.908,0.400,0.5833,4.2356,0.2645,0.2601,-0.0766,0.9316,-9.2719,-9.6794,-8.8828,-10.0007,0.2912
9.6000,sand,0.908,0.400,0.5668,4.3411,0.3683,0.2603,0.0883,1.2744,-9.2997,-9.7047,-8.9496,-9.8818,0.2827
9.6120,sand,0.908,0.400,0.5497,4.3034,0.3117,0.2644,-0.0256,1.3482,-9.2789,-9.7329,-8.9102,-9.9091,0.2750
9.6240,sand,0.908,0.400,0.5318,4.3030,0.2434,0.2651,-0.1056,1.2754,-9.3035,-9.7770,-8.8510,-10.0143,0.2679
9.6360,sand,0.908,0.400,0.5134,4.2781,0.1958,0.2652,-0.3120,2.0529,-9.3561,-9.7410,-8.8958,-9.8610,0.2586
9.6480,sand,0.908,0.400,0.4944,4.2081,0.3666,0.2685,-0.0825,1.5977,-9.4370,-9.6872,-8.9094,-9.9137,0.2484
9.6600,sand,0.908,0.400,0.4748,4.2983,0.2669,0.2625,-0.5365,0.7279,-9.4211,-9.7492,-8.8278,-9.9207,0.2378
9.6720,sand,0.908,0.400,0.4546,4.3227,0.3132,0.2582,-0.0118,1.6296,-9.3859,-9.7328,-8.9105,-9.8349,0.2301
9.6840,sand,0.908,0.400,0.4339,4.3007,0.3186,0.2576,-0.1824,1.4966,-9.4059,-9.6988,-8.9837,-9.8042,0.2227
9.6960,sand,0.908,0.400,0.4127,4.2662,0.3799,0.2521,0.0232,1.1309,-9.4954,-9.6678,-8.9509,-9.8456,0.2108
9.7080,sand,0.908,0.400,0.3910,4.3722,0.2785,0.2432,-0.2435,0.9473,-9.5690,-9.6068,-9.0402,-9.7456,0.1986
9.7200,sand,0.908,0.400,0.3688,4.2797,0.2605,0.2451,0.3862,0.7269,-9.5070,-9.6384,-8.9820,-9.8028,0.1886
9.7320,sand,0.908,0.400,0.3462,4.3035,0.3135,0.2432,0.0968,0.5544,-9.4429,-9.6681,-9.0115,-9.7883,0.1786
9.7440,sand,0.908,0.400,0.3232,4.2659,0.3347,0.2439,0.2785,0.6524,-9.4468,-9.6436,-8.9634,-9.7902,0.1690
9.7560,sand,0.908,0.400,0.2998,4.2709,0.2426,0.2418,0.1352,0.8568,-9.5341,-9.5936,-8.9029,-9.9232,0.1573
9.7680,sand,0.908,0.400,0.2761,4.2975,0.2806,0.2375,-0.0631,0.5511,-9.6361,-9.5453,-8.9202,-9.8723,0.1421
9.7800,sand,0.908,0.400,0.2520,4.2789,0.3501,0.2344,-0.1576,0.4706,-9.6052,-9.6240,-8.9428,-9.7277,0.1315
9.7920,sand,0.908,0.400,0.2277,4.3790,0.2987,0.2260,-0.0924,0.7130,-9.5815,-9.6248,-8.9901,-9.7173,0.1218
9.8040,sand,0.908,0.400,0.2031,4.2923,0.2713,0.2227,-0.1911,0.7383,-9.5592,-9.6013,-8.9692,-9.7785,0.1101
9.8160,sand,0.908,0.400,0.1782,4.3181,0.2839,0.2143,0.2591,1.0104,-9.6345,-9.5793,-9.0077,-9.7125,0.0961
9.8280,sand,0.908,0.400,0.1531,4.3174,0.3385,0.1939,0.5144,0.8543,-9.6398,-9.6071,-9.0475,-9.7396,0.0834
9.8400,sand,0.908,0.400,0.1279,4.4047,0.2017,0.1863,0.2395,0.2353,-9.6274,-9.6032,-9.0741,-9.6691,0.0715
9.8520,sand,0.908,0.400,0.1025,4.3106,0.2587,0.1837,0.0751,-0.1126,-9.5942,-9.5707,-9.1160,-9.6792,0.0588
9.8640,sand,0.908,0.400,0.0770,4.2613,0.3318,0.1795,-0.0360,0.4567,-9.5405,-9.5393,-9.1050,-9.7720,0.0470
9.8760,sand,0.908,0.400,0.0514,4.3640,0.3150,0.1737,0.4343,-0.6089,-9.5485,-9.5435,-9.0769,-9.7373,0.0344
9.8880,sand,0.908,0.400,0.0257,4.4080,0.2430,0.1651,0.1066,0.2104,-9.5904,-9.5338,-9.0543,-9.7652,0.0195
9.9000,sand,0.908,0.400,-0.0000,4.2666,0.2479,0.1587,0.0302,0.0150,-9.5236,-9.5657,-9.0320,-9.7280,0.0078
9.9120,sand,0.908,0.400,-0.0257,4.3458,0.3057,0.1564,-0.4418,0.0227,-9.5916,-9.5887,-9.0314,-9.6703,-0.0092
9.9240,sand,0.908,0.400,-0.0514,4.3905,0.2773,0.1438,0.0346,0.0956,-9.4093,-9.6782,-9.0591,-9.6780,-0.0189
9.9360,sand,0.908,0.400,-0.0770,4.3519,0.2268,0.1320,-0.1811,-0.0325,-9.2534,-9.8118,-9.0991,-9.6802,-0.0270
9.9480,sand,0.908,0.400,-0.1025,4.3968,0.1429,0.1209,0.0714,0.3103,-9.3773,-9.7126,-9.1266,-9.5913,-0.0399
9.9600,sand,0.908,0.400,-0.1279,4.3462,0.1207,0.1174,-0.0954,-0.5007,-9.4708,-9.6207,-9.1390,-9.6492,-0.0549
9.9720,sand,0.908,0.400,-0.1531,4.3130,0.1263,0.1119,-0.2398,-0.2719,-9.4428,-9.6851,-9.1231,-9.6449,-0.0683
9.9840,sand,0.908,0.400,-0.1782,4.3076,0.2369,0.1052,0.0533,-0.1463,-9.4711,-9.7138,-9.0899,-9.6072,-0.0799
9.9960,sand,0.908,0.400,-0.2031,4.2703,0.2100,0.1006,0.1387,-0.9968,-9.2968,-9.7874,-9.1012,-9.6116,-0.0910
10.0080,sand,0.908,0.850,-0.1350,4.3705,0.2144,0.0909,-0.1778,-0.6740,-9.1175,-9.9263,-9.0624,-9.6044,-0.1017
10.0200,sand,0.908,0.850,-0.1422,4.2705,0.1566,0.0637,-0.1066,-0.7002,-8.9614,-10.0343,-9.1579,-9.5890,-0.0860
10.0320,sand,0.908,0.850,-0.1492,4.2774,0.1019,0.0645,-0.1672,-0.7555,-8.8490,-10.1947,-9.2563,-9.6465,-0.0713
10.0440,sand,0.908,0.850,-0.1562,4.2512,0.0781,0.0691,0.1551,-1.1099,-8.9780,-10.1798,-9.2068,-9.6258,-0.0695
10.0560,sand,0.908,0.850,-0.1630,4.3448,0.0700,0.0650,0.1740,-0.3595,-9.1732,-10.0674,-9.2246,-9.6280,-0.0767
10.0680,sand,0.908,0.850,-0.1697,4.2016,0.0556,0.0550,0.0077,-0.5757,-9.1942,-10.0641,-9.2598,-9.6317,-0.0820
10.0800,sand,0.908,0.850,-0.1763,4.3548,0.1885,0.0483,0.1664,-1.0731,-9.1763,-10.0682,-9.1990,-9.6876,-0.0847
10.0920,sand,0.908,0.850,-0.1828,4.3391,0.0563,0.0427,0.0824,-0.4830,-9.1032,-10.0778,-9.2009,-9.7273,-0.0865
10.1040,sand,0.908,0.850,-0.1891,4.2851,0.0805,0.0407,-0.0164,-0.1875,-9.2434,-10.0156,-9.1923,-9.7052,-0.0893
10.1160,sand,0.908,0.850,-0.1953,4.2746,0.0231,0.0426,-0.1744,-0.5004,-9.3470,-9.9586,-9.2259,-9.6609,-0.0934
10.1280,sand,0.908,0.850,-0.2014,4.1989,-0.0101,0.0315,-0.0348,-0.7392,-9.3610,-10.0118,-9.2736,-9.6618,-0.0978
10.1400,sand,0.908,0.850,-0.2073,4.2747,0.1058,0.0257,0.2693,-0.6864,-9.3706,-10.0362,-9.3183,-9.6490,-0.1006
10.1520,sand,0.908,0.850,-0.2131,4.3579,0.0228,0.0206,0.1627,-0.6061,-9.3475,-9.9967,-9.3592,-9.6361,-0.1024
10.1640,sand,0.908,0.850,-0.2187,4.3327,-0.0083,0.0198,0.0018,-0.6478,-9.1799,-10.0804,-9.3476,-9.6718,-0.1049
10.1760,sand,0.908,0.850,-0.2241,4.3728,-0.0044,0.0129,0.0518,-0.6017,-9.2905,-9.9476,-9.2990,-9.6914,-0.1079
10.1880,sand,0.908,0.850,-0.2294,4.3610,0.0053,0.0068,0.1840,-0.2804,-9.3985,-9.8302,-9.3363,-9.6444,-0.1109
10.2000,sand,0.908,0.850,-0.2345,4.3875,0.0032,0.0040,-0.1416,-1.0184,-9.4591,-9.8864,-9.3134,-9.5807,-0.1136
10.2120,sand,0.908,0.850,-0.2395,4.3614,0.0546,-0.0014,0.2359,-0.4714,-9.5556,-9.8543,-9.3288,-9.5325,-0.1164
10.2240,sand,0.908,0.850,-0.2443,4.3698,0.0603,-0.0044,0.0045,-0.7257,-9.5133,-9.8980,-9.3862,-9.5804,-0.1191
10.2360,sand,0.908,0.850,-0.2489,4.3258,0.0499,-0.0085,0.1922,-0.4133,-9.5371,-9.9322,-9.4091,-9.5441,-0.1211
10.2480,sand,0.908,0.850,-0.2533,4.2449,0.0398,-0.0191,0.2214,-0.6036,-9.5133,-9.8700,-9.4790,-9.5171,-0.1230
10.2600,sand,0.908,0.850,-0.2575,4.2824,-0.0821,-0.0235,-0.0002,-0.9630,-9.3629,-9.9191,-9.4163,-9.5633,-0.1253
10.2720,sand,0.908,0.850,-0.2616,4.4024,0.0132,-0.0276,0.0171,-0.4576,-9.5022,-9.8177,-9.3622,-9.5423,-0.1275
10.2840,sand,0.908,0.850,-0.2654,4.3319,-0.0848,-0.0274,-0.1787,-0.4562,-9.6161,-9.6598,-9.4315,-9.5652,-0.1295
10.2960,sand,0.908,0.850,-0.2691,4.2439,0.0241,-0.0292,0.1333,-0.2749,-9.6606,-9.7395,-9.4466,-9.4580,-0.1316
10.3080,sand,0.908,0.850,-0.2726,4.4013,-0.0746,-0.0430,0.1262,-0.7195,-9.7033,-9.7517,-9.5169,-9.4135,-0.1336
10.3200,sand,0.908,0.850,-0.2759,4.3475,0.0078,-0.0463,0.1507,-0.3173,-9.6772,-9.7724,-9.5290,-9.4684,-0.1355
10.3320,sand,0.908,0.850,-0.2789,4.2763,-0.0188,-0.0502,0.2725,-0.5534,-9.6667,-9.8159,-9.5099,-9.4664,-0.1369
10.3440,sand,0.908,0.850,-0.2818,4.3758,-0.1707,-0.0531,0.0998,-0.5128,-9.7320,-9.7739,-9.4687,-9.4777,-0.1383
10.3560,sand,0.908,0.850,-0.2845,4.4124,-0.1082,-0.0576,0.1092,-0.7693,-9.6003,-9.7904,-9.5065,-9.5270,-0.1397
10.3680,sand,0.908,0.850,-0.2869,4.3887,-0.0424,-0.0675,0.0502,-1.1519,-9.4521,-9.8875,-9.4730,-9.5581,-0.1409
10.3800,sand,0.908,0.850,-0.2892,4.3104,-0.1045,-0.0658,-0.0233,-0.1840,-9.5527,-9.7361,-9.5441,-9.4745,-0.1418
10.3920,sand,0.908,0.850,-0.2912,4.3259,-0.0983,-0.0685,-0.0045,-0.5887,-9.6300,-9.6380,-9.6347,-9.3873,-0.1426
10.4040,sand,0.908,0.850,-0.2931,4.3484,-0.0476,-0.0672,0.1534,-0.4174,-9.7361,-9.5946,-9.5666,-9.3742,-0.1439
10.4160,sand,0.908,0.850,-0.2947,4.3884,-0.1278,-0.0714,0.1342,-0.9876,-9.7691,-9.6387,-9.5841,-9.4738,-0.1454
10.4280,sand,0.908,0.850,-0.2961,4.3192,-0.1267,-0.0819,0.1684,-0.5910,-9.6648,-9.7691,-9.6629,-9.4854,-0.1464
10.4400,sand,0.908,0.850,-0.2973,4.3498,-0.0663,-0.0837,0.2040,-0.3525,-9.7053,-9.7346,-9.6008,-9.4799,-0.1467
10.4520,sand,0.908,0.850,-0.2983,4.2528,-0.0867,-0.0854,0.0872,-0.7307,-9.7261,-9.7266,-9.5719,-9.5734,-0.1470
10.4640,sand,0.908,0.850,-0.2990,4.2941,-0.0753,-0.0862,0.0208,-0.8445,-9.6792,-9.7956,-9.6011,-9.4533,-0.1475
10.4760,sand,0.908,0.850,-0.2996,4.2907,-0.1450,-0.0885,0.3213,-0.5215,-9.7063,-9.7647,-9.6574,-9.3395,-0.1481
10.4880,sand,0.908,0.850,-0.2999,4.3983,-0.2116,-0.0967,0.2613,-0.4438,-9.6551,-9.7878,-9.7115,-9.3669,-0.1483
10.5000,sand,0.908,0.850,-0.3000,4.2960,-0.1313,-0.0989,0.3237,-1.1795,-9.4513,-9.9079,-9.7077,-9.4446,-0.1480
10.5120,sand,0.908,0.850,-0.2999,4.4320,-0.1558,-0.0996,0.1483,-0.6645,-9.4914,-9.7961,-9.6956,-9.6120,-0.1474
10.5240,sand,0.908,0.850,-0.2996,4.4588,-0.0859,-0.1015,0.0319,-0.2594,-9.6460,-9.6910,-9.7516,-9.6039,-0.1466
10.5360,sand,0.908,0.850,-0.2990,4.3513,-0.1868,-0.1050,0.0825,-0.3328,-9.6991,-9.5704,-9.7532,-9.6064,-0.1466
10.5480,sand,0.908,0.850,-0.2983,4.4351,-0.1358,-0.1069,-0.0140,-0.7250,-9.7926,-9.4403,-9.6558,-9.6672,-0.1474
10.5600,sand,0.908,0.850,-0.2973,4.4189,-0.1832,-0.1073,0.2088,-0.8227,-9.7775,-9.5411,-9.7548,-9.6134,-0.1480
10.5720,sand,0.908,0.850,-0.2961,4.3380,-0.0288,-0.1098,0.0014,-0.9945,-9.7223,-9.6411,-9.7927,-9.4721,-0.1474
10.5840,sand,0.908,0.850,-0.2947,4.3493,-0.1124,-0.1119,0.3174,-0.9568,-9.7359,-9.7022,-9.8302,-9.4242,-0.1460
10.5960,sand,0.908,0.850,-0.2931,4.3811,-0.1690,-0.1147,0.4356,-0.4389,-9.7481,-9.7564,-9.9380,-9.3855,-0.1449
10.6080,sand,0.908,0.850,-0.2912,4.3738,-0.1847,-0.1182,0.2338,-0.7531,-9.6890,-9.7377,-9.8354,-9.5518,-0.1444
10.6200,sand,0.908,0.850,-0.2892,4.4695,-0.0567,-0.1229,0.1860,-0.9726,-9.6760,-9.6944,-9.7387,-9.6954,-0.1438
10.6320,sand,0.908,0.850,-0.2869,4.4447,-0.1353,-0.1231,0.3624,-0.4514,-9.7167,-9.6999,-9.8251,-9.6275,-0.1428
10.6440,sand,0.908,0.850,-0.2845,4.4105,-0.1793,-0.1236,0.1430,-0.8004,-9.6127,-9.6922,-9.7921,-9.6347,-0.1413
10.6560,sand,0.908,0.850,-0.2818,4.4004,-0.0344,-0.1274,0.1643,-1.1470,-9.5149,-9.7257,-9.8671,-9.4895,-0.1397
10.6680,sand,0.908,0.850,-0.2789,4.4109,-0.1523,-0.1273,0.2171,-0.4141,-9.5508,-9.7778,-9.9073,-9.4384,-0.1379
10.6800,sand,0.908,0.850,-0.2759,4.2923,-0.1311,-0.1256,-0.0886,-0.8967,-9.5499,-9.7300,-9.9528,-9.4273,-0.1357
10.6920,sand,0.908,0.850,-0.2726,4.3529,-0.2670,-0.1285,0.2568,-0.1602,-9.6479,-9.7202,-9.8595,-9.4972,-0.1337
10.7040,sand,0.908,0.850,-0.2691,4.3195,-0.1706,-0.1254,-0.0023,-0.4185,-9.7924,-9.7107,-9.9209,-9.5127,-0.1323
10.7160,sand,0.908,0.850,-0.2654,4.4406,-0.1661,-0.1255,0.1999,-0.4239,-9.8366,-9.5702,-9.8994,-9.5337,-0.1312
10.7280,sand,0.908,0.850,-0.2616,4.4269,-0.1304,-0.1258,-0.0645,-0.6047,-9.8411,-9.4803,-9.8707,-9.5370,-0.1299
10.7400,sand,0.908,0.850,-0.2575,4.4360,-0.1390,-0.1280,0.2786,-0.3486,-9.8626,-9.5099,-9.8444,-9.5081,-0.1286
10.7520,sand,0.908,0.850,-0.2533,4.4758,-0.1215,-0.1285,-0.0090,-0.7375,-9.8123,-9.5018,-9.8590,-9.5153,-0.1268
10.7640,sand,0.908,0.850,-0.2489,4.4377,-0.1583,-0.1248,-0.0844,-0.9233,-9.7536,-9.6514,-9.8985,-9.4628,-0.1246
10.7760,sand,0.908,0.850,-0.2443,4.3988,-0.2294,-0.1232,0.4501,-0.9580,-9.7856,-9.7061,-9.8690,-9.4335,-0.1217
10.7880,sand,0.908,0.850,-0.2395,4.4126,-0.1201,-0.1229,0.3674,-0.3198,-9.7488,-9.7964,-9.8892,-9.4388,-0.1189
10.8000,sand,0.908,0.850,-0.2345,4.4388,-0.1964,-0.1277,0.1577,-0.3682,-9.6883,-9.8843,-9.8642,-9.4290,-0.1167
10.8120,sand,0.908,0.850,-0.2294,4.5372,-0.1909,-0.1278,0.5582,-0.4342,-9.7361,-9.8588,-9.8135,-9.5059,-0.1142
10.8240,sand,0.908,0.850,-0.2241,4.3952,-0.1863,-0.1255,0.1726,-0.3129,-9.7510,-9.8727,-9.8455,-9.5027,-0.1119
10.8360,sand,0.908,0.850,-0.2187,4.4975,-0.1814,-0.1235,0.1841,-0.3639,-9.6975,-9.9433,-9.8277,-9.5430,-0.1096
10.8480,sand,0.908,0.850,-0.2131,4.5077,-0.0956,-0.1219,0.1858,-0.4959,-9.7059,-9.9287,-9.8468,-9.5264,-0.1067
10.8600,sand,0.908,0.850,-0.2073,4.4782,-0.0731,-0.1204,-0.1550,-0.6367,-9.6690,-9.9419,-9.9234,-9.3948,-0.1034
10.8720,sand,0.908,0.850,-0.2014,4.4394,-0.1699,-0.1223,-0.1565,-1.0061,-9.5027,-10.0522,-9.8738,-9.4648,-0.1000
10.8840,sand,0.908,0.850,-0.1953,4.4853,-0.2070,-0.1169,0.3015,-0.7831,-9.5564,-10.0083,-9.8396,-9.4681,-0.0966
10.8960,sand,0.908,0.850,-0.1891,4.4414,-0.2492,-0.1174,0.0247,-0.5181,-9.5990,-9.9582,-9.8574,-9.4991,-0.0931
10.9080,sand,0.908,0.850,-0.1828,4.3507,-0.1736,-0.1118,0.0854,-0.2966,-9.6754,-9.9377,-9.8315,-9.5616,-0.0899
10.9200,sand,0.908,0.850,-0.1763,4.4060,-0.1207,-0.1091,0.0593,-0.0782,-9.7908,-9.8641,-9.8631,-9.5057,-0.0868
10.9320,sand,0.908,0.850,-0.1697,4.3946,-0.1889,-0.1060,0.1208,-0.5587,-9.8353,-9.8337,-9.7961,-9.5765,-0.0841
10.9440,sand,0.908,0.850,-0.1630,4.4551,-0.1140,-0.1063,0.3404,-0.5480,-9.7900,-9.9035,-9.7792,-9.5278,-0.0814
10.9560,sand,0.908,0.850,-0.1562,4.4339,-0.0811,-0.1074,0.2319,-0.4650,-9.8475,-9.7805,-9.8336,-9.4956,-0.0779
10.9680,sand,0.908,0.850,-0.1492,4.4834,-0.1303,-0.1042,0.3047,-0.1372,-9.8593,-9.7142,-9.8626,-9.5112,-0.0747
10.9800,sand,0.908,0.850,-0.1422,4.5451,-0.0818,-0.1077,0.1163,-0.3894,-9.8035,-9.7649,-9.7983,-9.5533,-0.0716
10.9920,sand,0.908,0.850,-0.1350,4.4877,-0.1365,-0.1021,0.0266,0.0977,-9.8490,-9.6689,-9.8352,-9.5664,-0.0684
11.0040,sand,0.908,0.850,-0.1277,4.5572,-0.1893,-0.0976,-0.0435,-1.0320,-9.8380,-9.7088,-9.9020,-9.5646,-0.0649
11.0160,sand,0.908,0.850,-0.1204,4.4628,-0.1447,-0.0967,0.6208,0.1071,-9.7414,-9.7859,-9.8207,-9.5617,-0.0603
11.0280,sand,0.908,0.850,-0.1129,4.4643,-0.1223,-0.0927,0.3009,0.1505,-9.7677,-9.7561,-9.8544,-9.5726,-0.0573
11.0400,sand,0.908,0.850,-0.1054,4.4727,-0.1500,-0.0980,0.0900,-0.0645,-9.8322,-9.7937,-9.8434,-9.5186,-0.0550
11.0520,sand,0.908,0.850,-0.0978,4.5198,-0.1168,-0.0977,0.1413,0.0813,-9.7526,-9.8691,-9.8830,-9.5325,-0.0507
11.0640,sand,0.908,0.850,-0.0901,4.5002,-0.1201,-0.0956,0.0852,-0.2537,-9.7241,-9.8770,-9.8803,-9.5547,-0.0464
11.0760,sand,0.908,0.850,-0.0824,4.4736,-0.0799,-0.0946,-0.0025,0.2970,-9.7748,-9.9130,-9.8784,-9.5984,-0.0423
11.0880,sand,0.908,0.850,-0.0746,4.4718,-0.1793,-0.0895,0.1918,-0.2103,-9.7249,-9.9214,-9.8171,-9.6027,-0.0391
11.1000,sand,0.908,0.850,-0.0668,4.4791,-0.0468,-0.0873,0.1537,-0.1420,-9.7155,-9.9230,-9.8295,-9.6256,-0.0354
11.1120,sand,0.908,0.850,-0.0589,4.3851,-0.0513,-0.0831,0.0549,-0.6032,-9.7215,-9.9074,-9.8514,-9.6277,-0.0310
11.1240,sand,0.908,0.850,-0.0509,4.5501,-0.1169,-0.0809,-0.0026,-0.1243,-9.6023,-9.9565,-9.8863,-9.6186,-0.0263
11.1360,sand,0.908,0.850,-0.0429,4.4246,-0.0833,-0.0781,0.1845,-0.0551,-9.5942,-9.9324,-9.8634,-9.6243,-0.0216
11.1480,sand,0.908,0.850,-0.0349,4.5273,-0.0464,-0.0718,-0.0487,0.0177,-9.6942,-9.9045,-9.8470,-9.5817,-0.0176
11.1600,sand,0.908,0.850,-0.0269,4.5107,-0.0858,-0.0750,-0.0437,0.2910,-9.6850,-9.9339,-9.8815,-9.5014,-0.0138
11.1720,sand,0.908,0.850,-0.0188,4.4157,-0.0389,-0.0694,-0.0597,0.7938,-9.7979,-9.8680,-9.8481,-9.5895,-0.0100
11.1840,sand,0.908,0.850,-0.0108,4.4157,-0.0414,-0.0706,0.0602,0.0092,-9.8211,-9.8696,-9.8514,-9.5986,-0.0059
11.1960,sand,0.908,0.850,-0.0027,4.5348,-0.0944,-0.0647,0.0599,0.8121,-9.8044,-9.8603,-9.8446,-9.6349,-0.0021
11.2080,sand,0.908,0.850,0.0054,4.4806,-0.1230,-0.0536,0.2660,-0.1651,-9.8670,-9.7654,-9.7356,-9.7791,0.0016
11.2200,sand,0.908,0.850,0.0135,4.5232,-0.0673,-0.0511,0.1259,0.3822,-9.8557,-9.7304,-9.8106,-9.7165,0.0055
11.2320,sand,0.908,0.850,0.0215,4.6185,-0.1563,-0.0464,0.0972,0.2429,-9.7991,-9.7467,-9.7789,-9.7214,0.0090
11.2440,sand,0.908,0.850,0.0296,4.4524,-0.1245,-0.0415,0.0532,-0.2903,-9.7972,-9.7743,-9.7474,-9.7440,0.0128
11.2560,sand,0.908,0.850,0.0376,4.4661,-0.0456,-0.0384,0.0818,0.1953,-9.7968,-9.8339,-9.7412,-9.7180,0.0163
11.2680,sand,0.908,0.850,0.0456,4.4384,-0.0019,-0.0340,0.2007,0.2147,-9.7245,-9.8846,-9.7444,-9.6911,0.0196
11.2800,sand,0.908,0.850,0.0536,4.5054,-0.1076,-0.0299,-0.1908,0.3589,-9.6934,-9.9308,-9.7856,-9.6960,0.0246
11.2920,sand,0.908,0.850,0.0615,4.4961,0.0611,-0.0271,0.0261,0.0949,-9.7359,-9.9383,-9.8006,-9.6353,0.0287
11.3040,sand,0.908,0.850,0.0694,4.4948,-0.0350,-0.0253,0.0862,0.5643,-9.6323,-10.0032,-9.8265,-9.6213,0.0322
11.3160,sand,0.908,0.850,0.0772,4.4498,-0.0336,-0.0272,-0.0154,0.5767,-9.5936,-9.9841,-9.8160,-9.6640,0.0373
11.3280,sand,0.908,0.850,0.0850,4.4977,-0.0195,-0.0210,-0.3874,0.4271,-9.6061,-9.9728,-9.8058,-9.6671,0.0412
11.3400,sand,0.908,0.850,0.0927,4.5203,0.0341,-0.0221,-0.1482,0.5661,-9.6350,-9.9443,-9.8216,-9.6770,0.0440
11.3520,sand,0.908,0.850,0.1004,4.5437,-0.0094,-0.0173,0.0884,0.4946,-9.6748,-9.9077,-9.7655,-9.7319,0.0488
11.3640,sand,0.908,0.850,0.1079,4.3610,-0.0049,-0.0143,-0.0227,0.1958,-9.6659,-9.8902,-9.7522,-9.7781,0.0530
11.3760,sand,0.908,0.850,0.1154,4.5392,-0.0457,-0.0059,0.3658,0.6157,-9.6709,-9.8163,-9.7826,-9.7943,0.0562
11.3880,sand,0.908,0.850,0.1228,4.5143,0.0699,0.0019,0.1111,0.5091,-9.6944,-9.7876,-9.7192,-9.8752,0.0599
11.4000,sand,0.908,0.850,0.1302,4.5108,0.0509,0.0057,-0.1166,0.3353,-9.7213,-9.8084,-9.7380,-9.8534,0.0637
11.4120,sand,0.908,0.850,0.1374,4.3977,-0.0124,0.0164,0.0572,0.6553,-9.6624,-9.8315,-9.7012,-9.8296,0.0674
11.4240,sand,0.908,0.850,0.1445,4.4441,0.0612,0.0190,-0.1019,0.9042,-9.6537,-9.8243,-9.7293,-9.8429,0.0706
11.4360,sand,0.908,0.850,0.1516,4.4335,0.0172,0.0195,0.1342,0.1124,-9.6625,-9.8618,-9.7208,-9.8312,0.0739
11.4480,sand,0.908,0.850,0.1585,4.4992,-0.0485,0.0247,-0.0488,-0.0473,-9.5680,-9.9624,-9.6607,-9.8164,0.0772
11.4600,sand,0.908,0.850,0.1653,4.5290,0.0399,0.0283,-0.0116,0.9153,-9.5510,-9.9949,-9.7209,-9.8149,0.0809
11.4720,sand,0.908,0.850,0.1720,4.5042,0.1271,0.0316,-0.1852,0.1736,-9.5343,-9.9756,-9.7276,-9.8222,0.0844
11.4840,sand,0.908,0.850,0.1785,4.5097,0.0761,0.0307,0.0246,0.6835,-9.5655,-9.9593,-9.8002,-9.7768,0.0875
11.4960,sand,0.908,0.850,0.1849,4.4362,0.0313,0.0310,0.1615,0.3124,-9.6520,-9.9222,-9.7281,-9.7936,0.0900
11.5080,sand,0.908,0.850,0.1912,4.4458,0.0940,0.0363,0.0024,0.8098,-9.6325,-9.8963,-9.7167,-9.8105,0.0930
11.5200,sand,0.908,0.850,0.1974,4.4724,0.0729,0.0393,-0.0950,0.3899,-9.6368,-9.8849,-9.7220,-9.8491,0.0972
11.5320,sand,0.908,0.850,0.2034,4.4961,-0.0098,0.0445,0.0915,0.7241,-9.6701,-9.8729,-9.7166,-9.8784,0.1008
11.5440,sand,0.908,0.850,0.2093,4.3982,0.0923,0.0492,0.0378,0.3429,-9.6555,-9.8612,-9.6776,-9.8937,0.1034
11.5560,sand,0.908,0.850,0.2150,4.5877,0.0691,0.0510,-0.2649,0.6952,-9.6292,-9.8806,-9.6833,-9.8789,0.1056
11.5680,sand,0.908,0.850,0.2205,4.5010,0.1371,0.0557,-0.0174,0.9053,-9.6240,-9.9166,-9.6947,-9.8726,0.1081
11.5800,sand,0.908,0.850,0.2259,4.5436,0.0548,0.0591,0.1902,0.4721,-9.5430,-9.9505,-9.6900,-9.9074,0.1111
11.5920,sand,0.908,0.850,0.2312,4.5042,0.0384,0.0633,-0.2753,0.4658,-9.5148,-9.9873,-9.6666,-9.9213,0.1150
11.6040,sand,0.908,0.850,0.2362,4.5049,0.1703,0.0651,-0.0294,0.2270,-9.5252,-9.9849,-9.6765,-9.9310,0.1172
11.6160,sand,0.908,0.850,0.2411,4.5298,0.0994,0.0669,-0.0721,0.6454,-9.5511,-9.9457,-9.6336,-9.9302,0.1190
11.6280,sand,0.908,0.850,0.2458,4.4492,0.1314,0.0752,0.0393,0.4349,-9.5783,-9.9594,-9.6594,-9.9348,0.1215
11.6400,sand,0.908,0.850,0.2504,4.3716,0.0782,0.0780,0.0810,1.2931,-9.6262,-9.9315,-9.6564,-9.9412,0.1242
11.6520,sand,0.908,0.850,0.2547,4.4565,0.0501,0.0809,0.1368,0.5793,-9.6084,-9.9562,-9.6073,-9.9702,0.1261
11.6640,sand,0.908,0.850,0.2589,4.5262,0.0777,0.0839,0.1031,0.7081,-9.6088,-9.9527,-9.6318,-10.0021,0.1279
11.6760,sand,0.908,0.850,0.2629,4.5199,0.1282,0.0855,0.0453,0.6396,-9.5941,-9.9671,-9.6480,-10.0541,0.1300
11.6880,sand,0.908,0.850,0.2667,4.5208,0.2252,0.0932,0.0102,0.5039,-9.5105,-10.0024,-9.6007,-10.1039,0.1321
11.7000,sand,0.908,0.850,0.2703,4.5029,0.1317,0.0951,0.0350,0.9101,-9.5362,-9.9680,-9.6206,-10.0881,0.1341
11.7120,sand,0.908,0.850,0.2737,4.4141,0.1161,0.0999,-0.0003,0.5891,-9.5529,-9.9718,-9.6343,-10.0733,0.1358
11.7240,sand,0.908,0.850,0.2769,4.5017,0.0630,0.1018,0.0370,0.5188,-9.5521,-9.9268,-9.5805,-10.1303,0.1374
11.7360,sand,0.908,0.850,0.2799,4.4184,0.0735,0.1067,0.1621,0.8997,-9.5956,-9.9483,-9.5937,-10.0764,0.1386
11.7480,sand,0.908,0.850,0.2827,4.5025,0.1520,0.1112,0.1057,0.8913,-9.6001,-9.9468,-9.6941,-10.0518,0.1397
11.7600,sand,0.908,0.850,0.2853,4.5748,0.1469,0.1147,0.0520,0.7120,-9.6049,-9.9774,-9.6702,-10.0037,0.1412
11.7720,sand,0.908,0.850,0.2877,4.5506,0.1300,0.1109,-0.1190,0.4737,-9.5448,-9.9918,-9.7072,-9.9604,0.1426
11.7840,sand,0.908,0.850,0.2899,4.5389,0.1071,0.1100,-0.0376,1.1121,-9.5429,-10.0000,-9.7721,-9.9652,0.1437
11.7960,sand,0.908,0.850,0.2919,4.5562,0.1072,0.1097,-0.0025,0.7733,-9.5418,-9.9797,-9.7193,-10.0145,0.1448
11.8080,sand,0.908,0.850,0.2936,4.5036,0.1221,0.1119,0.1667,0.7991,-9.5867,-9.9503,-9.7058,-10.0119,0.1460
11.8200,sand,0.908,0.850,0.2952,4.4882,0.1383,0.1155,0.2661,0.7949,-9.5739,-9.8890,-9.8107,-10.0458,0.1468
11.8320,sand,0.908,0.850,0.2965,4.4934,0.1683,0.1189,0.0645,0.7504,-9.5538,-9.9033,-9.7751,-10.1044,0.1470
11.8440,sand,0.908,0.850,0.2976,4.4879,0.0951,0.1234,0.1421,0.0328,-9.5614,-9.9327,-9.6647,-10.1465,0.1473
11.8560,sand,0.908,0.850,0.2985,4.5884,0.0985,0.1276,0.0927,0.9236,-9.5085,-9.9469,-9.6540,-10.1665,0.1481
11.8680,sand,0.908,0.850,0.2992,4.5751,0.1448,0.1340,0.0173,0.7254,-9.5001,-9.9697,-9.6664,-10.1736,0.1490
11.8800,sand,0.908,0.850,0.2997,4.4757,0.1298,0.1369,-0.1316,0.5444,-9.5273,-9.9799,-9.6023,-10.1621,0.1494
11.8920,sand,0.908,0.850,0.3000,4.4979,0.1803,0.1420,0.2054,0.4224,-9.4931,-10.0210,-9.5727,-10.1260,0.1493
11.9040,sand,0.908,0.850,0.3000,4.4426,0.1663,0.1432,-0.1633,0.8722,-9.5585,-10.0146,-9.5932,-10.0803,0.1492
11.9160,sand,0.908,0.850,0.2998,4.4913,0.1572,0.1434,0.0779,1.4396,-9.5785,-10.0378,-9.6139,-10.0660,0.1494
11.9280,sand,0.908,0.850,0.2994,4.5464,0.0743,0.1385,-0.1109,1.3159,-9.5866,-10.0346,-9.6809,-10.0404,0.1493
11.9400,sand,0.908,0.850,0.2988,4.4006,0.1465,0.1383,0.1137,0.8239,-9.5504,-10.0397,-9.6694,-10.1024,0.1490
11.9520,sand,0.908,0.850,0.2980,4.5413,0.1715,0.1351,0.1375,0.8282,-9.5457,-10.0288,-9.7646,-10.0697,0.1484
11.9640,sand,0.908,0.850,0.2969,4.4507,0.1162,0.1410,0.2100,0.4245,-9.5232,-9.9994,-9.7604,-10.0591,0.1478
11.9760,sand,0.908,0.850,0.2956,4.5345,0.1900,0.1419,-0.0528,0.7223,-9.5435,-9.9672,-9.7699,-10.0981,0.1475
11.9880,sand,0.908,0.850,0.2942,4.5772,0.2294,0.1498,-0.0977,0.5770,-9.5642,-9.9948,-9.6356,-10.1616,0.1470
12.0000,sand,0.908,0.850,0.2925,4.4978,0.1189,0.1513,0.0444,0.9186,-9.5779,-10.0226,-9.5482,-10.1085,0.1462
12.0120,sand,0.908,0.850,0.2906,4.5341,0.1146,0.1554,-0.0141,0.5034,-9.5984,-10.0338,-9.4667,-10.1130,0.1451
12.0240,sand,0.908,0.850,0.2885,4.4752,0.1212,0.1552,-0.0054,0.7128,-9.5781,-10.0746,-9.5226,-10.1450,0.1438
12.0360,sand,0.908,0.850,0.2861,4.5289,0.1624,0.1536,-0.0374,0.6789,-9.6134,-10.0696,-9.5326,-10.0490,0.1429
12.0480,sand,0.908,0.850,0.2836,4.4212,0.1445,0.1522,-0.1241,1.1387,-9.5908,-10.0743,-9.5934,-10.0491,0.1421
12.0600,sand,0.908,0.850,0.2809,4.4749,0.2433,0.1508,-0.0886,0.6735,-9.6189,-10.0561,-9.5879,-10.1142,0.1409
12.0720,sand,0.908,0.850,0.2779,4.4998,0.2471,0.1488,-0.0175,0.4648,-9.6379,-10.0571,-9.6685,-10.0072,0.1393
12.0840,sand,0.908,0.850,0.2748,4.4797,0.2525,0.1477,0.0743,0.9343,-9.5947,-10.0375,-9.6866,-10.1000,0.1373
12.0960,sand,0.908,0.850,0.2714,4.5500,0.1719,0.1530,0.2073,0.9181,-9.5854,-9.9761,-9.7086,-10.0898,0.1357
12.1080,sand,0.908,0.850,0.2679,4.5635,0.1544,0.1538,-0.0116,0.5228,-9.6207,-9.9685,-9.5417,-10.1863,0.1344
12.1200,sand,0.908,0.850,0.2642,4.6006,0.1443,0.1578,0.1377,0.3914,-9.6011,-10.0279,-9.4940,-10.1308,0.1327
12.1320,sand,0.908,0.850,0.2603,4.5362,0.1752,0.1564,-0.0564,0.7702,-9.6363,-10.0237,-9.5240,-10.1423,0.1306
12.1440,sand,0.908,0.850,0.2561,4.5610,0.1683,0.1543,-0.1017,0.7052,-9.5883,-10.0887,-9.5154,-10.1157,0.1285
12.1560,sand,0.908,0.850,0.2518,4.4660,0.0938,0.1530,-0.1386,0.9469,-9.5564,-10.0774,-9.5627,-10.0606,0.1265
12.1680,sand,0.908,0.850,0.2474,4.4949,0.1516,0.1479,0.0975,0.3283,-9.5684,-10.0916,-9.5267,-10.1386,0.1248
12.1800,sand,0.908,0.850,0.2427,4.5201,0.2928,0.1489,-0.0648,0.6921,-9.6077,-10.0431,-9.5589,-10.0532,0.1228
12.1920,sand,0.908,0.850,0.2379,4.4857,0.2242,0.1509,0.0497,0.9811,-9.6473,-10.0353,-9.6860,-10.0220,0.1202
12.2040,sand,0.908,0.850,0.2329,4.4699,0.2203,0.1502,-0.0087,0.6503,-9.6430,-10.0379,-9.6307,-10.0836,0.1175
12.2160,sand,0.908,0.850,0.2277,4.4397,0.2057,0.1512,0.1954,0.5112,-9.6294,-9.9724,-9.5526,-10.1128,0.1147
12.2280,sand,0.908,0.850,0.2223,4.4456,0.2607,0.1538,-0.0520,0.4765,-9.6261,-9.9425,-9.5789,-10.0992,0.1122
12.2400,sand,0.908,0.850,0.2168,4.4445,0.1760,0.1529,0.0242,0.4081,-9.6329,-10.0240,-9.5422,-10.0699,0.1096
12.2520,sand,0.908,0.850,0.2112,4.4558,0.2211,0.1475,-0.3527,0.9059,-9.6371,-10.0497,-9.4921,-10.1351,0.1069
12.2640,sand,0.908,0.850,0.2054,4.4861,0.1886,0.1470,-0.0959,0.7593,-9.6535,-10.0528,-9.5768,-10.0680,0.1042
12.2760,sand,0.908,0.850,0.1994,4.4397,0.1491,0.1422,0.0607,0.7314,-9.6424,-10.0675,-9.5751,-10.0767,0.1011
12.2880,sand,0.908,0.850,0.1933,4.5570,0.2181,0.1394,0.0545,0.1784,-9.6003,-10.0274,-9.6017,-10.0998,0.0983
12.3000,sand,0.908,0.850,0.1870,4.5921,0.1949,0.1391,0.2090,0.5635,-9.6729,-10.0007,-9.6398,-10.0320,0.0954
12.3120,sand,0.908,0.850,0.1807,4.5134,0.1220,0.1381,-0.2094,0.5659,-9.6928,-9.9944,-9.5160,-10.0620,0.0919
12.3240,sand,0.908,0.850,0.1741,4.5161,0.1286,0.1389,-0.2616,0.4438,-9.6677,-10.0328,-9.4951,-10.1218,0.0890
12.3360,sand,0.908,0.850,0.1675,4.5626,0.1152,0.1337,-0.0329,0.1506,-9.6056,-10.0379,-9.5815,-10.0298,0.0858
12.3480,sand,0.908,0.850,0.1607,4.5086,0.1583,0.1303,-0.0967,0.2942,-9.6020,-10.0149,-9.5635,-10.0420,0.0828
12.3600,sand,0.908,0.850,0.1539,4.4996,0.1627,0.1254,-0.0687,0.4974,-9.6492,-9.9918,-9.5999,-10.0864,0.0795
12.3720,sand,0.908,0.850,0.1469,4.4977,0.2205,0.1257,0.0110,0.4882,-9.7272,-9.9751,-9.6191,-10.0310,0.0760
12.3840,sand,0.908,0.850,0.1398,4.4396,0.1168,0.1232,-0.0354,0.0667,-9.7259,-9.9598,-9.6210,-10.0166,0.0722
12.3960,sand,0.908,0.850,0.1326,4.5474,0.1709,0.1185,-0.0326,0.3876,-9.6942,-9.9882,-9.5760,-10.1162,0.0687
12.4080,sand,0.908,0.850,0.1253,4.5547,0.1915,0.1148,-0.0469,0.8207,-9.7112,-9.9757,-9.5905,-9.9346,0.0652
12.4200,sand,0.908,0.850,0.1179,4.4719,0.1774,0.1132,-0.2434,0.2327,-9.7211,-9.9736,-9.4688,-10.0116,0.0615
12.4320,sand,0.908,0.850,0.1104,4.5445,0.0926,0.1093,-0.0621,0.7092,-9.7790,-9.9528,-9.5187,-10.0301,0.0581
12.4440,sand,0.908,0.850,0.1029,4.5902,0.1600,0.1071,-0.0472,0.3320,-9.7922,-9.9504,-9.5911,-9.9994,0.0541
12.4560,sand,0.908,0.850,0.0953,4.5514,0.1593,0.1053,0.0461,-0.1161,-9.7451,-9.9345,-9.6077,-10.0279,0.0498
12.4680,sand,0.908,0.850,0.0876,4.4806,0.0681,0.1000,0.2749,-0.2182,-9.6484,-9.9666,-9.6723,-10.0404,0.0458
12.4800,sand,0.908,0.850,0.0798,4.4390,0.2250,0.0976,0.0425,0.1805,-9.7079,-9.9295,-9.6487,-9.9659,0.0426
12.4920,sand,0.908,0.850,0.0720,4.5279,0.1143,0.0959,-0.0589,0.1014,-9.7041,-9.9282,-9.5924,-9.9655,0.0391
12.5040,sand,0.908,0.850,0.0641,4.5276,0.0652,0.0927,-0.2237,0.3782,-9.7531,-9.9206,-9.6167,-9.9567,0.0354
12.5160,sand,0.908,0.850,0.0562,4.4960,0.1723,0.0915,-0.0574,-0.1582,-9.7663,-9.9028,-9.5303,-9.9741,0.0315
12.5280,sand,0.908,0.850,0.0483,4.4986,0.0964,0.0889,0.0282,0.2220,-9.7645,-9.8237,-9.6029,-9.9606,0.0252
12.5400,sand,0.908,0.850,0.0403,4.4868,0.1482,0.0860,-0.0520,0.1608,-9.7186,-9.8828,-9.6703,-10.0135,0.0218
12.5520,sand,0.908,0.850,0.0323,4.4856,0.0633,0.0776,-0.1868,-0.4642,-9.6298,-9.9558,-9.6804,-9.9899,0.0205
12.5640,sand,0.908,0.850,0.0242,4.5323,0.1542,0.0750,0.0292,0.0316,-9.6927,-9.8868,-9.6873,-9.8901,0.0165
12.5760,sand,0.908,0.850,0.0161,4.5712,0.0677,0.0733,-0.1040,-0.2200,-9.7650,-9.9269,-9.6027,-9.9359,0.0110
12.5880,sand,0.908,0.850,0.0081,4.3815,0.0605,0.0651,-0.2844,-0.0075,-9.7622,-9.9094,-9.5430,-9.9249,0.0063
12.6000,sand,0.908,0.850,-0.0000,4.4698,0.1498,0.0596,-0.0254,-0.0033,-9.7065,-9.9293,-9.6364,-9.8972,0.0032
12.6120,sand,0.908,0.850,-0.0081,4.5613,0.0150,0.0588,0.0878,0.0322,-9.7159,-9.9320,-9.6757,-9.9545,0.0005
12.6240,sand,0.908,0.850,-0.0161,4.5120,0.0580,0.0568,0.1769,-0.1362,-9.7055,-9.9202,-9.6832,-9.9502,-0.0040
12.6360,sand,0.908,0.850,-0.0242,4.5756,0.1625,0.0556,0.1656,-0.0037,-9.7655,-9.8657,-9.7145,-9.9459,-0.0092
12.6480,sand,0.908,0.850,-0.0323,4.4598,0.0644,0.0487,0.0112,-0.2920,-9.8023,-9.8827,-9.6554,-9.9372,-0.0134
12.6600,sand,0.908,0.850,-0.0403,4.4447,0.0472,0.0474,-0.1999,-0.1897,-9.7229,-9.8879,-9.6004,-9.8332,-0.0169
12.6720,sand,0.908,0.850,-0.0483,4.5376,-0.0487,0.0418,-0.1549,-0.3917,-9.7102,-9.9041,-9.6775,-9.8638,-0.0207
12.6840,sand,0.908,0.850,-0.0562,4.5874,-0.0328,0.0399,-0.0312,-0.0880,-9.7371,-9.8840,-9.6979,-9.8975,-0.0246
12.6960,sand,0.908,0.850,-0.0641,4.4626,0.0258,0.0395,0.1287,-0.4288,-9.7399,-9.8697,-9.7050,-9.9187,-0.0285
12.7080,sand,0.908,0.850,-0.0720,4.4803,0.1255,0.0276,0.2038,-0.1272,-9.7632,-9.8730,-9.7962,-9.9085,-0.0322
12.7200,sand,0.908,0.850,-0.0798,4.4461,-0.0259,0.0262,0.1156,-0.4286,-9.7871,-9.8710,-9.6950,-9.8585,-0.0357
12.7320,sand,0.908,0.850,-0.0876,4.5028,0.0958,0.0243,-0.1286,-0.2240,-9.7374,-9.8746,-9.6312,-9.8327,-0.0407
12.7440,sand,0.908,0.850,-0.0953,4.5041,0.0328,0.0222,-0.0276,-0.0971,-9.7599,-9.8619,-9.7140,-9.8207,-0.0446
12.7560,sand,0.908,0.850,-0.1029,4.4588,-0.0361,0.0184,0.0976,-0.4881,-9.7639,-9.8421,-9.7344,-9.8661,-0.0478
12.7680,sand,0.908,0.850,-0.1104,4.5843,0.0121,0.0105,-0.1513,-0.2570,-9.7480,-9.8344,-9.7722,-9.8689,-0.0513
12.7800,sand,0.908,0.850,-0.1179,4.5595,-0.0946,0.0095,0.0403,-0.3375,-9.7783,-9.8565,-9.8026,-9.8632,-0.0546
12.7920,sand,0.908,0.850,-0.1253,4.5087,0.0376,0.0045,0.0148,-0.6513,-9.8447,-9.8156,-9.7166,-9.8256,-0.0592
12.8040,sand,0.908,0.850,-0.1326,4.4971,0.0458,0.0014,-0.0521,-0.6554,-9.7818,-9.7970,-9.6537,-9.8362,-0.0636
12.8160,sand,0.908,0.850,-0.1398,4.5229,-0.0790,0.0009,-0.0193,-0.2751,-9.7876,-9.8342,-9.7534,-9.7780,-0.0673
12.8280,sand,0.908,0.850,-0.1469,4.5101,0.0811,-0.0074,0.1602,-0.5525,-9.7825,-9.8259,-9.7651,-9.8294,-0.0698
12.8400,sand,0.908,0.850,-0.1539,4.4818,-0.1150,-0.0119,0.1234,-0.2146,-9.7889,-9.7931,-9.8068,-9.8304,-0.0750
12.8520,sand,0.908,0.850,-0.1607,4.5720,0.0054,-0.0121,-0.0407,-0.3043,-9.8373,-9.8014,-9.8742,-9.8106,-0.0775
12.8640,sand,0.908,0.850,-0.1675,4.5697,0.0361,-0.0160,0.0785,-0.4494,-9.8399,-9.8147,-9.7564,-9.7859,-0.0797
12.8760,sand,0.908,0.850,-0.1741,4.4815,-0.0684,-0.0203,0.0011,-0.8398,-9.7813,-9.8482,-9.7567,-9.7819,-0.0832
12.8880,sand,0.908,0.850,-0.1807,4.5130,-0.0050,-0.0230,-0.0054,-0.6515,-9.7547,-9.8077,-9.8228,-9.8204,-0.0871
12.9000,sand,0.908,0.850,-0.1870,4.4634,-0.0320,-0.0248,-0.0036,-0.5622,-9.7196,-9.8069,-9.8071,-9.8061,-0.0902
12.9120,sand,0.908,0.850,-0.1933,4.4759,-0.0056,-0.0305,-0.0728,-0.4209,-9.7634,-9.8310,-9.8589,-9.8053,-0.0927
12.9240,sand,0.908,0.850,-0.1994,4.3742,-0.0753,-0.0319,0.1061,-0.2667,-9.8393,-9.8154,-9.8457,-9.8186,-0.0960
12.9360,sand,0.908,0.850,-0.2054,4.5024,-0.0625,-0.0339,-0.0394,-0.5872,-9.8640,-9.7854,-9.7459,-9.8307,-0.0992
12.9480,sand,0.908,0.850,-0.2112,4.4359,-0.0792,-0.0418,-0.2615,-0.5216,-9.8424,-9.8205,-9.7643,-9.7563,-0.1024
12.9600,sand,0.908,0.850,-0.2168,4.5053,-0.1033,-0.0418,0.1573,-0.3981,-9.8482,-9.8394,-9.8487,-9.7293,-0.1053
12.9720,sand,0.908,0.850,-0.2223,4.5130,-0.1299,-0.0444,-0.1065,-0.4782,-9.8278,-9.7592,-9.8210,-9.7229,-0.1081
12.9840,sand,0.908,0.850,-0.2277,4.5018,-0.1246,-0.0482,-0.0444,-0.4462,-9.6874,-9.8079,-9.8889,-9.7718,-0.1104
12.9960,sand,0.908,0.850,-0.2329,4.5579,0.0097,-0.0521,0.0396,-0.4965,-9.7627,-9.7652,-9.9178,-9.8014,-0.1126
13.0080,sand,0.908,0.850,-0.2379,4.4199,0.0054,-0.0564,-0.1137,-0.3298,-9.8679,-9.7017,-9.8548,-9.8397,-0.1155
13.0200,sand,0.908,0.850,-0.2427,4.5327,-0.1508,-0.0608,-0.0827,-0.8683,-9.8459,-9.7594,-9.8285,-9.7989,-0.1182
13.0320,sand,0.908,0.850,-0.2474,4.4827,-0.0678,-0.0646,0.0558,-0.5542,-9.8729,-9.7825,-9.8820,-9.7233,-0.1206
13.0440,sand,0.908,0.850,-0.2518,4.5211,-0.0366,-0.0672,-0.1559,-0.5587,-9.9222,-9.7436,-9.8633,-9.7076,-0.1228
13.0560,sand,0.908,0.850,-0.2561,4.4204,-0.0683,-0.0668,-0.1576,-0.6072,-9.7729,-9.8529,-9.9645,-9.7584,-0.1248
13.0680,sand,0.908,0.850,-0.2603,4.5104,-0.0665,-0.0730,-0.0606,-0.7593,-9.7006,-9.7573,-10.0180,-9.8515,-0.1270
13.0800,sand,0.908,0.850,-0.2642,4.5340,-0.0506,-0.0762,-0.0232,-0.4857,-9.7317,-9.6225,-9.9452,-9.8544,-0.1290
13.0920,sand,0.908,0.850,-0.2679,4.5439,-0.0945,-0.0804,-0.1234,-0.7800,-9.7560,-9.6931,-9.8823,-9.8257,-0.1310
13.1040,sand,0.908,0.850,-0.2714,4.4839,-0.1188,-0.0813,-0.1087,0.2467,-9.8219,-9.7143,-9.9745,-9.7106,-0.1328
13.1160,sand,0.908,0.850,-0.2748,4.4820,-0.0613,-0.0863,-0.0336,-0.8476,-9.9120,-9.7329,-9.9629,-9.6514,-0.1339
13.1280,sand,0.908,0.850,-0.2779,4.5423,0.0037,-0.0909,-0.2062,-0.9575,-9.8611,-9.7965,-9.9201,-9.7241,-0.1360
13.1400,sand,0.908,0.850,-0.2809,4.5539,-0.1126,-0.0930,0.0810,-0.5969,-9.8616,-9.7489,-9.9942,-9.7594,-0.1380
13.1520,sand,0.908,0.850,-0.2836,4.4486,-0.1436,-0.0960,0.0996,-0.6398,-9.8714,-9.7285,-10.0104,-9.7833,-0.1393
13.1640,sand,0.908,0.850,-0.2861,4.5228,-0.1218,-0.1007,0.1455,-0.3323,-9.7528,-9.7896,-9.9916,-9.7478,-0.1403
13.1760,sand,0.908,0.850,-0.2885,4.5052,-0.1077,-0.1041,0.0996,-0.5396,-9.6408,-9.7606,-9.9981,-9.7124,-0.1412
13.1880,sand,0.908,0.850,-0.2906,4.4975,-0.1272,-0.1051,-0.1043,-0.5576,-9.7891,-9.6519,-10.0259,-9.7435,-0.1421
13.2000,sand,0.908,0.850,-0.2925,4.4871,-0.1914,-0.1069,-0.0049,-0.3705,-9.8305,-9.6342,-10.0035,-9.7967,-0.1431
13.2120,sand,0.908,0.850,-0.2942,4.5180,-0.0761,-0.1069,0.0124,-0.3666,-9.8314,-9.6484,-10.0679,-9.8030,-0.1441
13.2240,sand,0.908,0.850,-0.2956,4.5130,-0.0378,-0.1117,0.0171,-1.0550,-9.8743,-9.7013,-10.0305,-9.8421,-0.1451
13.2360,sand,0.908,0.850,-0.2969,4.5056,-0.0528,-0.1147,0.1697,-0.4144,-9.8710,-9.7255,-9.9986,-9.8931,-0.1459
13.2480,sand,0.908,0.850,-0.2980,4.5018,-0.1385,-0.1194,0.0193,-0.4380,-9.8219,-9.7084,-10.0422,-9.8871,-0.1465
13.2600,sand,0.908,0.850,-0.2988,4.5158,-0.1094,-0.1206,0.0107,-0.5663,-9.8369,-9.7255,-10.0605,-9.7244,-0.1469
13.2720,sand,0.908,0.850,-0.2994,4.4730,-0.1530,-0.1211,-0.0722,-1.0892,-9.8947,-9.7565,-10.0250,-9.6886,-0.1472
13.2840,sand,0.908,0.850,-0.2998,4.5386,-0.2349,-0.1211,0.0682,-0.6507,-9.7322,-9.7685,-10.1016,-9.7276,-0.1476
13.2960,sand,0.908,0.850,-0.3000,4.4896,-0.1779,-0.1232,0.0202,-0.7965,-9.6074,-9.8436,-10.0971,-9.7820,-0.1475
13.3080,sand,0.908,0.850,-0.3000,4.6395,-0.2026,-0.1265,0.0040,-0.8081,-9.7424,-9.7208,-10.0342,-9.8790,-0.1469
13.3200,sand,0.908,0.850,-0.2997,4.5607,-0.1593,-0.1239,0.0057,-0.6623,-9.8139,-9.5760,-9.9678,-9.9177,-0.1464
13.3320,sand,0.908,0.850,-0.2992,4.4943,-0.1808,-0.1220,-0.1833,-0.8533,-9.8838,-9.6038,-10.0423,-9.7824,-0.1468
13.3440,sand,0.908,0.850,-0.2985,4.4729,-0.1723,-0.1217,0.0008,-0.6673,-9.9347,-9.6540,-10.0606,-9.7355,-0.1473
13.3560,sand,0.908,0.850,-0.2976,4.4568,-0.1428,-0.1232,0.1863,-0.8379,-9.8863,-9.7078,-10.1271,-9.7366,-0.1475
13.3680,sand,0.908,0.850,-0.2965,4.5610,-0.0630,-0.1268,-0.1171,-1.0116,-9.8460,-9.7785,-10.0946,-9.7716,-0.1468
13.3800,sand,0.908,0.850,-0.2952,4.4910,-0.1756,-0.1305,-0.0250,-0.9658,-9.8522,-9.7629,-10.0691,-9.8201,-0.1458
13.3920,sand,0.908,0.850,-0.2936,4.5390,-0.1482,-0.1311,0.0270,-0.7085,-9.8438,-9.7502,-9.9763,-9.8917,-0.1449
13.4040,sand,0.908,0.850,-0.2919,4.5172,-0.1322,-0.1302,-0.0743,-0.6274,-9.7946,-9.7934,-10.1189,-9.7103,-0.1442
13.4160,sand,0.908,0.850,-0.2899,4.4806,-0.0794,-0.1346,0.0873,-0.2854,-9.7737,-9.7914,-10.0721,-9.6502,-0.1433
13.4280,sand,0.908,0.850,-0.2877,4.5069,-0.1990,-0.1388,0.0948,-0.6479,-9.7159,-9.7864,-10.0996,-9.7098,-0.1422
13.4400,sand,0.908,0.850,-0.2853,4.4930,-0.0345,-0.1394,0.1198,-0.9998,-9.6023,-9.8676,-10.1001,-9.7141,-0.1406
13.4520,sand,0.908,0.850,-0.2827,4.5045,-0.1259,-0.1363,-0.1500,-0.6635,-9.6699,-9.8129,-10.0954,-9.7644,-0.1387
13.4640,sand,0.908,0.850,-0.2799,4.4167,-0.0497,-0.1383,-0.0160,-0.6117,-9.8831,-9.6452,-10.0540,-9.8618,-0.1371
13.4760,sand,0.908,0.850,-0.2769,4.4672,-0.1264,-0.1293,-0.2746,-0.3275,-9.9191,-9.6076,-10.0558,-9.8170,-0.1366
13.4880,sand,0.908,0.850,-0.2737,4.5549,-0.1521,-0.1274,-0.0180,-0.8012,-9.9490,-9.5639,-10.0424,-9.6898,-0.1364
13.5000,sand,0.908,0.850,-0.2703,4.4671,-0.0645,-0.1330,0.0924,-0.5887,-9.9539,-9.6790,-10.0345,-9.6290,-0.1352
13.5120,sand,0.908,0.850,-0.2667,4.5208,-0.0628,-0.1392,0.0196,-0.8338,-9.8639,-9.8175,-10.1033,-9.6323,-0.1328
13.5240,sand,0.908,0.850,-0.2629,4.5537,-0.1317,-0.1375,0.0157,-0.5242,-9.8524,-9.8203,-10.0701,-9.7344,-0.1301
13.5360,sand,0.908,0.850,-0.2589,4.5497,-0.1524,-0.1372,-0.1214,-0.8703,-9.8932,-9.8464,-10.0223,-9.7429,-0.1281
13.5480,sand,0.908,0.850,-0.2547,4.5152,-0.0596,-0.1329,0.0638,-0.3817,-9.8761,-9.8554,-10.0549,-9.7415,-0.1267
13.5600,sand,0.908,0.850,-0.2504,4.5380,-0.2583,-0.1320,-0.1283,-0.5865,-9.8577,-9.8375,-10.0215,-9.6993,-0.1251
13.5720,sand,0.908,0.850,-0.2458,4.4864,-0.1669,-0.1348,-0.1845,-0.5151,-9.9040,-9.8296,-9.9973,-9.6481,-0.1227
13.5840,sand,0.908,0.850,-0.2411,4.5580,-0.1954,-0.1355,-0.1239,-0.8877,-9.8133,-9.8766,-10.0247,-9.6575,-0.1199
13.5960,sand,0.908,0.850,-0.2362,4.5223,-0.1738,-0.1373,-0.1566,-0.8386,-9.6789,-9.8591,-10.0213,-9.7012,-0.1174
13.6080,sand,0.908,0.850,-0.2312,4.4575,-0.2591,-0.1325,-0.1449,-0.8799,-9.7017,-9.8633,-10.0484,-9.7105,-0.1145
13.6200,sand,0.908,0.850,-0.2259,4.5040,-0.1808,-0.1269,-0.0494,-0.7734,-9.7297,-9.8818,-10.0743,-9.7378,-0.1116
13.6320,sand,0.908,0.850,-0.2205,4.4843,-0.1871,-0.1258,0.0558,-0.1984,-9.8378,-9.8238,-10.0483,-9.6157,-0.1089
13.6440,sand,0.908,0.850,-0.2150,4.3599,-0.2445,-0.1261,0.0282,-0.1905,-9.9735,-9.7438,-10.0311,-9.6015,-0.1064
13.6560,sand,0.908,0.850,-0.2093,4.4066,-0.1832,-0.1268,-0.1355,-0.2736,-10.0105,-9.7018,-10.0093,-9.6681,-0.1042
13.6680,sand,0.908,0.850,-0.2034,4.5601,-0.2362,-0.1260,-0.0869,-0.3079,-9.9657,-9.6216,-10.0015,-9.6740,-0.1019
13.6800,sand,0.908,0.850,-0.1974,4.5804,-0.1318,-0.1259,-0.0998,-0.1057,-9.9368,-9.6517,-10.0477,-9.6504,-0.0991
13.6920,sand,0.908,0.850,-0.1912,4.5243,-0.2348,-0.1277,0.0415,-0.3432,-9.9509,-9.7304,-9.9925,-9.7327,-0.0958
13.7040,sand,0.908,0.850,-0.1849,4.4000,-0.0730,-0.1267,0.0241,-0.2649,-9.8895,-9.7351,-10.0131,-9.6609,-0.0926
13.7160,sand,0.908,0.850,-0.1785,4.4878,-0.1162,-0.1230,-0.2406,-0.4496,-9.8813,-9.7887,-10.0382,-9.6390,-0.0895
13.7280,sand,0.908,0.850,-0.1720,4.5276,-0.1250,-0.1226,0.0395,-0.3005,-9.9127,-9.8142,-10.0462,-9.6004,-0.0864
13.7400,sand,0.908,0.850,-0.1653,4.4928,-0.1743,-0.1251,0.0395,-0.0857,-9.9165,-9.8153,-10.0172,-9.5800,-0.0836
13.7520,sand,0.908,0.850,-0.1585,4.5177,-0.0728,-0.1223,-0.0546,-0.5509,-9.8868,-9.8454,-10.0215,-9.6280,-0.0802
13.7640,sand,0.908,0.850,-0.1516,4.5437,-0.1642,-0.1201,-0.0178,-0.5335,-9.8994,-9.8542,-9.9995,-9.6752,-0.0767
13.7760,sand,0.908,0.850,-0.1445,4.5438,-0.1208,-0.1181,-0.1325,-0.5623,-9.8361,-9.8427,-10.0133,-9.6844,-0.0734
13.7880,sand,0.908,0.850,-0.1374,4.4658,-0.1602,-0.1138,-0.3111,-0.4040,-9.7139,-9.8904,-9.9746,-9.6816,-0.0693
13.8000,sand,0.908,0.850,-0.1302,4.6230,-0.0889,-0.1114,0.0664,-0.4786,-9.7142,-9.9254,-9.9703,-9.7018,-0.0649
13.8120,sand,0.908,0.850,-0.1228,4.5791,-0.1292,-0.1082,0.0259,-0.5915,-9.7547,-9.8757,-9.9797,-9.6526,-0.0612
13.8240,sand,0.908,0.850,-0.1154,4.4957,-0.1327,-0.1016,-0.0489,-0.2860,-9.7963,-9.8589,-9.9733,-9.6349,-0.0579
13.8360,sand,0.908,0.850,-0.1079,4.5232,-0.1636,-0.0993,-0.1596,-0.2883,-9.8812,-9.8753,-9.9870,-9.6278,-0.0544
13.8480,sand,0.908,0.850,-0.1004,4.6116,-0.1955,-0.0971,0.2157,-0.1939,-9.9168,-9.8360,-9.9509,-9.6076,-0.0508
13.8600,sand,0.908,0.850,-0.0927,4.5222,-0.1048,-0.0946,0.0316,-0.1127,-9.8640,-9.8373,-9.9600,-9.6634,-0.0470
13.8720,sand,0.908,0.850,-0.0850,4.5425,-0.1414,-0.0943,0.1386,-0.1586,-9.8405,-9.8328,-9.9431,-9.6855,-0.0424
13.8840,sand,0.908,0.850,-0.0772,4.5022,-0.1172,-0.0908,0.0078,-0.1476,-9.9047,-9.7215,-9.9368,-9.7338,-0.0390
13.8960,sand,0.908,0.850,-0.0694,4.4830,-0.1234,-0.0841,-0.3863,-0.6021,-9.8362,-9.7367,-9.9182,-9.7775,-0.0363
13.9080,sand,0.908,0.850,-0.0615,4.5642,-0.1192,-0.0777,0.0363,-0.3075,-9.7866,-9.8301,-9.8729,-9.7563,-0.0319
13.9200,sand,0.908,0.850,-0.0536,4.4453,-0.1584,-0.0750,-0.1095,-0.1908,-9.8500,-9.8441,-9.9628,-9.7146,-0.0279
13.9320,sand,0.908,0.850,-0.0456,4.5857,-0.0931,-0.0732,-0.2464,-0.1160,-9.7502,-9.9259,-9.8861,-9.6923,-0.0238
13.9440,sand,0.908,0.850,-0.0376,4.5250,0.0208,-0.0680,-0.0860,0.1068,-9.7740,-9.9474,-9.8978,-9.6301,-0.0201
13.9560,sand,0.908,0.850,-0.0296,4.5775,-0.0462,-0.0676,-0.1629,0.0574,-9.8397,-9.9236,-9.9255,-9.6305,-0.0162
13.9680,sand,0.908,0.850,-0.0215,4.4979,-0.0829,-0.0693,0.0857,0.1084,-9.7070,-9.9528,-9.9570,-9.6892,-0.0124
13.9800,sand,0.908,0.850,-0.0135,4.5365,-0.0833,-0.0686,0.2036,-0.0326,-9.6421,-9.9802,-9.9578,-9.6799,-0.0077
13.9920,sand,0.908,0.850,-0.0054,4.4822,-0.0766,-0.0620,0.0149,-0.0128,-9.7224,-9.9129,-9.9417,-9.7708,-0.0030
14.0040,sand,0.908,0.850,0.0027,4.5832,0.0061,-0.0596,-0.0170,-0.0512,-9.7051,-9.8723,-9.9051,-9.8270,0.0008
14.0160,sand,0.908,0.850,0.0108,4.5234,-0.0560,-0.0523,-0.2163,0.0423,-9.7709,-9.8698,-9.8502,-9.8012,0.0045
14.0280,sand,0.908,0.850,0.0188,4.5918,0.0060,-0.0406,-0.0334,0.0938,-9.8184,-9.8599,-9.8545,-9.7925,0.0090
14.0400,sand,0.908,0.850,0.0269,4.5640,-0.0133,-0.0359,0.0337,0.0905,-9.8064,-9.8209,-9.7962,-9.8098,0.0123
14.0520,sand,0.908,0.850,0.0349,4.5402,-0.0104,-0.0317,0.1784,0.4537,-9.8128,-9.8428,-9.8899,-9.7467,0.0157
14.0640,sand,0.908,0.850,0.0429,4.4496,-0.1362,-0.0301,-0.1513,0.2124,-9.8835,-9.7790,-9.8834,-9.7011,0.0197
14.0760,sand,0.908,0.850,0.0509,4.5591,-0.0851,-0.0298,-0.0064,0.5480,-9.8192,-9.7963,-9.8116,-9.7329,0.0241
14.0880,sand,0.908,0.850,0.0589,4.5221,-0.0471,-0.0278,-0.0413,0.1053,-9.7559,-9.8943,-9.8768,-9.6958,0.0279
14.1000,sand,0.908,0.850,0.0668,4.5487,0.1047,-0.0233,-0.0759,0.2784,-9.7518,-9.9144,-9.8511,-9.7332,0.0317
14.1120,sand,0.908,0.850,0.0746,4.5403,-0.1131,-0.0249,-0.1254,0.2720,-9.7430,-9.8953,-9.8544,-9.7713,0.0355
14.1240,sand,0.908,0.850,0.0824,4.5129,0.0151,-0.0213,0.2787,0.4971,-9.6808,-9.9352,-9.8679,-9.7707,0.0397
14.1360,sand,0.908,0.850,0.0901,4.5120,0.0561,-0.0158,0.1204,-0.0388,-9.7051,-9.9418,-9.8442,-9.8363,0.0438
14.1480,sand,0.908,0.850,0.0978,4.5702,0.0482,-0.0084,0.0647,0.5197,-9.6323,-9.9105,-9.8685,-9.8432,0.0474
14.1600,sand,0.908,0.850,0.1054,4.6109,-0.0067,-0.0049,-0.0632,0.1429,-9.6386,-9.9338,-9.7258,-9.8590,0.0506
14.1720,sand,0.908,0.850,0.1129,4.5039,-0.0686,0.0035,-0.2583,0.4277,-9.7235,-9.9056,-9.7558,-9.8387,0.0550
14.1840,sand,0.908,0.850,0.1204,4.4615,-0.0209,0.0046,0.0200,-0.1504,-9.7069,-9.8962,-9.7124,-9.8741,0.0590
14.1960,sand,0.908,0.850,0.1277,4.5320,0.0377,0.0114,0.2589,0.8889,-9.7141,-9.9045,-9.7279,-9.8417,0.0624
14.2080,sand,0.908,0.850,0.1350,4.5339,0.0540,0.0199,0.1379,0.7220,-9.7524,-9.9041,-9.7692,-9.8333,0.0659
14.2200,sand,0.908,0.850,0.1422,4.4508,0.0818,0.0207,-0.1634,0.6962,-9.7556,-9.8826,-9.7625,-9.8101,0.0692
14.2320,sand,0.908,0.850,0.1492,4.5320,0.1006,0.0179,-0.1172,0.8164,-9.7266,-9.9216,-9.8332,-9.7735,0.0727
14.2440,sand,0.908,0.850,0.1562,4.5223,0.0414,0.0162,-0.0036,0.7816,-9.7234,-9.9408,-9.8142,-9.8286,0.0762
14.2560,sand,0.908,0.850,0.1630,4.4605,-0.0597,0.0145,0.0277,0.4356,-9.6089,-9.9649,-9.8091,-9.8170,0.0796
14.2680,sand,0.908,0.850,0.1697,4.5762,0.0862,0.0247,0.0258,0.3154,-9.6093,-9.9851,-9.7991,-9.8843,0.0835
14.2800,sand,0.908,0.850,0.1763,4.5808,0.0745,0.0288,-0.0143,0.4853,-9.6220,-9.9479,-9.7718,-9.9034,0.0869
14.2920,sand,0.908,0.850,0.1828,4.4885,0.1358,0.0331,-0.1999,0.2988,-9.5655,-9.9430,-9.7356,-9.9724,0.0898
14.3040,sand,0.908,0.850,0.1891,4.5358,0.0347,0.0358,-0.0127,0.7381,-9.6327,-9.9269,-9.7303,-9.9517,0.0928
14.3160,sand,0.908,0.850,0.1953,4.4648,0.0502,0.0422,0.0435,0.6849,-9.6703,-9.8577,-9.7191,-9.9249,0.0964
14.3280,sand,0.908,0.850,0.2014,4.5148,0.1114,0.0509,-0.1421,0.4827,-9.6525,-9.9194,-9.7564,-9.9071,0.0994
14.3400,sand,0.908,0.850,0.2073,4.4607,0.1010,0.0581,-0.1795,-0.2239,-9.6359,-9.9518,-9.6548,-9.9968,0.1020
14.3520,sand,0.908,0.850,0.2131,4.4763,0.0641,0.0600,0.2536,0.3692,-9.6415,-9.9876,-9.6975,-9.9223,0.1048
14.3640,sand,0.908,0.850,0.2187,4.4516,0.0353,0.0626,0.0673,0.5204,-9.5558,-10.0482,-9.6403,-9.9915,0.1079
14.3760,sand,0.908,0.850,0.2241,4.4650,0.0985,0.0615,0.0586,0.7765,-9.5805,-10.0121,-9.7072,-10.0040,0.1112
14.3880,sand,0.908,0.850,0.2294,4.5445,0.0992,0.0666,0.1755,1.1006,-9.5904,-10.0119,-9.7161,-9.9730,0.1140
14.4000,sand,0.908,0.850,0.2345,4.4994,0.0604,0.0697,-0.0231,0.1904,-9.5446,-9.9988,-9.6931,-10.0524,0.1161
14.4120,sand,0.908,0.850,0.2395,4.4275,0.0898,0.0729,-0.0234,0.7028,-9.6139,-9.9497,-9.7804,-10.0023,0.1181
14.4240,sand,0.908,0.850,0.2443,4.4182,0.1885,0.0788,-0.0204,0.8965,-9.6535,-9.9376,-9.7432,-9.9774,0.1206
14.4360,sand,0.908,0.850,0.2489,4.4653,0.1152,0.0822,-0.2136,0.5951,-9.6381,-9.9437,-9.6703,-9.9592,0.1229
14.4480,sand,0.908,0.850,0.2533,4.5623,0.1244,0.0862,-0.0934,0.6191,-9.6570,-9.9649,-9.6596,-9.9612,0.1251
14.4600,sand,0.908,0.850,0.2575,4.6154,0.0745,0.0863,-0.0039,0.7459,-9.5799,-9.9945,-9.7667,-9.9475,0.1271
14.4720,sand,0.908,0.850,0.2616,4.5555,0.1216,0.0915,-0.1354,0.6997,-9.5787,-10.0123,-9.6800,-9.9684,0.1291
14.4840,sand,0.908,0.850,0.2654,4.4289,0.1124,0.0915,0.0430,0.7799,-9.5976,-10.0195,-9.6848,-9.9805,0.1311
14.4960,sand,0.908,0.850,0.2691,4.5339,0.0572,0.0941,0.0618,0.5997,-9.5512,-10.0208,-9.7600,-9.9487,0.1332
14.5080,sand,0.908,0.850,0.2726,4.5755,0.0980,0.0981,0.1643,0.7285,-9.5830,-9.9878,-9.7396,-10.0244,0.1352
14.5200,sand,0.908,0.850,0.2759,4.4649,0.0552,0.0996,0.0832,0.6808,-9.6319,-9.9627,-9.7608,-10.0395,0.1369
14.5320,sand,0.908,0.850,0.2789,4.4882,0.1319,0.1019,0.3108,0.8815,-9.5862,-9.9487,-9.7283,-10.1590,0.1380
14.5440,sand,0.908,0.850,0.2818,4.6408,0.2235,0.1062,-0.0082,0.2710,-9.5532,-9.9800,-9.6598,-10.2030,0.1390
14.5560,sand,0.908,0.850,0.2845,4.6298,0.1440,0.1105,0.0109,0.3361,-9.5534,-9.9985,-9.5921,-10.2256,0.1405
14.5680,sand,0.908,0.850,0.2869,4.5495,0.0690,0.1141,0.1617,0.8322,-9.5293,-10.0301,-9.6227,-10.1678,0.1422
14.5800,sand,0.908,0.850,0.2892,4.5590,0.0553,0.1199,0.1124,0.7598,-9.6015,-9.9607,-9.6003,-10.1430,0.1436
14.5920,sand,0.908,0.850,0.2912,4.4767,0.1940,0.1223,-0.2729,0.8356,-9.5984,-10.0068,-9.5887,-10.1802,0.1444
14.6040,sand,0.908,0.850,0.2931,4.5748,0.1433,0.1255,0.0271,0.5066,-9.5904,-10.0138,-9.6326,-10.1420,0.1450
14.6160,sand,0.908,0.850,0.2947,4.5837,0.1114,0.1252,0.0000,0.9041,-9.5992,-10.0396,-9.6440,-10.0850,0.1459
14.6280,sand,0.908,0.850,0.2961,4.5618,0.0854,0.1274,0.0089,1.0456,-9.5517,-10.0684,-9.7141,-10.1670,0.1469
14.6400,sand,0.908,0.850,0.2973,4.5671,0.1642,0.1286,0.0107,1.1896,-9.5559,-10.0077,-9.7818,-10.0493,0.1478
14.6520,sand,0.908,0.850,0.2983,4.5289,0.0900,0.1255,0.1595,0.8520,-9.5920,-9.9773,-9.7735,-10.1270,0.1483
14.6640,sand,0.908,0.850,0.2990,4.4619,0.1025,0.1280,0.0824,0.5282,-9.5869,-10.0067,-9.7738,-10.1526,0.1483
14.6760,sand,0.908,0.850,0.2996,4.5464,0.1734,0.1302,0.3411,0.9487,-9.5814,-9.9979,-9.8070,-10.0769,0.1484
14.6880,sand,0.908,0.850,0.2999,4.4525,0.0900,0.1377,0.0263,0.7254,-9.6248,-9.9744,-9.6292,-10.1627,0.1487
14.7000,sand,0.908,0.850,0.3000,4.5118,0.1779,0.1388,0.0278,0.2707,-9.5840,-10.0126,-9.6031,-10.1974,0.1490
14.7120,sand,0.908,0.850,0.2999,4.4644,0.1247,0.1445,0.1505,0.8681,-9.6039,-9.9781,-9.6915,-10.1842,0.1491
14.7240,sand,0.908,0.850,0.2996,4.5029,0.0489,0.1452,0.0599,0.5088,-9.5921,-9.9807,-9.6517,-10.1200,0.1490
14.7360,sand,0.908,0.850,0.2990,4.5550,0.1592,0.1449,-0.1997,0.8695,-9.6190,-10.0063,-9.6342,-10.1073,0.1487
14.7480,sand,0.908,0.850,0.2983,4.5370,0.1414,0.1420,-0.1183,1.0695,-9.6278,-10.0383,-9.6430,-10.1046,0.1483
14.7600,sand,0.908,0.850,0.2973,4.5027,0.0972,0.1413,0.0586,0.5995,-9.6070,-10.0277,-9.6821,-10.0982,0.1477
14.7720,sand,0.908,0.850,0.2961,4.5369,0.1907,0.1421,0.0789,0.7903,-9.5460,-10.0520,-9.7995,-10.1099,0.1473
14.7840,sand,0.908,0.850,0.2947,4.5614,0.1175,0.1411,0.0011,0.7243,-9.5733,-10.0392,-9.7666,-10.1505,0.1470
14.7960,sand,0.908,0.850,0.2931,4.5298,0.2165,0.1457,-0.1104,0.5011,-9.6042,-9.9514,-9.7207,-10.1229,0.1463
14.8080,sand,0.908,0.850,0.2912,4.5243,0.2054,0.1505,-0.0107,0.6339,-9.6131,-9.9607,-9.6997,-10.1458,0.1453
14.8200,sand,0.908,0.850,0.2892,4.4577,0.2550,0.1521,-0.2168,0.6499,-9.6298,-9.9814,-9.5864,-10.2003,0.1440
14.8320,sand,0.908,0.850,0.2869,4.5411,0.1155,0.1521,-0.0924,0.6039,-9.6421,-10.0156,-9.5411,-10.0724,0.1428
14.8440,sand,0.908,0.850,0.2845,4.5589,0.2115,0.1502,-0.3498,0.9730,-9.6296,-10.0573,-9.5284,-10.0944,0.1419
14.8560,sand,0.908,0.850,0.2818,4.4527,0.2576,0.1468,-0.1790,1.0460,-9.6270,-10.0771,-9.5307,-10.1412,0.1410
14.8680,sand,0.908,0.850,0.2789,4.5228,0.2360,0.1470,0.0556,0.7823,-9.6321,-10.0445,-9.6599,-10.0335,0.1397
14.8800,sand,0.908,0.850,0.2759,4.5194,0.1454,0.1483,0.1441,0.7068,-9.6495,-9.9981,-9.7455,-10.0465,0.1380
14.8920,sand,0.908,0.850,0.2726,4.6257,0.1324,0.1492,-0.0010,0.4562,-9.6015,-10.0184,-9.7261,-10.0984,0.1360
14.9040,sand,0.908,0.850,0.2691,4.5552,0.2377,0.1482,0.2962,0.8896,-9.5477,-10.0232,-9.6432,-10.1868,0.1344
14.9160,sand,0.908,0.850,0.2654,4.4998,0.1130,0.1516,0.0147,0.3193,-9.5721,-10.0134,-9.6649,-10.1303,0.1333
14.9280,sand,0.908,0.850,0.2616,4.4862,0.1790,0.1565,-0.0971,0.7639,-9.6202,-10.0013,-9.5350,-10.1645,0.1320
14.9400,sand,0.908,0.850,0.2575,4.4594,0.0990,0.1554,-0.1602,0.9441,-9.6537,-9.9988,-9.5611,-10.1464,0.1296
14.9520,sand,0.908,0.850,0.2533,4.5704,0.2512,0.1529,-0.2348,0.5669,-9.6880,-9.9913,-9.5937,-10.0787,0.1269
14.9640,sand,0.908,0.850,0.2489,4.5780,0.2387,0.1518,-0.2611,0.7544,-9.6524,-10.0389,-9.5670,-10.1266,0.1244
14.9760,sand,0.908,0.850,0.2443,4.5171,0.1839,0.1511,0.0864,0.8502,-9.6423,-10.0520,-9.5689,-10.0886,0.1226
14.9880,sand,0.908,0.850,0.2395,4.5442,0.0998,0.1504,-0.0123,0.8200,-9.6326,-10.0811,-9.5937,-10.0769,0.1211
15.0000,sand,0.908,0.850,0.2345,4.5635,0.1831,0.1516,-0.0612,0.3574,-9.6367,-10.0671,-9.6044,-10.1054,0.1188
15.0120,sand,0.908,0.850,0.2294,4.5081,0.1787,0.1511,-0.2287,0.4734,-9.6661,-10.0534,-9.6071,-10.1298,0.1155
15.0240,sand,0.908,0.850,0.2241,4.5496,0.1816,0.1525,0.0913,0.3316,-9.6441,-10.0881,-9.5845,-10.0625,0.1126
15.0360,sand,0.908,0.850,0.2187,4.5567,0.1268,0.1475,-0.0179,1.0751,-9.5912,-10.0914,-9.5337,-10.1181,0.1106
15.0480,sand,0.908,0.850,0.2131,4.6374,0.1764,0.1435,-0.0108,0.8658,-9.6659,-10.0419,-9.5582,-10.1247,0.1088
15.0600,sand,0.908,0.850,0.2073,4.5210,0.1220,0.1411,0.0228,0.4346,-9.6693,-10.0206,-9.5570,-10.0875,0.1057
15.0720,sand,0.908,0.850,0.2014,4.4780,0.1037,0.1456,0.0935,0.4959,-9.6817,-10.0090,-9.5863,-10.1276,0.1020
15.0840,sand,0.908,0.850,0.1953,4.4827,0.1461,0.1425,0.1825,0.4819,-9.6617,-9.9924,-9.5911,-10.1629,0.0985
15.0960,sand,0.908,0.850,0.1891,4.5151,0.1334,0.1407,0.0572,0.2321,-9.6366,-10.0107,-9.5326,-10.0682,0.0960
15.1080,sand,0.908,0.850,0.1828,4.5275,0.1460,0.1379,-0.0761,-0.1520,-9.6368,-10.0648,-9.5152,-10.0815,0.0940
15.1200,sand,0.908,0.850,0.1763,4.5541,0.1280,0.1386,0.0386,0.7748,-9.7040,-10.0250,-9.5604,-10.1157,0.0906
15.1320,sand,0.908,0.850,0.1697,4.5508,0.1374,0.1343,0.0239,0.3969,-9.6925,-10.0153,-9.5820,-10.0181,0.0868
15.1440,sand,0.908,0.850,0.1630,4.5620,0.1774,0.1335,-0.2321,0.5933,-9.6863,-9.9852,-9.6205,-10.0619,0.0826
15.1560,sand,0.908,0.850,0.1562,4.5315,0.1039,0.1314,0.0736,0.2061,-9.7009,-9.9757,-9.6053,-10.0931,0.0799
15.1680,sand,0.908,0.850,0.1492,4.5133,0.1818,0.1252,-0.1872,0.4587,-9.6555,-10.0152,-9.6245,-10.0291,0.0774
15.1800,sand,0.908,0.850,0.1422,4.4690,0.2241,0.1207,-0.0279,0.4267,-9.7207,-9.9842,-9.6152,-9.9762,0.0737
15.1920,sand,0.908,0.850,0.1350,4.5138,0.1589,0.1185,-0.3987,-0.0855,-9.7089,-10.0041,-9.5443,-10.0689,0.0696
15.2040,sand,0.908,0.850,0.1277,4.5408,0.1417,0.1157,-0.1078,0.3160,-9.6732,-9.9669,-9.5450,-10.0346,0.0657
15.2160,sand,0.908,0.850,0.1204,4.4829,0.1603,0.1126,-0.1197,0.5756,-9.7067,-9.9224,-9.6235,-10.0112,0.0624
15.2280,sand,0.908,0.850,0.1129,4.5534,0.1249,0.1093,0.0625,0.3097,-9.7091,-9.9176,-9.5993,-10.0593,0.0590
15.2400,sand,0.908,0.850,0.1054,4.4201,0.1024,0.1069,0.0436,0.2430,-9.7287,-9.9479,-9.6177,-10.0118,0.0555
15.2520,sand,0.908,0.850,0.0978,4.5257,0.2193,0.1054,-0.0404,0.4503,-9.7627,-9.9542,-9.6895,-9.9383,0.0518
15.2640,sand,0.908,0.850,0.0901,4.4921,0.0874,0.1001,-0.0773,0.2551,-9.7497,-9.9380,-9.5594,-10.0280,0.0471
15.2760,sand,0.908,0.850,0.0824,4.5278,0.0729,0.0963,0.0562,0.2857,-9.7669,-9.9570,-9.5111,-10.0252,0.0435
15.2880,sand,0.908,0.850,0.0746,4.5274,0.0751,0.0918,0.0876,0.4007,-9.7561,-9.9643,-9.6022,-9.9387,0.0406
15.3000,sand,0.908,0.850,0.0668,4.4799,0.1469,0.0892,0.0703,-0.2281,-9.7771,-9.9411,-9.5833,-10.0419,0.0367
15.3120,sand,0.908,0.850,0.0589,4.5154,0.1924,0.0879,0.0121,0.2927,-9.7682,-9.9126,-9.6645,-9.9910,0.0323
15.3240,sand,0.908,0.850,0.0509,4.4935,0.0475,0.0889,-0.1401,-0.2549,-9.7354,-9.9069,-9.7079,-9.9824,0.0281
15.3360,sand,0.908,0.850,0.0429,4.4943,0.1340,0.0836,-0.0928,0.0514,-9.7056,-9.9321,-9.6093,-10.0003,0.0240
15.3480,sand,0.908,0.850,0.0349,4.5052,0.1374,0.0780,-0.1743,0.0109,-9.7707,-9.9412,-9.5655,-9.9629,0.0205
15.3600,sand,0.908,0.850,0.0269,4.5363,0.0245,0.0779,-0.0033,-0.1433,-9.7766,-9.9417,-9.5963,-9.9348,0.0174
15.3720,sand,0.908,0.850,0.0188,4.4878,0.0408,0.0744,-0.0625,0.0057,-9.7891,-9.9387,-9.5988,-9.9881,0.0126
15.3840,sand,0.908,0.850,0.0108,4.5200,0.0519,0.0710,0.1695,-0.0201,-9.6955,-9.9372,-9.7064,-9.9709,0.0079
15.3960,sand,0.908,0.850,0.0027,4.4051,0.1626,0.0706,0.0497,-0.3059,-9.6825,-9.9270,-9.7334,-9.9665,0.0044
15.4080,sand,0.908,0.850,-0.0054,4.5068,0.0584,0.0627,-0.2448,-0.6200,-9.6915,-9.9768,-9.6296,-9.9539,0.0016
15.4200,sand,0.908,0.850,-0.0135,4.5681,0.0387,0.0576,-0.0908,-0.1864,-9.7724,-9.9325,-9.6316,-9.9251,-0.0026
15.4320,sand,0.908,0.850,-0.0215,4.5285,0.1422,0.0533,-0.0809,-0.1515,-9.8093,-9.9214,-9.6107,-9.9085,-0.0082
15.4440,sand,0.908,0.850,-0.0296,4.4974,0.0349,0.0496,-0.3023,-0.2778,-9.7391,-9.9210,-9.6378,-9.9638,-0.0128
15.4560,sand,0.908,0.850,-0.0376,4.5391,0.0968,0.0465,0.0962,-0.4990,-9.6881,-9.9204,-9.7392,-9.9506,-0.0154
15.4680,sand,0.908,0.850,-0.0456,4.4824,0.0929,0.0408,-0.1429,-0.2397,-9.6346,-9.9313,-9.7395,-9.9745,-0.0179
15.4800,sand,0.908,0.850,-0.0536,4.5957,0.1754,0.0389,0.0007,0.0368,-9.7202,-9.8839,-9.7183,-9.8822,-0.0222
15.4920,sand,0.908,0.850,-0.0615,4.4991,0.0103,0.0375,-0.2202,-0.0654,-9.8316,-9.8402,-9.7525,-9.8576,-0.0270
15.5040,sand,0.908,0.850,-0.0694,4.4885,0.1087,0.0327,-0.2389,-0.5529,-9.7556,-9.9029,-9.6526,-9.9311,-0.0314
15.5160,sand,0.908,0.850,-0.0772,4.5730,0.0260,0.0287,-0.1183,0.0649,-9.7053,-9.9028,-9.6941,-9.9422,-0.0351
15.5280,sand,0.908,0.850,-0.0850,4.4859,0.0274,0.0248,0.1411,0.3560,-9.7404,-9.8929,-9.7994,-9.8777,-0.0386
15.5400,sand,0.908,0.850,-0.0927,4.5210,0.0441,0.0247,0.0352,-0.7737,-9.7266,-9.9164,-9.7280,-9.8733,-0.0422
15.5520,sand,0.908,0.850,-0.1004,4.5276,0.0209,0.0167,-0.1373,0.1087,-9.8679,-9.8585,-9.6642,-9.8520,-0.0467
15.5640,sand,0.908,0.850,-0.1079,4.5485,0.0329,0.0161,-0.1148,-0.2621,-9.8995,-9.8490,-9.7256,-9.8354,-0.0498
15.5760,sand,0.908,0.850,-0.1154,4.4867,0.0281,0.0114,0.2051,-0.6122,-9.7573,-9.8780,-9.6928,-9.9261,-0.0530
15.5880,sand,0.908,0.850,-0.1228,4.5188,-0.0201,0.0073,-0.0294,-0.4043,-9.7701,-9.8225,-9.7888,-9.8927,-0.0574
15.6000,sand,0.908,0.850,-0.1302,4.5104,-0.0504,0.0036,-0.1791,-0.1399,-9.7951,-9.7909,-9.8250,-9.8345,-0.0622
15.6120,sand,0.908,0.850,-0.1374,4.4315,0.0009,-0.0010,-0.3133,-0.5845,-9.7708,-9.8568,-9.7615,-9.8283,-0.0658
15.6240,sand,0.908,0.850,-0.1445,4.4848,-0.0113,-0.0044,-0.1082,0.1332,-9.8280,-9.8614,-9.7336,-9.8307,-0.0689
15.6360,sand,0.908,0.850,-0.1516,4.4229,-0.0905,-0.0048,0.0915,-0.5322,-9.8464,-9.8183,-9.7502,-9.7571,-0.0723
15.6480,sand,0.908,0.850,-0.1585,4.5383,-0.0351,-0.0095,-0.2049,-0.7091,-9.7774,-9.8157,-9.7453,-9.8539,-0.0759
15.6600,sand,0.908,0.850,-0.1653,4.4439,-0.0328,-0.0098,0.0158,-0.2867,-9.7688,-9.8010,-9.8293,-9.8309,-0.0794
15.6720,sand,0.908,0.850,-0.1720,4.4915,0.0141,-0.0172,-0.1108,-0.3701,-9.7566,-9.8022,-9.8796,-9.7998,-0.0826
15.6840,sand,0.908,0.850,-0.1785,4.5452,-0.0395,-0.0213,0.0010,-0.3958,-9.7702,-9.8206,-9.7973,-9.7753,-0.0856
15.6960,sand,0.908,0.850,-0.1849,4.4042,-0.0901,-0.0239,0.0065,-0.7486,-9.8743,-9.8033,-9.7777,-9.7658,-0.0890
15.7080,sand,0.908,0.850,-0.1912,4.5200,-0.0585,-0.0317,-0.0051,-0.3630,-9.8861,-9.8252,-9.7958,-9.7336,-0.0924
15.7200,sand,0.908,0.850,-0.1974,4.5492,-0.0088,-0.0332,0.0707,-0.8234,-9.7936,-9.7926,-9.7711,-9.7996,-0.0954
15.7320,sand,0.908,0.850,-0.2034,4.5505,-0.0502,-0.0363,0.0394,-0.5772,-9.7806,-9.8187,-9.8644,-9.7688,-0.0983
15.7440,sand,0.908,0.850,-0.2093,4.6503,-0.0242,-0.0373,-0.0852,-0.6838,-9.7799,-9.8259,-9.8828,-9.7649,-0.1011
15.7560,sand,0.908,0.850,-0.2150,4.5017,-0.0937,-0.0416,0.0344,0.0279,-9.7750,-9.8033,-9.8741,-9.7875,-0.1038
15.7680,sand,0.908,0.850,-0.2205,4.4721,-0.1207,-0.0500,-0.0490,-0.4441,-9.8349,-9.7932,-9.9002,-9.7215,-0.1068
15.7800,sand,0.908,0.850,-0.2259,4.4803,-0.0023,-0.0511,-0.1187,-0.7757,-9.8739,-9.8310,-9.8156,-9.7654,-0.1097
15.7920,sand,0.908,0.850,-0.2312,4.5216,-0.1058,-0.0557,-0.0343,-0.4053,-9.8393,-9.8191,-9.8337,-9.7725,-0.1125
15.8040,sand,0.908,0.850,-0.2362,4.5991,-0.0572,-0.0561,0.0586,-0.2782,-9.7680,-9.7950,-9.9288,-9.8124,-0.1149
15.8160,sand,0.908,0.850,-0.2411,4.5369,-0.0457,-0.0602,-0.0311,-0.6838,-9.7127,-9.7231,-9.9077,-9.8473,-0.1170
15.8280,sand,0.908,0.850,-0.2458,4.4870,-0.1749,-0.0671,0.0081,-0.5431,-9.6859,-9.7411,-9.8847,-9.7820,-0.1193
15.8400,sand,0.908,0.850,-0.2504,4.4623,-0.1292,-0.0713,0.0360,-0.3556,-9.8397,-9.7512,-9.9292,-9.7662,-0.1215
15.8520,sand,0.908,0.850,-0.2547,4.5270,-0.0214,-0.0690,-0.2107,-0.7286,-9.8838,-9.7750,-9.8584,-9.7938,-0.1240
15.8640,sand,0.908,0.850,-0.2589,4.5163,-0.0554,-0.0720,-0.0256,-0.4958,-9.8573,-9.7571,-9.9409,-9.8327,-0.1260
15.8760,sand,0.908,0.850,-0.2629,4.5043,-0.1015,-0.0738,0.1224,-0.8343,-9.8103,-9.7801,-10.0454,-9.7953,-0.1283
15.8880,sand,0.908,0.850,-0.2667,4.5282,0.0128,-0.0790,0.0075,-0.7564,-9.8805,-9.6894,-9.9364,-9.7844,-0.1302
15.9000,sand,0.908,0.850,-0.2703,4.5653,-0.0313,-0.0830,-0.2066,-0.9368,-9.7257,-9.6814,-9.8854,-9.7279,-0.1319
15.9120,sand,0.908,0.850,-0.2737,4.4469,0.0455,-0.0846,-0.1572,-0.7060,-9.7239,-9.7427,-9.9883,-9.7426,-0.1338
15.9240,sand,0.908,0.850,-0.2769,4.4920,-0.1003,-0.0858,-0.0435,-0.6925,-9.8533,-9.7120,-10.0005,-9.8096,-0.1355
15.9360,sand,0.908,0.850,-0.2799,4.4507,-0.1790,-0.0869,0.0083,-0.1946,-9.8099,-9.7344,-9.9731,-9.8424,-0.1370
15.9480,sand,0.908,0.850,-0.2827,4.4536,-0.0572,-0.0927,0.0905,-0.3178,-9.8196,-9.7589,-10.0763,-9.8163,-0.1383
15.9600,sand,0.908,0.850,-0.2853,4.5388,-0.1463,-0.0947,-0.0327,-0.6383,-9.9178,-9.7084,-9.9560,-9.7582,-0.1398
15.9720,sand,0.908,0.850,-0.2877,4.4796,-0.1200,-0.0991,0.0117,-0.7693,-9.8738,-9.7717,-9.9764,-9.6488,-0.1414
15.9840,sand,0.908,0.850,-0.2899,4.5663,-0.1183,-0.1016,0.1015,-0.4894,-9.7974,-9.8213,-10.0375,-9.6565,-0.1426
15.9960,sand,0.908,0.850,-0.2919,4.5883,-0.1722,-0.1048,0.0595,-0.7888,-9.7396,-9.7629,-10.0080,-9.7345,-0.1434
16.0080,sand,0.908,0.050,0.3620,4.5531,-0.1630,-0.1060,-0.0580,-0.8709,-9.6745,-9.7417,-9.9926,-9.8302,-0.1438
16.0200,sand,0.908,0.050,0.3334,4.3764,0.0562,-0.1299,1.2407,0.2866,-9.0092,-9.1687,-9.5728,-9.2203,-0.1246
16.0320,sand,0.908,0.050,0.3043,4.5003,-0.2387,-0.1476,-1.0025,-0.0766,-8.2655,-9.0310,-9.4940,-8.8592,-0.0684
16.0440,sand,0.908,0.050,0.2747,4.4075,-0.1832,-0.1585,0.1075,-0.7617,-7.4230,-9.1544,-9.3794,-8.6370,0.0155
16.0560,sand,0.908,0.050,0.2447,4.4917,-0.0587,-0.1646,-1.0523,-0.4721,-6.7490,-9.3538,-9.4845,-8.5474,0.1049
16.0680,sand,0.908,0.050,0.2143,4.3958,-0.1092,-0.1329,-2.0992,1.1985,-6.3933,-9.2607,-9.4243,-8.5375,0.1710
16.0800,sand,0.908,0.050,0.1835,4.4301,-0.0798,-0.0985,-2.6167,-0.0319,-6.4135,-8.6762,-9.4516,-8.4636,0.1647
16.0920,sand,0.908,0.050,0.1525,4.3906,0.0399,-0.0832,-1.5508,1.2545,-6.7149,-7.9082,-9.4533,-8.4528,0.1396
16.1040,sand,0.908,0.050,0.1212,4.3457,0.0092,-0.0653,-4.1605,1.4194,-6.9091,-7.3281,-9.3240,-8.4558,0.1018
16.1160,sand,0.908,0.050,0.0898,4.4232,0.0471,-0.0554,-3.2675,1.4989,-6.9002,-6.9158,-9.1702,-8.2981,0.0676
16.1280,sand,0.908,0.050,0.0582,4.3734,-0.0478,-0.0533,-2.3145,0.6673,-7.0323,-6.7573,-9.1265,-8.1641,0.0405
16.1400,sand,0.908,0.050,0.0265,4.3143,-0.0728,-0.0474,-1.7447,0.2884,-7.0644,-6.5725,-8.9892,-8.0289,0.0203
16.1520,sand,0.908,0.050,-0.0053,4.3200,0.0537,-0.0459,-2.4491,0.0632,-7.0190,-6.3818,-8.9487,-7.8924,0.0075
16.1640,sand,0.908,0.050,-0.0370,4.2212,-0.0346,-0.0441,-2.6210,0.3722,-6.8989,-6.2707,-8.8290,-7.8180,-0.0013
16.1760,sand,0.908,0.050,-0.0687,4.2531,0.0381,-0.0385,-1.8400,-0.2567,-6.7171,-6.1893,-8.6841,-7.6947,-0.0179
16.1880,sand,0.908,0.050,-0.1003,4.3741,-0.0132,-0.0325,-2.0384,0.5819,-6.5745,-6.1095,-8.4362,-7.6215,-0.0424
16.2000,sand,0.908,0.050,-0.1317,4.1504,0.0068,-0.0346,-2.6257,0.1793,-6.6078,-6.0054,-8.2306,-7.4381,-0.0556
16.2120,sand,0.908,0.050,-0.1629,4.1115,0.0240,-0.0328,-2.4600,0.0550,-6.5604,-5.8817,-8.0856,-7.3012,-0.0667
16.2240,sand,0.908,0.050,-0.1938,4.0542,-0.0185,-0.0285,-2.7166,0.0047,-6.3766,-5.8801,-8.0450,-7.1774,-0.0821
16.2360,sand,0.908,0.050,-0.2245,4.1238,0.0604,-0.0258,-2.0924,-0.2186,-6.2442,-5.7315,-7.9570,-7.0402,-0.0994
16.2480,sand,0.908,0.050,-0.2547,4.1529,0.0201,-0.0297,-2.5236,0.0376,-6.1426,-5.6311,-7.8103,-6.8757,-0.1168
16.2600,sand,0.908,0.050,-0.2846,4.0314,-0.0959,-0.0323,-2.5600,0.1436,-5.9946,-5.5168,-7.6668,-6.6712,-0.1295
16.2720,sand,0.908,0.050,-0.3141,4.0023,-0.0337,-0.0295,-1.9319,-0.3021,-5.9205,-5.4266,-7.5012,-6.5542,-0.1410
16.2840,sand,0.908,0.050,-0.3430,3.9595,-0.1110,-0.0293,-2.3962,0.1181,-5.5514,-5.4371,-7.3760,-6.4896,-0.1566
16.2960,sand,0.908,0.050,-0.3714,3.8540,0.0191,-0.0305,-2.8021,0.0964,-5.4392,-5.2098,-7.2742,-6.5110,-0.1758
16.3080,sand,0.908,0.050,-0.3992,3.8954,-0.0362,-0.0370,-2.9211,0.2404,-5.3633,-5.0428,-7.2864,-6.4715,-0.1920
16.3200,sand,0.908,0.050,-0.4264,3.8686,0.0066,-0.0344,-2.9726,0.4193,-5.2049,-4.7629,-7.2733,-6.3690,-0.2045
16.3320,sand,0.908,0.050,-0.4529,3.7969,-0.0502,-0.0348,-2.9330,-0.1988,-5.1493,-4.6008,-7.1478,-6.2105,-0.2143
16.3440,sand,0.908,0.050,-0.4787,3.8920,0.0585,-0.0388,-2.9225,-0.4305,-5.0240,-4.3728,-7.0039,-6.0338,-0.2213
16.3560,sand,0.908,0.050,-0.5038,3.8781,-0.0298,-0.0351,-2.6261,0.5500,-4.8763,-4.3760,-6.8594,-5.8816,-0.2360
16.3680,sand,0.908,0.050,-0.5281,3.6918,-0.0452,-0.0400,-2.0553,-0.3390,-4.7928,-4.2662,-6.8064,-5.7732,-0.2520
16.3800,sand,0.908,0.050,-0.5515,3.6363,-0.0849,-0.0424,-2.5634,-0.4552,-4.5603,-4.2313,-6.8028,-5.6742,-0.2632
16.3920,sand,0.908,0.050,-0.5740,3.6511,-0.1023,-0.0463,-2.2113,-0.0738,-4.4803,-4.0695,-6.7142,-5.6031,-0.2713
16.4040,sand,0.908,0.050,-0.5957,3.6418,-0.0151,-0.0467,-3.0420,-0.4724,-4.4290,-3.8869,-6.6704,-5.5932,-0.2839
16.4160,sand,0.908,0.050,-0.6164,3.6398,-0.0730,-0.0461,-3.0425,-0.8223,-4.3133,-3.7130,-6.5474,-5.4969,-0.2943
16.4280,sand,0.908,0.050,-0.6362,3.6551,-0.0651,-0.0507,-2.2906,-0.5552,-3.9789,-3.6715,-6.4607,-5.3809,-0.3041
16.4400,sand,0.908,0.050,-0.6549,3.5258,0.0383,-0.0541,-2.8495,0.3974,-3.7736,-3.6026,-6.3751,-5.2592,-0.3121
16.4520,sand,0.908,0.050,-0.6726,3.4525,-0.1274,-0.0514,-2.4174,-0.0982,-3.5118,-3.5787,-6.3443,-5.0824,-0.3207
16.4640,sand,0.908,0.050,-0.6893,3.4565,-0.0634,-0.0522,-2.2161,-0.3536,-3.5228,-3.2870,-6.3526,-4.9806,-0.3289
16.4760,sand,0.908,0.050,-0.7048,3.5188,-0.0426,-0.0540,-2.9423,-0.9606,-3.3768,-3.1701,-6.2439,-4.9062,-0.3370
16.4880,sand,0.908,0.050,-0.7193,3.4551,-0.0537,-0.0551,-2.5797,-0.0893,-3.2508,-2.9654,-6.2218,-4.8324,-0.3430
16.5000,sand,0.908,0.050,-0.7326,3.3774,-0.1251,-0.0539,-3.5103,-0.2545,-3.1085,-2.8744,-6.0817,-4.8766,-0.3510
16.5120,sand,0.908,0.050,-0.7448,3.3382,-0.0565,-0.0567,-2.7232,-0.7973,-3.0272,-2.7003,-5.9167,-4.8478,-0.3569
16.5240,sand,0.908,0.050,-0.7558,3.4245,-0.0910,-0.0556,-2.9066,-0.0938,-2.9709,-2.5124,-5.8352,-4.6637,-0.3620
16.5360,sand,0.908,0.050,-0.7656,3.3390,-0.0169,-0.0549,-1.5869,0.5624,-2.7964,-2.3339,-5.6521,-4.5714,-0.3668
16.5480,sand,0.908,0.050,-0.7742,3.2544,-0.1072,-0.0601,-3.5013,-0.8515,-2.6958,-2.1700,-5.5951,-4.4273,-0.3717
16.5600,sand,0.908,0.050,-0.7816,3.2203,-0.0850,-0.0562,-3.1475,-0.0229,-2.5092,-2.0448,-5.5221,-4.3475,-0.3763
16.5720,sand,0.908,0.050,-0.7877,3.2135,-0.0581,-0.0597,-2.8467,-0.0770,-2.2836,-2.0711,-5.3831,-4.2743,-0.3795
16.5840,sand,0.908,0.050,-0.7927,3.1064,-0.0516,-0.0588,-3.1676,-0.4010,-2.0620,-1.9445,-5.3846,-4.1793,-0.3812
16.5960,sand,0.908,0.050,-0.7963,3.0859,0.0016,-0.0599,-2.8873,0.1267,-1.8014,-1.9068,-5.2530,-4.1442,-0.3830
16.6080,sand,0.908,0.050,-0.7987,3.0471,-0.1001,-0.0588,-2.8691,0.3281,-1.5705,-1.7750,-5.2496,-3.9727,-0.3842
16.6200,sand,0.908,0.050,-0.7999,3.0880,-0.0398,-0.0613,-3.0444,-0.3913,-1.4304,-1.5896,-5.1062,-4.0101,-0.3850
16.6320,sand,0.908,0.050,-0.7998,2.9591,-0.0385,-0.0575,-2.7361,-0.2985,-1.2019,-1.5518,-4.9409,-3.9046,-0.3854
16.6440,sand,0.908,0.050,-0.7984,2.9086,0.0034,-0.0585,-2.4401,-0.1103,-1.0635,-1.3739,-4.8103,-3.7902,-0.3855
16.6560,sand,0.908,0.050,-0.7958,2.9091,-0.1521,-0.0578,-3.2116,-0.1787,-1.0264,-1.2750,-4.7243,-3.6058,-0.3846
16.6680,sand,0.908,0.050,-0.7919,2.9841,-0.1356,-0.0597,-3.0331,0.1719,-0.9107,-1.2333,-4.5920,-3.5048,-0.3833
16.6800,sand,0.908,0.050,-0.7868,2.8606,-0.0327,-0.0591,-2.8274,-0.3961,-0.8755,-1.0800,-4.4932,-3.3735,-0.3814
16.6920,sand,0.908,0.050,-0.7804,2.8419,-0.0854,-0.0553,-3.1226,0.1044,-0.6802,-1.0028,-4.4114,-3.2010,-0.3795
16.7040,sand,0.908,0.050,-0.7729,2.8395,-0.0865,-0.0585,-2.5789,-0.0780,-0.5904,-0.7979,-4.2253,-3.2112,-0.3764
16.7160,sand,0.908,0.050,-0.7640,2.6701,-0.0400,-0.0565,-2.8781,0.3392,-0.5685,-0.6512,-4.1725,-3.1802,-0.3723
16.7280,sand,0.908,0.050,-0.7540,2.7345,-0.0601,-0.0554,-2.4528,0.6816,-0.3497,-0.4791,-4.0434,-3.0888,-0.3678
16.7400,sand,0.908,0.050,-0.7428,2.6324,-0.0179,-0.0515,-3.3856,-0.4468,-0.2178,-0.5130,-4.0372,-3.0020,-0.3633
16.7520,sand,0.908,0.050,-0.7305,2.6702,0.0250,-0.0528,-3.7022,0.3406,0.0384,-0.4603,-3.9804,-2.7886,-0.3571
16.7640,sand,0.908,0.050,-0.7170,2.6170,-0.0482,-0.0517,-2.7450,-0.3955,-0.2210,-0.9722,-3.8845,-2.5823,-0.3504
16.7760,sand,0.908,0.050,-0.7023,2.5678,0.0360,-0.0480,-3.1412,0.3127,0.0377,-0.8063,-3.5594,-2.3585,-0.3449
16.7880,sand,0.908,0.050,-0.6866,2.4931,-0.0044,-0.0515,-3.1301,0.3458,-0.4909,-0.3474,-3.3623,-2.1405,-0.3372
16.8000,sand,0.908,0.050,-0.6697,2.4102,-0.0612,-0.0510,-2.9063,-0.5074,-0.3221,-0.2066,-3.2344,-1.9132,-0.3294
16.8120,sand,0.908,0.050,-0.6518,2.4224,-0.0373,-0.0490,-2.7425,-0.3518,-0.6807,-0.5599,-3.0125,-1.7072,-0.3219
16.8240,sand,0.908,0.050,-0.6329,2.4855,0.0006,-0.0520,-3.0931,0.0852,-0.3618,-0.3686,-2.8499,-1.4448,-0.3131
16.8360,sand,0.908,0.050,-0.6130,2.4820,-0.0595,-0.0493,-3.1548,0.0781,-0.2468,-0.2443,-2.7523,-1.2618,-0.3045
16.8480,sand,0.908,0.050,-0.5921,2.2934,-0.0777,-0.0466,-3.1994,0.1954,0.1386,-0.9338,-2.7637,-1.0050,-0.2961
16.8600,sand,0.908,0.050,-0.5703,2.3212,-0.0645,-0.0473,-3.2256,-0.3453,-0.3859,-0.4712,-2.5290,-0.7155,-0.2857
16.8720,sand,0.908,0.050,-0.5476,2.2426,-0.0384,-0.0501,-3.1119,0.2227,-0.2968,-0.3246,-2.4575,-0.5877,-0.2748
16.8840,sand,0.908,0.050,-0.5241,2.2504,-0.0319,-0.0491,-3.2122,0.3230,-0.0233,-0.2457,-2.4406,-0.3740,-0.2631
16.8960,sand,0.908,0.050,-0.4997,2.2494,-0.0351,-0.0498,-3.0757,0.1840,-0.4471,-0.6266,-2.2389,-0.1845,-0.2524
16.9080,sand,0.908,0.050,-0.4745,2.1235,0.0152,-0.0461,-3.1131,-0.0099,-0.1660,-0.3918,-2.1257,-0.0508,-0.2415
16.9200,sand,0.908,0.050,-0.4486,2.1080,-0.0363,-0.0488,-3.0321,-0.4654,0.1691,-0.2540,-1.7611,-0.6677,-0.2296
16.9320,sand,0.908,0.050,-0.4219,2.0412,0.0932,-0.0486,-3.2269,0.1269,0.1627,-0.6903,-1.5422,-0.4307,-0.2148
16.9440,sand,0.908,0.050,-0.3946,2.0022,-0.0240,-0.0534,-4.0443,0.3857,0.4331,-0.3921,-1.3459,-0.3111,-0.1977
16.9560,sand,0.908,0.050,-0.3667,1.9579,-0.0102,-0.0465,-3.0934,0.7660,0.2550,-0.6492,-0.9893,-0.1281,-0.1886
16.9680,sand,0.908,0.050,-0.3382,1.9041,0.0091,-0.0405,-2.6324,0.3915,0.2279,-1.0162,-0.5687,-0.6108,-0.1776
16.9800,sand,0.908,0.050,-0.3092,1.9749,-0.0768,-0.0486,-3.3986,-0.0675,-0.4040,-0.2651,-0.1910,-0.3661,-0.1631
16.9920,sand,0.908,0.050,-0.2797,1.9513,-0.0589,-0.0478,-2.8507,-0.1965,-0.0194,-0.5255,-0.0375,-0.1043,-0.1489
17.0040,sand,0.908,0.050,-0.2497,1.8286,-0.0767,-0.0466,-3.1816,0.0635,0.2453,-0.2302,-0.3439,-0.4201,-0.1347
17.0160,sand,0.908,0.050,-0.2194,1.7239,0.0302,-0.0464,-1.7993,-0.4076,-0.0393,-0.4508,0.0100,-0.0572,-0.1207
17.0280,sand,0.908,0.050,-0.1887,1.7452,-0.0757,-0.0472,-2.9715,-0.3475,-0.2852,-0.4522,-0.3220,-0.2544,-0.1044
17.0400,sand,0.908,0.050,-0.1577,1.6963,0.0047,-0.0499,-3.3409,0.1715,0.3242,-0.6994,-0.5661,-0.3576,-0.0863
17.0520,sand,0.908,0.050,-0.1265,1.6705,-0.0411,-0.0461,-3.2106,0.2995,0.3016,-0.8523,0.0126,-0.5642,-0.0709
17.0640,sand,0.908,0.050,-0.0950,1.6777,-0.0229,-0.0443,-3.4370,-0.3488,0.3307,-0.9106,-0.1480,-0.4894,-0.0577
17.0760,sand,0.908,0.050,-0.0634,1.5855,-0.0448,-0.0417,-4.3413,0.3071,0.3063,-0.8976,-0.5839,0.2209,-0.0421
17.0880,sand,0.908,0.050,-0.0317,1.5449,-0.0187,-0.0456,-1.4496,0.0318,0.2131,-0.8573,-0.6569,0.2364,-0.0243
17.1000,sand,0.908,0.050,0.0000,1.5114,0.0126,-0.0455,-3.3680,-0.5585,0.1623,-0.8793,0.0384,-0.1210,-0.0094
17.1120,sand,0.908,0.050,0.0317,1.5227,0.0568,-0.0449,-3.4311,-0.3288,0.3878,-0.8312,-0.1522,-0.0899,0.0039
17.1240,sand,0.908,0.050,0.0634,1.4462,0.1586,-0.0446,-2.2150,-0.3132,0.5228,-0.8690,-0.3387,-0.3094,0.0214
17.1360,sand,0.908,0.050,0.0950,1.4279,-0.0208,-0.0495,-4.5065,-0.0757,-0.2013,-0.6949,0.2822,-0.5996,0.0427
17.1480,sand,0.908,0.050,0.1265,1.4015,-0.0268,-0.0385,-3.6321,0.4315,0.2774,-0.0793,0.1719,-0.6176,0.0561
17.1600,sand,0.908,0.050,0.1577,1.3050,0.0171,-0.0398,-5.4788,-0.3204,0.5041,-0.8534,-0.1908,0.0772,0.0674
17.1720,sand,0.908,0.050,0.1887,1.4200,0.0167,-0.0386,-3.5029,0.0060,0.6675,-0.8846,-0.2636,-0.0908,0.0800
17.1840,sand,0.908,0.050,0.2194,1.2152,-0.0473,-0.0393,-3.6377,-0.3907,0.6703,-0.8328,-0.3762,-0.2813,0.0972
17.1960,sand,0.908,0.050,0.2497,1.1810,0.0184,-0.0419,-3.5278,-0.5574,-0.2604,-0.3230,-0.5238,0.3263,0.1143
17.2080,sand,0.908,0.050,0.2797,1.1847,-0.0582,-0.0374,-2.9401,-1.0974,-0.3107,-0.1318,-0.2410,-0.5649,0.1315
17.2200,sand,0.908,0.050,0.3092,1.0339,-0.0722,-0.0351,-3.2643,0.2131,-0.2598,0.0434,-0.3403,-0.0305,0.1465
17.2320,sand,0.908,0.050,0.3382,1.0169,-0.0801,-0.0322,-3.7128,-0.3047,-0.2068,-0.5910,-0.3314,-0.0859,0.1583
17.2440,sand,0.908,0.050,0.3667,1.0374,-0.0698,-0.0332,-3.1773,-0.1554,-0.1522,-0.5077,-0.1826,-0.2962,0.1708
17.2560,sand,0.908,0.050,0.3946,1.0939,-0.0521,-0.0320,-3.6453,0.5296,-0.0939,-0.4587,-0.0784,-0.4120,0.1848
17.2680,sand,0.908,0.050,0.4219,0.8639,-0.0613,-0.0320,-3.5286,-0.6158,-0.1940,-0.3406,0.0543,-0.5026,0.1988
17.2800,sand,0.908,0.050,0.4486,0.8199,-0.0974,-0.0329,-3.5668,-0.5024,-0.1706,-0.1425,0.1788,-0.5886,0.2119
17.2920,sand,0.908,0.050,0.4745,0.8143,-0.0582,-0.0297,-3.4472,0.0572,0.2913,-0.8184,0.2057,-0.4010,0.2241
17.3040,sand,0.908,0.050,0.4997,0.8374,-0.1074,-0.0276,-5.4517,-0.8691,0.4725,-0.6606,-0.5694,-0.1333,0.2372
17.3160,sand,0.908,0.050,0.5241,0.8096,-0.0667,-0.0278,-2.3679,-0.3384,-0.3005,-0.1822,-0.4947,0.0178,0.2511
17.3280,sand,0.908,0.050,0.5476,0.7838,0.0196,-0.0236,-3.8564,-0.1409,-0.0722,-0.1323,-0.4208,0.0812,0.2622
17.3400,sand,0.908,0.050,0.5703,0.7919,-0.0261,-0.0244,-3.3584,-0.0400,0.2009,-0.1374,-0.3612,0.1189,0.2718
17.3520,sand,0.908,0.050,0.5921,0.7029,-0.0630,-0.0243,-3.6534,-0.0852,-0.3838,0.1239,-0.0562,-0.6074,0.2819
17.3640,sand,0.908,0.050,0.6130,0.6215,-0.0422,-0.0235,-3.4506,-0.0317,0.1525,-0.6005,0.0056,-0.5170,0.2913
17.3760,sand,0.908,0.050,0.6329,0.6129,-0.0109,-0.0247,-2.9983,0.1294,-0.3683,-0.2404,0.1552,-0.5016,0.3022
17.3880,sand,0.908,0.050,0.6518,0.5847,-0.0546,-0.0193,-3.7666,0.0972,-0.1431,-0.0627,-0.6110,-0.1913,0.3122
17.4000,sand,0.908,0.050,0.6697,0.6083,-0.1419,-0.0176,-2.8451,0.0379,0.2213,-0.6003,-0.5966,0.0264,0.3190
17.4120,sand,0.908,0.050,0.6866,0.5391,0.0123,-0.0133,-3.5951,0.4136,-0.4183,0.1672,-0.5934,0.1736,0.3267
17.4240,sand,0.908,0.050,0.7023,0.4038,-0.1044,-0.0179,-3.7322,-0.6349,-0.0740,-0.3231,-0.5565,0.3093,0.3359
17.4360,sand,0.908,0.050,0.7170,0.4542,-0.0063,-0.0171,-3.4673,0.0329,-0.0294,-0.0813,-0.6056,0.4050,0.3428
17.4480,sand,0.908,0.050,0.7305,0.3954,0.0292,-0.0070,-2.8365,0.4397,-0.4525,-0.0524,-0.3275,-0.1589,0.3482
17.4600,sand,0.908,0.050,0.7428,0.3127,0.0152,-0.0067,-1.5945,0.4695,-0.5026,-0.0593,-0.0885,0.0056,0.3556
17.4720,sand,0.908,0.050,0.7540,0.3159,-0.0387,-0.0033,-2.6588,0.6611,-0.5023,0.0294,0.2402,-0.5785,0.3614
17.4840,sand,0.908,0.050,0.7640,0.2448,-0.0793,0.0064,-3.1177,-0.5686,-0.4292,0.0363,0.1207,-0.2554,0.3662
17.4960,sand,0.908,0.050,0.7729,0.2843,-0.0458,0.0078,-2.6388,0.8691,-0.4954,0.2625,-0.4863,0.1371,0.3702
17.5080,sand,0.908,0.050,0.7804,0.2878,0.0042,0.0090,-0.8717,0.2786,-0.5646,0.3415,0.2784,-0.5542,0.3735
17.5200,sand,0.908,0.050,0.7868,0.2090,0.0074,0.0062,-1.5541,-0.1160,-0.4031,0.1949,0.0178,0.0020,0.3770
17.5320,sand,0.908,0.050,0.7919,0.2250,0.0459,0.0072,-2.2056,0.2911,-0.2457,0.1208,0.1455,-0.6460,0.3795
17.5440,sand,0.908,0.050,0.7958,0.1954,0.0719,0.0114,-0.2638,-0.4040,-0.1028,0.2035,0.2946,-0.4020,0.3818
17.5560,sand,0.908,0.050,0.7984,0.0922,0.0327,0.0109,-2.2198,0.9381,-0.0661,0.1953,0.4780,-0.4643,0.3842
17.5680,sand,0.908,0.050,0.7998,0.1643,0.0840,0.0101,-1.8619,-1.1885,-0.1094,0.1986,0.4852,-0.4131,0.3855
17.5800,sand,0.908,0.050,0.7999,0.0551,0.1269,0.0089,-0.7488,1.0762,-0.1254,0.2258,0.2742,-0.3549,0.3855
17.5920,sand,0.908,0.050,0.7987,0.2566,-0.0268,0.0076,-0.9084,1.2166,-0.1367,0.2818,0.5370,-0.4835,0.3851
17.6040,sand,0.908,0.050,0.7963,0.1577,-0.0113,0.0060,-0.6218,-0.2147,-0.0854,0.2734,0.5739,-0.2433,0.3846
17.6160,sand,0.908,0.050,0.7927,0.0990,0.0362,0.0076,-1.0560,-1.0371,-0.2166,0.5925,0.6574,-0.2452,0.3840
17.6280,sand,0.908,0.050,0.7877,0.0194,-0.0037,0.0070,-0.5172,-0.2879,-0.1960,0.5697,0.5196,-0.1585,0.3823
17.6400,sand,0.908,0.050,0.7816,0.0804,0.0017,0.0093,-0.3263,0.6740,-0.0539,0.6037,0.7372,-0.3537,0.3802
17.6520,sand,0.908,0.050,0.7742,0.1115,0.0045,0.0092,-0.5904,1.2023,-0.1305,0.6807,0.5747,-0.2056,0.3773
17.6640,sand,0.908,0.050,0.7656,0.0072,0.0693,0.0093,-0.5618,-0.8647,-0.1102,0.6227,0.6496,-0.2342,0.3738
17.6760,sand,0.908,0.050,0.7558,0.0853,-0.0302,0.0074,-1.1176,-0.2330,-0.1872,0.7921,0.6676,-0.1362,0.3697
17.6880,sand,0.908,0.050,0.7448,0.0735,-0.0082,0.0086,-1.3171,-0.5700,0.2668,-0.0001,0.6835,-0.3732,0.3655
17.7000,sand,0.908,0.050,0.7326,0.0261,0.0616,0.0144,-1.1829,-0.0937,0.3500,0.1123,0.7352,-0.0965,0.3592
17.7120,sand,0.908,0.050,0.7193,-0.0541,0.0604,0.0137,-0.8649,-0.2823,0.6388,-0.6590,0.7980,0.0911,0.3533
17.7240,sand,0.908,0.050,0.7048,0.0340,-0.0016,0.0146,-0.2618,0.2821,0.6233,-0.0794,-0.4500,0.8480,0.3467
17.7360,sand,0.908,0.050,0.6893,-0.1186,-0.0123,0.0119,-0.2961,-0.6732,-0.7247,0.8906,-0.1036,0.3487,0.3408
17.7480,sand,0.908,0.050,0.6726,-0.0513,0.0236,0.0145,0.2126,0.1604,0.4273,-0.0511,-0.7153,0.9376,0.3334
17.7600,sand,0.908,0.050,0.6549,-0.0954,-0.1043,0.0108,-2.1414,-0.0211,0.5772,0.1957,-0.2187,0.0492,0.3247
17.7720,sand,0.908,0.050,0.6362,-0.0398,0.0469,0.0097,-0.0389,-0.2352,-0.3031,0.9620,-0.2467,0.6218,0.3165
17.7840,sand,0.908,0.050,0.6164,-0.0915,0.0871,0.0121,-0.3518,-0.1087,0.6515,-0.4098,-0.2338,0.8690,0.3073
17.7960,sand,0.908,0.050,0.5957,-0.0076,-0.0227,0.0122,-0.8925,0.5296,-0.1141,0.0313,0.3487,-0.2630,0.2993
17.8080,sand,0.908,0.050,0.5740,-0.1024,0.0506,0.0116,-0.8207,0.0405,0.5195,0.0490,0.3921,0.0594,0.2891
17.8200,sand,0.908,0.050,0.5515,0.0407,0.0672,0.0146,-0.7498,0.5245,-0.1900,0.4661,0.9270,-0.5397,0.2790
17.8320,sand,0.908,0.050,0.5281,-0.0114,-0.0491,0.0123,-0.4316,-0.4552,0.0894,0.5296,0.7630,-0.1948,0.2688
17.8440,sand,0.908,0.050,0.5038,-0.0532,0.0206,0.0120,0.2422,0.0900,-0.3961,0.8040,0.7994,0.1508,0.2572
17.8560,sand,0.908,0.050,0.4787,-0.0503,0.0598,0.0173,-0.5721,-0.8571,0.4270,-0.1096,-0.0783,0.0113,0.2432
17.8680,sand,0.908,0.050,0.4529,-0.1045,0.0426,0.0182,0.2307,0.6594,0.5561,0.1075,-0.1411,0.9251,0.2282
17.8800,sand,0.908,0.050,0.4264,-0.0388,0.0696,0.0179,0.0401,1.1335,-0.1465,0.3256,-0.1929,0.7406,0.2191
17.8920,sand,0.908,0.050,0.3992,-0.0914,-0.0968,0.0153,-0.6543,-0.8997,0.4429,0.3194,0.1247,0.1147,0.2103
17.9040,sand,0.908,0.050,0.3714,-0.0760,-0.0328,0.0152,-1.5029,1.2361,-0.3167,0.8118,-0.1730,0.6582,0.1966
17.9160,sand,0.908,0.050,0.3430,-0.1443,0.0292,0.0151,-0.8466,0.6152,0.0378,0.5777,-0.1414,0.9943,0.1797
17.9280,sand,0.908,0.050,0.3141,0.0206,0.0862,0.0115,-0.5245,-0.5526,0.1891,0.5441,0.4044,0.0020,0.1664
17.9400,sand,0.908,0.050,0.2846,-0.1568,0.0689,0.0164,1.2582,0.4349,-0.3200,0.7631,-0.2506,0.7254,0.1532
17.9520,sand,0.908,0.050,0.2547,-0.1573,0.0642,0.0194,-1.0709,0.5114,0.1748,0.5637,0.2367,-0.0123,0.1367
17.9640,sand,0.908,0.050,0.2245,-0.0295,0.0601,0.0165,0.7892,1.2157,-0.2779,0.7433,0.0782,-0.0100,0.1227
17.9760,sand,0.908,0.050,0.1938,-0.0661,0.1023,0.0132,1.4917,-0.5136,0.2432,0.5904,-0.0536,-0.1796,0.1096
17.9880,sand,0.908,0.050,0.1629,-0.0563,0.0883,0.0142,-1.1666,0.3373,-0.2729,0.7481,-0.0100,-0.0537,0.0970
18.0000,sand,0.908,0.050,0.1317,-0.0801,0.1646,0.0143,-0.0564,0.3780,0.2291,0.5531,-0.0124,0.0341,0.0830
18.0120,sand,0.908,0.050,0.1003,-0.1072,0.0286,0.0147,0.4794,1.6436,-0.4963,0.9225,0.7723,-0.7120,0.0649
18.0240,sand,0.908,0.050,0.0687,-0.1130,-0.0596,0.0183,-0.5200,-0.2393,-0.3635,0.9912,0.8980,-0.5996,0.0475
18.0360,sand,0.908,0.050,0.0370,0.0040,0.0986,0.0205,0.9841,0.8350,0.4378,-0.0673,-0.1207,0.6289,0.0320
18.0480,sand,0.908,0.050,0.0053,-0.0992,0.0251,0.0173,-0.6182,0.6155,-0.3172,0.2426,0.0395,0.6036,0.0178
18.0600,sand,0.908,0.050,-0.0265,-0.0880,0.0467,0.0199,0.0369,-0.2513,0.3469,-0.0847,-0.1370,0.7196,0.0020
18.0720,sand,0.908,0.050,-0.0582,-0.1000,0.0487,0.0222,0.2226,-1.5598,-0.2715,0.1845,0.0672,0.6494,-0.0115
18.0840,sand,0.908,0.050,-0.0898,-0.0603,0.0444,0.0252,-0.1809,0.6101,0.1966,0.0330,-0.1630,0.7141,-0.0291
18.0960,sand,0.908,0.050,-0.1212,-0.0041,-0.0045,0.0303,0.6546,1.4427,0.1402,0.1787,-0.3353,0.5212,-0.0550
18.1080,sand,0.908,0.050,-0.1525,-0.1119,0.0297,0.0124,0.9461,1.2769,0.6078,-0.1195,-0.1028,0.5577,-0.0675
18.1200,sand,0.908,0.050,-0.1835,-0.0751,-0.0199,0.0098,-0.6278,-0.6574,-0.1931,0.0671,-0.0543,0.5187,-0.0762
18.1320,sand,0.908,0.050,-0.2143,-0.0727,-0.0492,0.0141,-0.5317,-0.3639,0.4271,-0.1104,-0.2914,0.5885,-0.0910
18.1440,sand,0.908,0.050,-0.2447,-0.0534,0.0538,0.0136,-0.5123,3.5572,-0.2025,0.2071,-0.1762,0.4740,-0.1050
18.1560,sand,0.908,0.050,-0.2747,-0.0289,0.0151,0.0112,0.2209,-2.6085,0.5757,-0.1948,-0.0695,0.4397,-0.1185
18.1680,sand,0.908,0.050,-0.3043,-0.0698,0.0679,0.0201,-1.1097,2.2552,0.6596,-0.1929,0.0656,0.2582,-0.1317
18.1800,sand,0.908,0.050,-0.3334,-0.0981,-0.0028,0.0244,-0.2886,-0.0265,-0.2911,0.2840,-0.0053,0.3896,-0.1445
18.1920,sand,0.908,0.050,-0.3620,-0.0202,-0.0997,0.0276,0.3905,0.5244,-0.3404,0.7662,-0.4337,0.6185,-0.1621
18.2040,sand,0.908,0.050,-0.3900,-0.0595,0.0952,0.0297,0.4177,0.5789,0.1501,0.4469,-0.4017,0.6792,-0.1803
18.2160,sand,0.908,0.050,-0.4174,-0.0651,0.0346,0.0271,-0.2029,-0.6185,-0.5445,0.5307,-0.2383,0.6923,-0.1946
18.2280,sand,0.908,0.050,-0.4442,-0.0983,0.0827,0.0231,0.5805,-0.0348,0.3872,0.1762,-0.2133,0.7199,-0.2064
18.2400,sand,0.908,0.050,-0.4702,0.0091,0.0372,0.0194,0.3390,-0.1427,-0.1019,0.3982,-0.1602,0.7588,-0.2162
18.2520,sand,0.908,0.050,-0.4955,-0.1448,0.0724,0.0182,-0.2189,-0.3009,-0.5658,0.6465,-0.1743,0.7929,-0.2254
18.2640,sand,0.908,0.050,-0.5201,-0.0553,-0.0360,0.0222,0.0707,-0.4841,-0.2543,0.4032,-0.0644,0.8103,-0.2413
18.2760,sand,0.908,0.050,-0.5438,-0.0198,0.0609,0.0243,0.3435,0.3433,-0.4039,0.4688,-0.0028,0.8334,-0.2566
18.2880,sand,0.908,0.050,-0.5666,-0.0646,-0.0373,0.0188,0.0006,-0.2874,-0.1238,0.2294,0.0180,0.8401,-0.2678
18.3000,sand,0.908,0.050,-0.5886,-0.0733,0.0902,0.0152,0.1101,-0.3399,0.4376,-0.4420,0.4415,0.4673,-0.2746
18.3120,sand,0.908,0.050,-0.6096,-0.0941,-0.0326,0.0160,1.8485,-0.5226,-0.2071,-0.0997,0.6590,-0.2788,-0.2833
18.3240,sand,0.908,0.050,-0.6297,-0.0727,-0.1190,0.0186,0.2726,-0.5531,-0.2502,0.6558,0.7691,-0.2883,-0.2970
18.3360,sand,0.908,0.050,-0.6488,-0.0432,0.1009,0.0213,0.4561,0.2544,0.3345,0.2641,0.7616,-0.2221,-0.3080
18.3480,sand,0.908,0.050,-0.6668,-0.1307,0.0147,0.0128,-0.0357,-0.2551,-0.2214,0.2712,0.8730,-0.1126,-0.3150
18.3600,sand,0.908,0.050,-0.6838,-0.0254,0.0696,0.0122,-0.0344,0.7815,0.5188,-0.3361,0.0821,0.2031,-0.3240
18.3720,sand,0.908,0.050,-0.6998,-0.0368,-0.0364,0.0100,0.0938,-0.0797,-0.1364,-0.0955,-0.6085,0.6660,-0.3305
18.3840,sand,0.908,0.050,-0.7146,-0.0676,0.0041,0.0150,0.0582,0.0791,0.4786,-0.4034,-0.5431,0.7600,-0.3373
18.3960,sand,0.908,0.050,-0.7283,-0.0234,0.0176,0.0114,0.0581,-0.6334,-0.1212,-0.1984,-0.5108,0.9046,-0.3452
18.4080,sand,0.908,0.050,-0.7409,-0.0259,0.0153,0.0092,-0.6518,1.0287,0.4525,-0.4389,-0.5669,0.9471,-0.3504
18.4200,sand,0.908,0.050,-0.7523,-0.0266,0.0041,0.0081,-0.0525,-0.1927,-0.1365,-0.1721,-0.2986,0.3179,-0.3564
18.4320,sand,0.908,0.050,-0.7625,-0.0263,0.0110,0.0102,0.4092,-0.4669,0.4852,-0.5917,-0.2808,0.4893,-0.3620
18.4440,sand,0.908,0.050,-0.7715,-0.0288,0.0139,0.0099,0.3140,0.0469,0.8487,-0.6453,-0.2825,0.5826,-0.3673
18.4560,sand,0.908,0.050,-0.7793,-0.0505,0.0407,0.0107,0.6259,0.1957,-0.1373,-0.3176,-0.2771,0.7236,-0.3698
18.4680,sand,0.908,0.050,-0.7858,-0.1025,-0.0162,0.0078,0.3487,-0.6180,-0.1496,0.3769,-0.3675,0.7573,-0.3726
18.4800,sand,0.908,0.050,-0.7912,-0.0356,-0.0323,0.0104,0.1920,-0.3128,0.2332,0.1873,-0.4262,0.7903,-0.3781
18.4920,sand,0.908,0.050,-0.7952,-0.0082,-0.0576,0.0078,0.1174,-0.4940,0.7452,-0.3511,-0.4323,0.8613,-0.3800
18.5040,sand,0.908,0.050,-0.7981,0.0294,0.0430,0.0087,-0.2648,0.8833,0.2291,-0.6129,-0.4414,0.9030,-0.3812
18.5160,sand,0.908,0.050,-0.7996,-0.0536,-0.0401,0.0062,-0.4220,2.6335,0.5663,-0.9061,-0.3626,0.9473,-0.3820
18.5280,sand,0.908,0.050,-0.8000,-0.0998,0.0273,0.0092,0.5441,-0.1777,0.4224,0.0417,-0.1812,0.4375,-0.3826
18.5400,sand,0.908,0.050,-0.7990,-0.0067,0.0603,0.0067,0.8160,-0.4993,-0.2725,0.2311,-0.1637,0.5689,-0.3828
18.5520,sand,0.908,0.050,-0.7968,-0.0724,-0.0705,0.0036,1.0127,-0.3983,-0.1658,0.2530,-0.1468,0.6740,-0.3834
18.5640,sand,0.908,0.050,-0.7934,0.0513,0.0070,0.0051,-0.0143,-0.0659,0.0076,-0.1597,-0.1585,0.7482,-0.3826
18.5760,sand,0.908,0.050,-0.7886,0.0697,-0.0311,0.0051,1.0008,-0.0113,0.5713,-0.7715,-0.2102,0.8815,-0.3804
18.5880,sand,0.908,0.050,-0.7827,-0.0345,0.0058,0.0051,0.7899,0.7024,0.3068,0.1614,-0.2096,0.8873,-0.3780
18.6000,sand,0.908,0.050,-0.7755,-0.0326,0.0326,0.0063,1.1050,-0.4055,0.3596,0.0413,-0.1475,0.6966,-0.3759
18.6120,sand,0.908,0.050,-0.7671,0.0274,-0.0147,0.0079,0.1324,-0.2847,0.5493,-0.4781,-0.1266,0.8050,-0.3725
18.6240,sand,0.908,0.050,-0.7575,0.0225,0.0647,0.0066,0.0376,0.3538,0.6780,-0.8961,-0.1486,0.8937,-0.3688
18.6360,sand,0.908,0.050,-0.7467,-0.0236,0.0180,0.0056,-0.0533,0.0392,0.7810,-0.8538,0.1865,-0.0054,-0.3648
18.6480,sand,0.908,0.050,-0.7347,-0.0260,0.0360,0.0059,1.2426,0.2754,0.9971,-0.9468,0.2270,0.1999,-0.3598
18.6600,sand,0.908,0.050,-0.7216,0.0825,-0.0761,0.0058,-0.4586,0.0551,0.0882,-0.3972,0.2996,0.4678,-0.3532
18.6720,sand,0.908,0.050,-0.7073,-0.1611,0.0464,0.0054,0.7597,-0.4899,0.7144,-0.7818,0.7292,-0.5861,-0.3470
18.6840,sand,0.908,0.050,-0.6919,0.0143,-0.0186,0.0049,-0.0808,0.1881,0.7977,-0.8423,0.7920,-0.4615,-0.3407
18.6960,sand,0.908,0.050,-0.6755,0.0057,0.0587,0.0046,0.5658,0.1295,0.8714,-0.8794,0.7961,-0.3513,-0.3335
18.7080,sand,0.908,0.050,-0.6579,-0.0947,0.0276,0.0110,0.5382,-0.1315,0.9275,-0.9041,0.7887,-0.2667,-0.3251
18.7200,sand,0.908,0.050,-0.6394,0.0717,-0.0664,0.0112,0.0186,-0.3285,0.9524,-0.9010,0.7722,-0.2184,-0.3171
18.7320,sand,0.908,0.050,-0.6198,0.1299,0.0578,0.0069,0.8838,0.6954,-0.2495,0.2897,0.7919,-0.1802,-0.3069
18.7440,sand,0.908,0.050,-0.5992,-0.0281,-0.0344,0.0064,0.9901,-1.8820,-0.2350,0.0550,0.8039,-0.1704,-0.2980
18.7560,sand,0.908,0.050,-0.5777,0.0206,-0.0806,0.0117,-0.1036,0.1963,-0.2408,-0.0093,0.8460,-0.0941,-0.2904
18.7680,sand,0.908,0.050,-0.5553,0.0411,0.0928,0.0071,0.4116,-0.4132,-0.3985,-0.0176,0.8792,-0.0188,-0.2800
18.7800,sand,0.908,0.050,-0.5320,-0.0006,0.0137,0.0029,0.0425,0.0267,-0.3270,0.0141,-0.0386,0.4026,-0.2674
18.7920,sand,0.908,0.050,-0.5079,0.0143,-0.0068,0.0057,-1.2195,-0.0282,-0.3243,0.0233,0.6419,-0.7979,-0.2556
18.8040,sand,0.908,0.050,-0.4830,0.0076,0.0321,0.0046,-0.0352,-0.1845,-0.4072,0.0924,0.8718,-0.5763,-0.2453
18.8160,sand,0.908,0.050,-0.4573,-0.0889,0.0218,0.0063,-0.4026,1.9787,-0.4010,0.0116,0.9176,-0.4304,-0.2329
18.8280,sand,0.908,0.050,-0.4309,-0.0145,0.0165,0.0046,-1.0226,-0.7339,-0.3598,0.0030,0.0926,-0.0140,-0.2204
18.8400,sand,0.908,0.050,-0.4038,-0.0428,0.0270,0.0058,2.5585,-0.6470,-0.4634,0.0901,0.3198,0.2372,-0.2067
18.8520,sand,0.908,0.050,-0.3761,-0.0649,0.0391,0.0048,-1.0039,0.0225,-0.5517,0.1620,0.3088,0.3507,-0.1937
18.8640,sand,0.908,0.050,-0.3478,0.0072,-0.0232,0.0023,2.2285,-0.8622,-0.4907,0.0889,0.4099,0.4286,-0.1802
18.8760,sand,0.908,0.050,-0.3189,-0.1093,-0.0123,0.0012,-0.7355,-0.7897,-0.2855,0.2215,-0.3518,-0.3074,-0.1658
18.8880,sand,0.908,0.050,-0.2896,0.0869,-0.0612,0.0041,-1.1706,-0.2741,-0.3817,0.2991,-0.2607,-0.1594,-0.1521
18.9000,sand,0.908,0.050,-0.2598,-0.0058,-0.0073,-0.0007,1.5723,0.2249,-0.3917,0.2649,-0.2145,-0.0377,-0.1389
18.9120,sand,0.908,0.050,-0.2295,-0.0063,0.0002,-0.0018,0.9165,0.0179,-0.4865,0.3530,-0.2261,0.2431,-0.1237
18.9240,sand,0.908,0.050,-0.1990,-0.0284,-0.0014,-0.0017,0.4909,-1.2364,-0.5123,0.2935,-0.2420,0.4346,-0.1087
18.9360,sand,0.908,0.050,-0.1681,-0.0430,-0.0582,-0.0020,0.2478,-0.8819,0.2475,0.0958,-0.2174,0.4883,-0.0960
18.9480,sand,0.908,0.050,-0.1369,-0.0519,0.0134,-0.0067,0.6774,0.0282,0.2895,-0.0442,-0.2417,0.5221,-0.0821
18.9600,sand,0.908,0.050,-0.1055,0.1035,-0.0294,-0.0077,0.2983,0.1239,0.4033,-0.2411,-0.2255,0.6097,-0.0666
18.9720,sand,0.908,0.050,-0.0740,0.0193,0.0050,-0.0126,0.0906,0.3593,-0.1152,0.0953,-0.1853,0.6912,-0.0469
18.9840,sand,0.908,0.050,-0.0423,-0.0179,0.0098,-0.0071,0.1662,-0.1809,-0.4223,0.2611,-0.2169,0.7641,-0.0305
18.9960,sand,0.908,0.050,-0.0106,0.0160,0.0320,-0.0086,0.1001,-0.2192,-0.4549,0.4097,-0.1704,0.7201,-0.0177
19.0080,sand,0.908,0.050,0.0212,-0.0127,-0.0448,-0.0123,0.0195,-0.6012,-0.3775,0.3485,-0.1738,0.7631,-0.0015
19.0200,sand,0.908,0.050,0.0529,0.0446,-0.0647,-0.0110,-1.6770,-0.4880,0.2488,-0.2340,-0.0584,-0.0174,0.0144
19.0320,sand,0.908,0.050,0.0845,-0.0467,-0.0381,-0.0100,1.3058,-0.4410,0.1973,-0.1727,-0.0248,0.0367,0.0279
19.0440,sand,0.908,0.050,0.1160,-0.0798,0.0714,-0.0133,0.9570,0.6255,0.2534,-0.1785,-0.2048,0.2763,0.0438
19.0560,sand,0.908,0.050,0.1473,0.0715,-0.0936,-0.0149,0.2754,-0.1719,0.1898,-0.1805,-0.0517,0.0804,0.0589
19.0680,sand,0.908,0.050,0.1784,0.0109,-0.0162,-0.0113,-0.6779,-0.1255,0.2666,-0.2559,-0.0511,0.3021,0.0786
19.0800,sand,0.908,0.050,0.2092,-0.0765,0.0480,-0.0159,0.5930,-0.7048,0.2294,-0.1753,-0.1043,0.0370,0.0932
19.0920,sand,0.908,0.050,0.2397,-0.0199,-0.0409,-0.0146,-0.3609,0.2218,0.3410,-0.1448,-0.1369,0.3109,0.1052
19.1040,sand,0.908,0.050,0.2697,0.0417,-0.0471,-0.0130,-0.0039,-0.4602,0.3621,-0.2477,-0.1177,0.1079,0.1168
19.1160,sand,0.908,0.050,0.2994,0.0025,0.0149,-0.0207,-0.2729,-1.5114,0.7204,-0.4187,-0.1220,0.1577,0.1427
19.1280,sand,0.908,0.050,0.3286,0.0082,-0.1286,-0.0067,0.0030,0.1031,0.2233,0.0505,-0.1572,0.3298,0.1537
19.1400,sand,0.908,0.050,0.3573,0.0359,0.0012,-0.0079,-0.6508,0.9459,0.3444,-0.0775,-0.1618,0.3852,0.1593
19.1520,sand,0.908,0.050,0.3854,-0.0476,-0.0346,-0.0190,1.2911,0.1764,0.4332,-0.0882,0.2039,-0.0407,0.1788
19.1640,sand,0.908,0.050,0.4129,0.0171,0.0229,-0.0160,-0.2061,-0.1564,0.2180,-0.0384,0.1505,0.1579,0.1921
19.1760,sand,0.908,0.050,0.4398,-0.1018,-0.0621,-0.0203,-3.0501,0.5717,0.3019,-0.0019,0.2966,-0.1275,0.2085
19.1880,sand,0.908,0.050,0.4659,-0.1004,-0.0519,-0.0132,-0.0599,0.2801,0.2097,0.0378,0.1869,0.1092,0.2156
19.2000,sand,0.908,0.050,0.4914,-0.0671,0.0907,-0.0225,0.2986,-0.6767,0.4245,-0.1010,-0.0230,0.2984,0.2385
19.2120,sand,0.908,0.050,0.5160,-0.1043,-0.0540,-0.0191,-0.8550,0.0248,0.2336,0.2026,-0.0241,0.2847,0.2483
19.2240,sand,0.908,0.050,0.5399,-0.1271,0.0056,-0.0141,-0.7219,-0.7693,-0.0140,0.5393,-0.2051,0.4087,0.2516
19.2360,sand,0.908,0.050,0.5629,-0.0792,-0.0151,-0.0158,0.2123,0.2316,0.2177,0.1486,0.2168,0.2188,0.2579
19.2480,sand,0.908,0.050,0.5850,-0.1713,-0.0591,-0.0188,0.0735,-0.2509,0.3892,0.0537,0.3062,-0.1223,0.2733
19.2600,sand,0.908,0.050,0.6062,-0.0455,-0.0256,-0.0164,-0.2013,-0.1636,0.4497,0.0359,0.1788,-0.1145,0.2851
19.2720,sand,0.908,0.050,0.6264,-0.0492,0.0075,-0.0153,-0.3449,-0.8650,0.3188,0.0748,0.0947,0.1740,0.2951
19.2840,sand,0.908,0.050,0.6457,-0.1199,-0.0338,-0.0177,-2.3683,-0.0990,0.2852,0.0424,0.2539,-0.0366,0.3044
19.2960,sand,0.908,0.050,0.6639,-0.1090,-0.0480,-0.0168,0.1038,-1.0641,0.2670,0.1033,0.2555,-0.0737,0.3132
19.3080,sand,0.908,0.050,0.6811,-0.0817,-0.1045,-0.0145,0.0555,0.1099,0.3019,0.1043,0.2229,-0.0634,0.3217
19.3200,sand,0.908,0.050,0.6972,-0.1842,0.0210,-0.0121,-0.2399,-0.0441,0.3279,0.0580,0.2460,-0.1217,0.3273
19.3320,sand,0.908,0.050,0.7122,-0.1102,0.0056,-0.0130,-0.3169,0.4875,0.3511,0.1604,0.1894,-0.0878,0.3345
19.3440,sand,0.908,0.050,0.7261,-0.0392,-0.0774,-0.0163,-0.3583,-0.1131,0.4279,0.0225,0.1725,-0.0500,0.3431
19.3560,sand,0.908,0.050,0.7389,-0.0234,-0.0375,-0.0182,1.8481,0.7047,0.3722,0.0341,-0.0676,0.4317,0.3594
19.3680,sand,0.908,0.050,0.7504,-0.0848,0.0569,-0.0060,0.1097,-0.1357,-0.0187,0.3163,-0.1168,0.3149,0.3583
19.3800,sand,0.908,0.050,0.7608,-0.0773,-0.0091,-0.0141,-0.1005,-0.0807,0.1127,0.1791,-0.0947,0.1534,0.3562
19.3920,sand,0.908,0.050,0.7701,-0.0997,0.0337,-0.0133,0.6308,0.4489,0.2659,0.0456,-0.0284,-0.0203,0.3619
19.4040,sand,0.908,0.050,0.7781,-0.1322,-0.0428,-0.0107,-0.4019,0.2546,0.3655,0.1017,-0.1673,0.3618,0.3688
19.4160,sand,0.908,0.050,0.7848,-0.0721,-0.0622,-0.0121,0.1682,0.0258,0.2180,0.1969,-0.1080,0.1868,0.3741
19.4280,sand,0.908,0.050,0.7904,-0.0707,-0.0923,-0.0084,0.0197,-0.3101,-0.2321,0.5443,-0.1089,0.2015,0.3767
19.4400,sand,0.908,0.050,0.7946,-0.1523,-0.0438,-0.0062,-0.2921,0.6673,0.2104,0.2415,-0.0976,0.1842,0.3788
19.4520,sand,0.908,0.050,0.7977,-0.1511,-0.0420,-0.0048,0.6109,0.3040,0.1958,0.0331,0.2935,-0.0898,0.3814
19.4640,sand,0.908,0.050,0.7995,-0.1026,0.0001,-0.0086,-0.3463,0.4138,-0.0284,0.3792,0.2254,-0.1048,0.3829
19.4760,sand,0.908,0.050,0.8000,-0.2462,-0.0051,-0.0086,-0.1511,-0.0135,0.2752,-0.1027,0.1950,-0.1211,0.3830
19.4880,sand,0.908,0.050,0.7993,-0.0419,0.0143,-0.0087,-0.5752,0.7200,0.2878,-0.0029,0.2629,-0.1682,0.3831
19.5000,sand,0.908,0.050,0.7973,-0.0898,-0.0474,-0.0072,1.2052,0.5664,-0.0539,0.0903,0.2216,-0.1789,0.3830
19.5120,sand,0.908,0.050,0.7940,-0.0330,0.0524,-0.0088,0.0263,0.3079,0.0662,0.0061,0.1047,0.1261,0.3821
19.5240,sand,0.908,0.050,0.7895,-0.0216,0.0198,-0.0084,1.6349,-0.5233,0.1364,-0.1191,0.1588,0.1638,0.3803
19.5360,sand,0.908,0.050,0.7838,-0.0600,0.1103,-0.0061,1.6210,0.1327,0.0548,-0.0983,0.1549,0.0913,0.3784
19.5480,sand,0.908,0.050,0.7768,0.0654,-0.0415,-0.0069,0.3317,-0.2029,0.0391,-0.1281,0.1852,-0.0972,0.3765
19.5600,sand,0.908,0.050,0.7686,0.0158,-0.0008,-0.0059,0.8262,0.3393,0.0826,-0.1566,0.1746,-0.2451,0.3738
19.5720,sand,0.908,0.050,0.7592,0.0071,0.0438,-0.0066,0.7650,0.0745,-0.0193,-0.0883,0.0409,0.1957,0.3698
19.5840,sand,0.908,0.050,0.7486,0.0570,-0.0779,-0.0088,1.7111,0.1330,-0.0858,-0.1543,0.1285,0.0340,0.3657
19.5960,sand,0.908,0.050,0.7368,-0.0541,-0.0281,-0.0071,0.4299,0.1367,-0.0967,-0.0974,0.1385,-0.1553,0.3612
19.6080,sand,0.908,0.050,0.7239,-0.0123,-0.0177,-0.0079,0.1337,-0.0767,-0.1093,-0.0573,0.0901,-0.2686,0.3554
19.6200,sand,0.908,0.050,0.7098,-0.0191,-0.0610,-0.0090,0.1267,0.0844,-0.1624,-0.0258,0.0503,-0.3170,0.3488
19.6320,sand,0.908,0.050,0.6946,0.0326,0.0524,-0.0078,0.5474,0.5122,-0.2036,-0.0599,0.1149,-0.2742,0.3421
19.6440,sand,0.908,0.050,0.6783,-0.0432,-0.0421,-0.0091,0.0726,-0.0441,-0.1323,-0.0679,0.0296,-0.3007,0.3353
19.6560,sand,0.908,0.050,0.6609,0.0773,-0.0968,-0.0057,0.1186,0.0478,-0.2114,-0.0170,-0.1173,0.0598,0.3275
19.6680,sand,0.908,0.050,0.6425,-0.0680,0.0165,-0.0029,-0.1500,0.4342,-0.3943,0.0978,-0.2659,0.2159,0.3185
19.6800,sand,0.908,0.050,0.6231,0.0151,0.0079,-0.0010,0.5365,0.4830,-0.4584,0.2182,-0.2923,0.0700,0.3102
19.6920,sand,0.908,0.050,0.6027,0.0350,-0.0066,-0.0020,0.5368,0.0115,-0.3620,0.0859,-0.2521,0.0029,0.3019
19.7040,sand,0.908,0.050,0.5814,0.0036,0.0210,0.0032,0.2915,0.4199,-0.4637,0.1893,-0.2650,-0.0272,0.2930
19.7160,sand,0.908,0.050,0.5591,0.0399,-0.0111,-0.0007,0.3802,0.2527,-0.5359,0.2310,-0.2660,-0.0185,0.2835
19.7280,sand,0.908,0.050,0.5360,0.0071,0.0030,0.0024,-0.2404,0.2925,-0.5283,0.1417,-0.2839,0.0327,0.2694
19.7400,sand,0.908,0.050,0.5120,0.0426,0.0251,0.0001,-0.3700,0.0034,-0.2989,0.0764,-0.2923,0.0458,0.2601
19.7520,sand,0.908,0.050,0.4872,0.0788,-0.0300,0.0022,-0.1720,-0.1610,-0.4340,0.1025,-0.3327,0.1667,0.2494
19.7640,sand,0.908,0.050,0.4616,0.0021,0.0091,0.0068,-0.0499,0.9264,-0.3477,0.1619,-0.2917,0.0936,0.2394
19.7760,sand,0.908,0.050,0.4353,0.0998,-0.0433,0.0135,0.5585,-0.1268,-0.3597,0.1337,-0.2643,0.1784,0.2256
19.7880,sand,0.908,0.050,0.4084,-0.0296,0.0646,0.0166,-0.0989,0.8544,-0.4854,0.1614,-0.2672,0.2302,0.2081
19.8000,sand,0.908,0.050,0.3808,0.0558,0.0024,0.0131,-0.3999,0.0473,-0.3156,0.0262,-0.2590,0.1997,0.1966
19.8120,sand,0.908,0.050,0.3525,0.0717,-0.0153,0.0110,0.0792,0.4562,-0.3288,0.0778,-0.2402,0.2208,0.1871
19.8240,sand,0.908,0.050,0.3238,-0.0002,-0.0323,0.0110,0.0066,0.2380,-0.2671,0.2095,-0.1273,-0.1536,0.1756
19.8360,sand,0.908,0.050,0.2945,0.0100,0.0115,0.0119,0.5442,-0.0349,-0.3200,0.1944,-0.1061,-0.0595,0.1601
19.8480,sand,0.908,0.050,0.2648,0.0251,0.0169,0.0150,-0.0776,0.2083,-0.3520,0.2117,-0.1851,0.2179,0.1430
19.8600,sand,0.908,0.050,0.2346,-0.0220,0.0458,0.0105,-1.0699,-0.2929,-0.4138,0.2529,-0.0560,-0.1106,0.1225
19.8720,sand,0.908,0.050,0.2041,0.0379,0.0759,0.0060,-0.0774,0.2057,-0.1955,0.0672,-0.1673,0.2121,0.1109
19.8840,sand,0.908,0.050,0.1732,0.0301,0.0314,0.0095,-0.8656,-0.5141,-0.2461,0.1853,-0.1530,0.2614,0.1020
19.8960,sand,0.908,0.050,0.1421,0.0524,0.0273,0.0071,0.1118,-0.1334,-0.2131,0.1901,0.1738,-0.1043,0.0898
19.9080,sand,0.908,0.050,0.1108,-0.0303,-0.0640,0.0206,-1.1923,-0.2737,-0.2705,0.2598,-0.1312,0.0238,0.0700
19.9200,sand,0.908,0.050,0.0792,0.0134,0.0691,0.0195,-0.2737,-0.1594,-0.4737,0.3262,-0.1995,0.2797,0.0492
19.9320,sand,0.908,0.050,0.0476,-0.0320,-0.0320,0.0156,-0.0989,-0.0493,-0.4174,0.2204,-0.1575,0.2405,0.0324
19.9440,sand,0.908,0.050,0.0159,-0.0006,0.0332,0.0169,-0.5737,-0.4653,-0.2589,0.1512,-0.1281,-0.1006,0.0195
19.9560,sand,0.908,0.050,-0.0159,-0.0140,0.0204,0.0149,-2.0031,-0.2203,-0.3093,0.2008,-0.1771,0.1914,0.0093
19.9680,sand,0.908,0.050,-0.0476,0.0306,0.0237,0.0135,-0.8014,-0.1650,-0.6060,0.4458,-0.0271,-0.1149,-0.0187
19.9800,sand,0.908,0.050,-0.0792,-0.0030,-0.0503,0.0058,0.1013,0.0911,-0.1724,0.1592,-0.2361,0.1837,-0.0269
19.9920,sand,0.908,0.050,-0.1108,0.0265,0.0685,0.0066,-0.2193,-0.4824,-0.0685,0.0407,-0.2192,0.1876,-0.0329
20.0040,sand,0.908,0.050,-0.1421,-0.0160,-0.0053,0.0148,-3.1765,0.0844,-0.2046,0.3262,-0.0194,-0.1748,-0.0491
20.0160,sand,0.908,0.050,-0.1732,0.0175,0.0188,0.0185,-1.0719,0.8512,-0.1651,0.3179,-0.2090,0.1737,-0.0645
20.0280,sand,0.908,0.050,-0.2041,-0.0564,0.0034,0.0204,0.2315,1.2441,-0.2540,0.4470,-0.1568,0.2177,-0.0821
20.0400,sand,0.908,0.050,-0.2346,0.0350,0.0576,0.0222,0.3663,0.5072,-0.3332,0.5450,-0.2656,0.2402,-0.1008
20.0520,sand,0.908,0.050,-0.2648,-0.0057,0.0916,0.0206,0.1841,0.2371,-0.2336,0.3378,-0.2523,0.2546,-0.1188
20.0640,sand,0.908,0.050,-0.2945,-0.0269,-0.0389,0.0194,-0.6673,-0.6931,-0.2495,0.3414,-0.1375,0.0945,-0.1327
20.0760,sand,0.908,0.050,-0.3238,0.0227,0.0387,0.0177,0.1927,-0.9043,-0.1781,0.2754,-0.2184,0.2733,-0.1454
20.0880,sand,0.908,0.050,-0.3525,-0.1288,0.0440,0.0169,-1.0734,0.5810,-0.1561,0.2656,0.0526,-0.1575,-0.1578
20.1000,sand,0.908,0.050,-0.3808,-0.0667,0.0858,0.0166,-1.8485,-0.0271,-0.1055,0.2227,-0.0621,-0.0633,-0.1724
20.1120,sand,0.908,0.050,-0.4084,-0.0915,-0.0319,0.0162,-0.0550,0.0803,-0.1137,0.0707,-0.1282,0.1577,-0.1861
20.1240,sand,0.908,0.050,-0.4353,0.0418,-0.0297,0.0183,0.0546,0.7234,-0.1137,0.0316,-0.2879,0.3481,-0.1976
20.1360,sand,0.908,0.050,-0.4616,0.0099,0.0207,0.0229,1.2314,-0.5574,-0.1518,0.0303,0.1562,-0.1130,-0.2134
20.1480,sand,0.908,0.050,-0.4872,-0.0427,0.0845,0.0178,-0.0328,-0.1420,-0.1723,0.0651,0.3144,-0.1120,-0.2274
20.1600,sand,0.908,0.050,-0.5120,0.0089,0.0199,0.0171,-0.9875,0.4747,-0.1047,0.0432,0.2460,-0.1322,-0.2359
20.1720,sand,0.908,0.050,-0.5360,-0.0020,-0.0723,0.0186,-0.4171,0.5854,-0.0333,0.0838,0.1147,-0.0734,-0.2457
20.1840,sand,0.908,0.050,-0.5591,-0.0450,-0.0052,0.0223,1.3490,-0.3509,-0.1441,0.1751,-0.1146,0.2077,-0.2587
20.1960,sand,0.908,0.050,-0.5814,-0.0290,0.0937,0.0200,-0.1984,0.4240,-0.0347,0.1000,-0.1808,0.3075,-0.2704
20.2080,sand,0.908,0.050,-0.6027,-0.0641,-0.0844,0.0189,0.3468,0.5593,-0.0667,0.1580,-0.2014,0.3446,-0.2799
20.2200,sand,0.908,0.050,-0.6231,0.0360,-0.0532,0.0173,0.7949,0.1578,-0.0154,0.0594,0.3084,-0.1601,-0.2912
20.2320,sand,0.908,0.050,-0.6425,-0.0236,0.0343,0.0217,-0.3403,-0.4455,-0.0148,0.1033,0.2537,-0.1545,-0.3048
20.2440,sand,0.908,0.050,-0.6609,0.0929,0.0198,0.0227,0.4193,0.4054,0.0385,0.0467,0.2897,-0.1455,-0.3135
20.2560,sand,0.908,0.050,-0.6783,-0.1267,-0.0009,0.0205,-0.3105,-0.7871,0.0664,0.0314,0.1736,-0.0555,-0.3198
20.2680,sand,0.908,0.050,-0.6946,-0.0632,0.0783,0.0252,0.8668,0.1414,0.0972,-0.0654,0.1415,0.0388,-0.3299
20.2800,sand,0.908,0.050,-0.7098,0.0182,0.0179,0.0216,-0.6302,0.1352,0.1430,-0.0209,0.1916,-0.1691,-0.3362
20.2920,sand,0.908,0.050,-0.7239,0.0529,0.0416,0.0285,0.8446,-0.2963,0.2462,-0.0701,-0.1624,0.3747,-0.3414
20.3040,sand,0.908,0.050,-0.7368,-0.0822,0.0841,0.0248,-0.7353,0.4362,0.1702,0.0499,0.1977,-0.0982,-0.3475
20.3160,sand,0.908,0.050,-0.7486,-0.0266,0.0046,0.0264,-0.1395,0.3603,0.1033,0.1013,0.3361,-0.2591,-0.3549
20.3280,sand,0.908,0.050,-0.7592,-0.0366,-0.0654,0.0207,-0.4749,0.1471,0.1200,0.0794,0.1844,-0.2326,-0.3588
20.3400,sand,0.908,0.050,-0.7686,-0.0651,0.0261,0.0175,-0.4633,-0.2766,0.1393,0.0871,0.1487,-0.0667,-0.3612
20.3520,sand,0.908,0.050,-0.7768,-0.0518,-0.0451,0.0222,1.4040,0.9639,0.1943,0.0637,0.0708,-0.1129,-0.3673
20.3640,sand,0.908,0.050,-0.7838,0.0362,-0.0145,0.0168,-0.6344,-0.2889,0.2221,0.0486,-0.0941,0.0568,-0.3714
20.3760,sand,0.908,0.050,-0.7895,-0.1136,0.0335,0.0212,-0.8084,1.4473,0.1746,0.0486,0.2232,-0.0450,-0.3787
20.3880,sand,0.908,0.050,-0.7940,-0.1123,-0.1039,0.0105,-0.8176,-0.6395,0.2624,-0.0561,0.2712,-0.1372,-0.3774
20.4000,sand,0.908,0.050,-0.7973,-0.1070,-0.0141,0.0203,0.1188,1.8099,0.3877,-0.2109,0.2624,-0.1239,-0.3796
20.4120,sand,0.908,0.050,-0.7993,-0.1073,-0.0269,0.0141,-0.2743,-0.1577,0.1270,-0.0776,0.2546,-0.0536,-0.3807
20.4240,sand,0.908,0.050,-0.8000,-0.0477,-0.0392,0.0134,-0.0083,-0.1898,0.1112,0.1010,0.2296,-0.0570,-0.3813
20.4360,sand,0.908,0.050,-0.7995,-0.0386,0.0337,0.0125,0.0110,-0.1279,0.0694,0.2070,0.1019,-0.0297,-0.3823
20.4480,sand,0.908,0.050,-0.7977,-0.0644,-0.0532,0.0116,0.0756,0.3162,0.3973,-0.3212,0.1537,-0.0021,-0.3824
20.4600,sand,0.908,0.050,-0.7946,0.0399,0.0441,0.0085,-0.3014,-0.2142,0.2197,-0.0720,0.0583,-0.0092,-0.3827
20.4720,sand,0.908,0.050,-0.7904,-0.0148,0.0306,0.0089,0.3532,0.2830,-0.0114,0.0653,-0.0769,-0.0253,-0.3822
20.4840,sand,0.908,0.050,-0.7848,-0.0960,-0.0617,0.0049,0.1933,0.0753,0.0371,0.1052,0.2581,-0.2440,-0.3791
20.4960,sand,0.908,0.050,-0.7781,0.0222,-0.0296,0.0061,-0.3998,0.4485,-0.0134,0.1562,0.1051,-0.3112,-0.3763
20.5080,sand,0.908,0.050,-0.7701,0.0003,0.0248,0.0063,-0.8319,0.4707,0.1936,-0.0230,-0.1149,-0.0439,-0.3739
20.5200,sand,0.908,0.050,-0.7608,-0.1090,0.0861,0.0025,-0.8606,-0.6019,0.1230,-0.1778,0.2123,-0.2224,-0.3704
20.5320,sand,0.908,0.050,-0.7504,-0.0445,0.0247,0.0040,0.9985,-0.6291,0.3358,-0.1709,0.0488,0.1487,-0.3652
20.5440,sand,0.908,0.050,-0.7389,-0.0466,0.0885,0.0021,1.3178,-0.3071,0.3348,-0.3539,-0.1341,0.0353,-0.3613
20.5560,sand,0.908,0.050,-0.7261,0.0859,-0.0604,0.0036,0.2379,0.2500,0.3371,-0.1921,0.3280,-0.2769,-0.3568
20.5680,sand,0.908,0.050,-0.7122,-0.0064,-0.0262,0.0043,1.1078,-0.0218,0.3385,-0.2780,-0.0119,0.0742,-0.3509
20.5800,sand,0.908,0.050,-0.6972,0.0421,0.0084,0.0014,0.2792,-0.6452,0.3211,-0.1542,-0.2702,0.1653,-0.3442
20.5920,sand,0.908,0.050,-0.6811,0.0247,-0.0400,-0.0012,1.2639,1.0480,0.2044,-0.1631,0.2806,-0.2589,-0.3364
20.6040,sand,0.908,0.050,-0.6639,-0.0329,-0.0137,0.0002,-0.0474,0.5211,0.4249,-0.2983,-0.0434,0.0286,-0.3302
20.6160,sand,0.908,0.050,-0.6457,0.0388,0.0415,-0.0020,-0.2010,-0.3316,0.1914,-0.1443,-0.1524,-0.0302,-0.3215
20.6280,sand,0.908,0.050,-0.6264,0.0054,0.0011,0.0051,0.3850,0.1991,0.0530,-0.1183,-0.2610,0.0094,-0.3136
20.6400,sand,0.908,0.050,-0.6062,-0.0730,0.0766,-0.0012,0.3959,-0.9101,0.2805,-0.2263,-0.3714,0.0407,-0.3049
20.6520,sand,0.908,0.050,-0.5850,-0.0659,-0.0073,-0.0026,0.2790,0.4814,0.2645,-0.2239,0.0512,-0.1172,-0.2936
20.6640,sand,0.908,0.050,-0.5629,0.0198,-0.0463,-0.0051,-0.0913,-0.1910,0.1933,-0.1405,-0.0705,-0.2210,-0.2844
20.6760,sand,0.908,0.050,-0.5399,-0.0078,0.0167,-0.0014,1.1492,-0.3462,0.3313,-0.2299,-0.3402,0.1718,-0.2713
20.6880,sand,0.908,0.050,-0.5160,0.0859,-0.0880,-0.0040,1.3900,-0.4251,0.1891,-0.2081,0.0892,-0.1067,-0.2621
20.7000,sand,0.908,0.050,-0.4914,0.0162,0.0077,-0.0068,0.8052,0.1928,0.2785,-0.2694,-0.0360,-0.1143,-0.2511
20.7120,sand,0.908,0.050,-0.4659,0.0538,0.0040,-0.0075,0.0968,0.6066,0.1773,-0.2511,-0.3911,0.2323,-0.2388
20.7240,sand,0.908,0.050,-0.4398,-0.0608,-0.0724,-0.0063,0.2625,-0.4542,0.2554,-0.3647,-0.2309,0.0663,-0.2267
20.7360,sand,0.908,0.050,-0.4129,0.0323,-0.0298,-0.0013,0.3643,0.4137,0.1121,-0.2456,-0.2854,0.0624,-0.2153
20.7480,sand,0.908,0.050,-0.3854,0.0309,-0.0624,-0.0043,0.1649,0.2357,0.2159,-0.2734,-0.3232,-0.0099,-0.2034
20.7600,sand,0.908,0.050,-0.3573,0.0386,-0.1224,-0.0085,-0.2302,-1.1771,0.2355,-0.3382,0.0730,-0.2242,-0.1839
20.7720,sand,0.908,0.050,-0.3286,0.0832,-0.0127,-0.0056,0.5542,-0.0589,0.1089,-0.1819,0.0916,-0.3444,-0.1712
20.7840,sand,0.908,0.050,-0.2994,-0.0192,0.1037,-0.0120,1.1924,-0.0223,0.0861,-0.2033,0.1348,-0.3514,-0.1602
20.7960,sand,0.908,0.050,-0.2697,0.0478,-0.0450,-0.0075,-0.0269,-0.2724,0.0126,-0.1952,0.1753,-0.3804,-0.1529
20.8080,sand,0.908,0.050,-0.2397,0.1130,0.0168,-0.0145,-0.2203,-0.1695,0.0890,-0.1809,-0.2185,-0.1718,-0.1397
20.8200,sand,0.908,0.050,-0.2092,0.0074,-0.0611,-0.0121,1.8063,-1.3114,0.1667,-0.2330,-0.1347,-0.1668,-0.1206
20.8320,sand,0.908,0.050,-0.1784,0.0237,-0.0201,-0.0196,0.0460,-0.5610,0.2109,-0.3045,0.1917,-0.2161,-0.0996
20.8440,sand,0.908,0.050,-0.1473,-0.0595,-0.0552,-0.0174,0.1493,-0.5539,0.0650,-0.1699,-0.1986,-0.0501,-0.0863
20.8560,sand,0.908,0.050,-0.1160,0.0456,-0.0490,-0.0177,-1.0084,0.0289,0.0155,-0.1652,0.1223,-0.0957,-0.0746
20.8680,sand,0.908,0.050,-0.0845,0.0262,0.0028,-0.0192,-1.2721,-0.4911,0.0072,-0.2229,-0.1661,0.0533,-0.0566
20.8800,sand,0.908,0.050,-0.0529,0.0779,-0.0354,-0.0204,-1.3864,0.2926,0.1079,-0.3377,0.2153,-0.2538,-0.0387
20.8920,sand,0.908,0.050,-0.0212,-0.0234,-0.0252,-0.0127,-0.0281,0.1538,0.0547,-0.2209,0.0557,-0.1113,-0.0247
20.9040,sand,0.908,0.050,0.0106,-0.0756,0.0120,-0.0194,0.5976,-0.8631,0.2262,-0.2675,-0.0014,0.0523,-0.0099
20.9160,sand,0.908,0.050,0.0423,0.1174,0.0800,-0.0241,-1.4974,0.2456,0.1395,-0.2567,-0.1482,0.1597,0.0048
20.9280,sand,0.908,0.050,0.0740,-0.0425,-0.0381,-0.0193,-0.5601,-0.8943,0.3223,-0.4065,-0.2480,0.2322,0.0276
20.9400,sand,0.908,0.050,0.1055,-0.0278,0.0325,-0.0158,-0.0092,0.5695,0.1596,-0.0831,0.1862,-0.2529,0.0405
20.9520,sand,0.908,0.050,0.1369,0.0532,-0.0019,-0.0166,0.0530,0.2870,0.1646,-0.0996,-0.0405,-0.0374,0.0518
20.9640,sand,0.908,0.050,0.1681,0.0864,-0.0798,-0.0232,0.0717,-0.5356,0.2460,-0.1400,-0.0217,0.0481,0.0669
20.9760,sand,0.908,0.050,0.1990,-0.0004,0.0156,-0.0192,-1.4300,0.2125,0.1898,-0.1267,0.1356,-0.0985,0.0827
20.9880,sand,0.908,0.050,0.2295,-0.0264,-0.1678,-0.0186,-1.7005,0.2820,0.4301,-0.2278,-0.1504,0.1081,0.1028
21.0000,sand,0.908,0.050,0.2598,-0.0076,-0.1296,-0.0206,-1.2423,0.9380,0.3043,-0.0874,0.1758,0.1406,0.1177
21.0120,sand,0.908,0.050,0.2896,-0.0316,0.0988,-0.0196,0.1822,0.0831,0.1854,-0.0370,0.0054,0.1685,0.1279
21.0240,sand,0.908,0.050,0.3189,-0.0254,-0.1610,-0.0149,0.6537,-0.1286,0.1897,-0.1213,0.1259,0.1105,0.1419
21.0360,sand,0.908,0.050,0.3478,-0.0657,-0.0109,-0.0207,-0.1108,-0.1523,0.1594,-0.0650,-0.0641,0.0464,0.1560
21.0480,sand,0.908,0.050,0.3761,-0.0100,-0.0522,-0.0133,0.0261,0.1033,0.1811,-0.1450,0.3907,-0.2145,0.1696
21.0600,sand,0.908,0.050,0.4038,0.0284,0.0587,-0.0137,1.1630,0.0526,0.2419,-0.2741,-0.0085,0.0042,0.1896
21.0720,sand,0.908,0.050,0.4309,-0.0776,-0.0435,-0.0064,0.2630,0.1513,0.1592,-0.1357,0.4363,-0.2783,0.2010
21.0840,sand,0.908,0.050,0.4573,-0.0751,-0.0566,-0.0089,0.2017,0.3975,0.1878,-0.1583,0.0428,0.2049,0.2096
21.0960,sand,0.908,0.050,0.4830,-0.0771,0.0385,-0.0080,0.3345,-0.9472,0.1350,-0.1269,-0.1042,-0.3118,0.2257
21.1080,sand,0.908,0.050,0.5079,-0.0805,-0.0321,-0.0087,-0.8936,-1.4473,0.0961,-0.0182,0.0682,0.1587,0.2405
21.1200,sand,0.908,0.050,0.5320,-0.0284,-0.0192,-0.0066,-0.3423,0.1723,0.1796,-0.0539,-0.0417,0.1076,0.2506
21.1320,sand,0.908,0.050,0.5553,-0.0625,0.0159,-0.0099,0.0717,0.2916,0.0625,0.0204,0.3774,-0.2091,0.2574
21.1440,sand,0.908,0.050,0.5777,-0.0192,0.0456,-0.0127,0.6588,-0.7750,0.1065,-0.0448,-0.0803,0.2445,0.2668
21.1560,sand,0.908,0.050,0.5992,-0.0034,-0.0153,-0.0098,0.1192,-0.0447,0.0430,-0.0394,0.0941,0.1327,0.2721
21.1680,sand,0.908,0.050,0.6198,-0.0202,0.0702,-0.0146,0.2258,0.1872,0.0708,-0.0140,0.3844,-0.0785,0.2857
21.1800,sand,0.908,0.050,0.6394,0.0078,-0.0160,-0.0111,1.2184,-0.6754,0.1730,-0.0093,0.1043,0.1348,0.3010
21.1920,sand,0.908,0.050,0.6579,-0.0254,-0.0384,-0.0079,-0.3650,-0.0448,0.0605,0.1620,0.2928,-0.1831,0.3113
21.2040,sand,0.908,0.050,0.6755,-0.0097,-0.0529,-0.0111,-0.2630,-0.1969,0.0743,0.1331,0.1996,0.0752,0.3173
21.2160,sand,0.908,0.050,0.6919,-0.0041,0.0673,-0.0140,-2.7754,1.3423,0.0903,0.2327,-0.2358,0.2537,0.3308
21.2280,sand,0.908,0.050,0.7073,-0.0174,-0.0359,-0.0037,-0.4888,0.4061,0.0806,0.2180,-0.2153,0.1101,0.3328
21.2400,sand,0.908,0.050,0.7216,-0.0687,-0.0568,-0.0113,1.3935,0.0063,0.0139,0.1736,0.3766,-0.2311,0.3363
21.2520,sand,0.908,0.050,0.7347,-0.0522,-0.0366,-0.0189,-1.1890,0.5548,-0.0188,0.1611,-0.1128,0.1353,0.3460
21.2640,sand,0.908,0.050,0.7467,-0.0417,-0.0370,-0.0129,-0.2671,-0.0316,-0.0243,0.1843,-0.0327,-0.1010,0.3539
21.2760,sand,0.908,0.050,0.7575,-0.0400,-0.0185,-0.0093,-0.2317,-0.2546,0.0101,0.1120,-0.1770,0.0879,0.3587
21.2880,sand,0.908,0.050,0.7671,-0.0485,-0.0432,-0.0138,1.5960,-0.6244,0.0540,0.1256,0.0993,0.1024,0.3624
21.3000,sand,0.908,0.050,0.7755,-0.0497,-0.0351,-0.0117,0.1555,0.6098,0.0695,0.1213,0.1049,-0.1181,0.3659
21.3120,sand,0.908,0.050,0.7827,0.0001,0.0118,-0.0132,0.3627,-0.8735,0.0354,0.0599,0.0423,0.1302,0.3706
21.3240,sand,0.908,0.050,0.7886,-0.0487,-0.0118,-0.0107,-0.6616,0.4792,0.0636,0.0980,-0.0918,0.0692,0.3727
21.3360,sand,0.908,0.050,0.7934,0.0195,-0.0114,-0.0098,0.8441,0.3228,0.0702,0.1342,-0.1416,0.0474,0.3765
21.3480,sand,0.908,0.050,0.7968,0.0589,0.0469,-0.0079,0.4344,-0.0741,-0.4937,0.6888,-0.3072,0.0577,0.3784
21.3600,sand,0.908,0.050,0.7990,-0.0124,-0.1357,-0.0137,-0.5628,0.4357,-0.1325,0.3184,0.1264,-0.2347,0.3815
21.3720,sand,0.908,0.050,0.8000,-0.1309,-0.0235,-0.0129,-0.8045,0.3881,-0.1340,0.0566,-0.0816,-0.0862,0.3813
21.3840,sand,0.908,0.050,0.7996,0.0322,0.0479,-0.0044,-0.2049,0.1168,-0.1901,0.2665,-0.2710,-0.0032,0.3820
21.3960,sand,0.908,0.050,0.7981,-0.0167,-0.0816,-0.0064,0.3154,-0.4572,-0.2209,0.4246,0.0677,0.0481,0.3837
21.4080,sand,0.908,0.050,0.7952,-0.0129,0.0222,-0.0078,-0.2207,0.0373,-0.2248,0.1987,0.0945,-0.4375,0.3816
21.4200,sand,0.908,0.050,0.7912,-0.0174,-0.0619,-0.0069,0.4734,0.9386,-0.1389,0.2074,0.0800,-0.4012,0.3798
21.4320,sand,0.908,0.050,0.7858,0.1308,-0.0067,-0.0110,0.4988,0.5091,-0.1615,0.3282,-0.0895,-0.2049,0.3782
21.4440,sand,0.908,0.050,0.7793,0.0234,-0.0432,-0.0038,-0.7532,0.5122,-0.2352,0.3484,-0.2649,-0.1533,0.3760
21.4560,sand,0.908,0.050,0.7715,-0.0269,0.0516,-0.0002,-0.7417,0.8001,-0.2491,0.1423,-0.1470,-0.1233,0.3727
21.4680,sand,0.908,0.050,0.7625,-0.0219,-0.0237,-0.0023,-0.3914,-0.1750,-0.0814,-0.0930,-0.2300,-0.1415,0.3696
21.4800,sand,0.908,0.050,0.7523,-0.0294,-0.0080,-0.0038,-0.3977,-0.2285,-0.4520,0.3429,-0.2321,-0.1308,0.3669
21.4920,sand,0.908,0.050,0.7409,0.0536,-0.0703,-0.0034,-0.1338,-0.2935,-0.3132,0.2000,-0.2241,-0.0840,0.3620
21.5040,sand,0.908,0.050,0.7283,0.0379,0.1111,0.0010,0.2273,-0.0078,-0.3578,0.1601,-0.1835,-0.1933,0.3567
21.5160,sand,0.908,0.050,0.7146,-0.0187,0.0443,0.0011,-0.3427,-0.3415,-0.4514,0.2084,-0.2592,0.1530,0.3508
21.5280,sand,0.908,0.050,0.6998,0.0681,-0.0193,0.0023,0.0821,0.5369,-0.4503,0.1920,-0.1217,-0.1908,0.3444
21.5400,sand,0.908,0.050,0.6838,-0.0283,0.0378,0.0014,1.1175,-0.8019,-0.5058,0.2434,-0.1071,-0.0055,0.3372
21.5520,sand,0.908,0.050,0.6668,-0.0000,-0.0042,0.0008,1.0924,-0.0664,-0.4957,0.2316,-0.1690,0.0101,0.3305
21.5640,sand,0.908,0.050,0.6488,0.0557,-0.0622,0.0022,0.2858,0.2730,-0.3793,0.2244,0.1840,-0.4065,0.3214
21.5760,sand,0.908,0.050,0.6297,0.0090,0.0955,0.0052,0.0727,-0.3959,-0.5315,0.2624,-0.0720,-0.0433,0.3138
21.5880,sand,0.908,0.050,0.6096,0.0199,0.1142,0.0060,-0.0387,0.5908,-0.3792,0.1468,0.0175,-0.0778,0.3057
21.6000,sand,0.908,0.050,0.5886,-0.0735,0.0625,0.0059,0.5797,0.6391,-0.4105,0.1680,-0.3266,0.1006,0.2963
21.6120,sand,0.908,0.050,0.5666,0.0487,0.0164,0.0064,0.5093,0.5244,-0.4214,0.1423,-0.0702,0.1469,0.2813
21.6240,sand,0.908,0.050,0.5438,0.0607,0.0406,0.0023,0.6913,0.2009,-0.2354,0.1295,-0.0749,-0.1590,0.2740
21.6360,sand,0.908,0.050,0.5201,-0.0194,-0.0191,0.0025,-0.7054,-0.8910,-0.2116,0.0888,-0.1684,-0.0168,0.2598
21.6480,sand,0.908,0.050,0.4955,0.0080,-0.0174,0.0028,1.0058,0.3997,-0.2797,0.0548,0.2290,-0.1582,0.2517
21.6600,sand,0.908,0.050,0.4702,0.1146,-0.0087,0.0049,-0.5706,1.3080,-0.3402,0.1077,0.0433,0.0204,0.2418
21.6720,sand,0.908,0.050,0.4442,0.0386,-0.0118,0.0066,-1.2859,0.1182,-0.4036,0.2121,-0.1002,-0.0954,0.2321
21.6840,sand,0.908,0.050,0.4174,-0.0056,-0.0507,0.0112,-1.6411,0.3982,-0.5486,0.2776,0.3357,-0.2443,0.2166
21.6960,sand,0.908,0.050,0.3900,-0.0484,0.0276,0.0109,-1.5244,1.0294,-0.4209,0.2325,0.0577,0.0159,0.2020
21.7080,sand,0.908,0.050,0.3620,0.0770,-0.0172,0.0110,-1.8749,0.3057,-0.3792,0.2613,-0.1291,-0.0202,0.1888
21.7200,sand,0.908,0.050,0.3334,0.0035,0.0223,0.0113,-1.0936,-1.1796,-0.2423,0.1956,0.2792,-0.1546,0.1775
21.7320,sand,0.908,0.050,0.3043,-0.0429,-0.0970,0.0166,-1.0347,-0.8398,-0.3705,0.2833,0.1588,-0.0659,0.1606
21.7440,sand,0.908,0.050,0.2747,-0.0434,0.0507,0.0117,-0.1858,0.4444,-0.2432,0.2037,-0.2063,0.2615,0.1473
21.7560,sand,0.908,0.050,0.2447,-0.0806,0.0674,0.0132,0.3619,-0.7439,-0.2559,0.3405,0.1004,0.1389,0.1317
21.7680,sand,0.908,0.050,0.2143,-0.0322,0.0242,0.0142,-0.5574,0.5682,-0.1977,0.2660,0.0425,0.3225,0.1176
21.7800,sand,0.908,0.050,0.1835,-0.0618,-0.0074,0.0123,0.1337,-0.1389,-0.1774,0.3217,0.3758,-0.2108,0.1058
21.7920,sand,0.908,0.050,0.1525,0.1059,0.0553,0.0195,-0.1384,-0.1050,-0.2942,0.4365,0.4074,0.0002,0.0860
21.8040,sand,0.908,0.050,0.1212,-0.0618,-0.0206,0.0161,-0.1844,-1.0353,-0.0591,0.1716,-0.1837,0.3182,0.0721
21.8160,sand,0.908,0.050,0.0898,-0.0794,0.0069,0.0126,0.2871,0.2471,-0.0775,0.2708,0.0151,0.0847,0.0612
21.8280,sand,0.908,0.050,0.0582,0.0430,0.0361,0.0144,-0.0917,-0.1852,-0.1216,0.3370,0.0013,0.3161,0.0462
21.8400,sand,0.908,0.050,0.0265,-0.0843,0.0218,0.0143,-0.3597,-0.4952,-0.1210,0.3222,0.0806,0.2314,0.0318
21.8520,sand,0.908,0.050,-0.0053,0.0051,0.0001,0.0163,-1.0129,-0.2313,-0.3818,0.5606,-0.0132,0.3169,0.0048
21.8640,sand,0.908,0.050,-0.0370,-0.0660,0.0390,0.0055,0.2882,0.3189,-0.2206,0.3691,0.2549,-0.0786,-0.0090
21.8760,sand,0.908,0.050,-0.0687,-0.0116,0.0917,0.0047,-0.5701,1.3815,-0.2019,0.3244,0.0490,0.0343,-0.0246
21.8880,sand,0.908,0.050,-0.1003,-0.0626,-0.0950,0.0049,0.0376,-0.2709,-0.0071,0.1900,0.2746,-0.0015,-0.0350
21.9000,sand,0.908,0.050,-0.1317,-0.0754,0.0305,0.0144,-0.4075,0.6260,-0.3008,0.3656,-0.1026,0.3248,-0.0580
21.9120,sand,0.908,0.050,-0.1629,-0.0425,0.0218,0.0065,0.2641,-0.4191,-0.0767,0.2687,-0.2716,0.3719,-0.0679
21.9240,sand,0.908,0.050,-0.1938,-0.0307,0.0641,0.0151,0.0374,-0.4008,-0.0399,0.2898,0.2194,-0.2226,-0.0849
21.9360,sand,0.908,0.050,-0.2245,0.0919,-0.0131,0.0133,-0.0908,1.1681,-0.0656,0.3159,0.1684,-0.2346,-0.0978
21.9480,sand,0.908,0.050,-0.2547,-0.0784,-0.0544,0.0068,-0.3137,-0.3498,-0.0870,0.2862,0.2856,-0.2527,-0.1084
21.9600,sand,0.908,0.050,-0.2846,0.0595,0.0434,0.0143,0.5974,0.7265,-0.0507,0.3009,-0.0066,-0.1196,-0.1210
21.9720,sand,0.908,0.050,-0.3141,-0.0635,0.0456,0.0210,1.7294,0.7939,-0.4447,0.7385,-0.1409,-0.0717,-0.1507
21.9840,sand,0.908,0.050,-0.3430,-0.1423,-0.0060,0.0120,-0.0263,0.5750,-0.0189,0.3191,0.1772,-0.0925,-0.1607
21.9960,sand,0.908,0.050,-0.3714,-0.0001,0.0419,0.0134,-0.4131,-1.5085,-0.0796,0.1998,0.3034,-0.3295,-0.1687
22.0080,sand,0.908,0.354,0.0083,-0.0120,-0.0426,0.0160,0.1785,0.1070,-0.1197,0.1601,0.0672,-0.2226,-0.1803
22.0200,sand,0.908,0.359,0.0209,-0.0272,-0.0961,-0.0205,3.1717,-0.5142,0.0244,0.0485,0.0871,0.0064,-0.1680
22.0320,sand,0.908,0.364,0.0337,-0.0001,-0.0152,-0.0445,0.2995,-0.1848,1.3073,-0.9823,-0.1018,-0.0480,-0.0934
22.0440,sand,0.908,0.370,0.0466,-0.0802,0.0186,-0.0470,-0.2285,3.9011,1.5656,-1.4833,-0.0944,0.0733,-0.0050
22.0560,sand,0.908,0.375,0.0596,-0.0234,-0.1283,-0.0304,0.4965,-1.8318,1.3961,-1.0298,-0.2507,-0.0395,0.0477
22.0680,sand,0.908,0.380,0.0727,0.0422,-0.0874,0.0142,0.5918,0.5230,0.3391,-0.1614,0.1696,-0.1048,0.0661
22.0800,sand,0.908,0.386,0.0859,-0.0141,-0.0439,0.0161,0.8449,-0.1242,-0.0871,0.0607,0.1743,-0.2365,0.0634
22.0920,sand,0.908,0.391,0.0992,0.0370,-0.0284,0.0085,0.5137,0.4475,-0.1547,0.1324,0.0529,-0.0263,0.0576
22.1040,sand,0.908,0.396,0.1126,0.0549,0.0140,0.0017,1.9597,0.0516,-0.1364,0.0168,0.1900,-0.2419,0.0520
22.1160,sand,0.908,0.402,0.1261,0.0397,-0.0382,-0.0049,-0.0004,0.2783,-0.1549,-0.0180,-0.0105,0.0219,0.0530
22.1280,sand,0.908,0.407,0.1396,0.0914,-0.0408,-0.0029,0.3609,0.2152,-0.0397,0.0108,-0.3239,0.0843,0.0601
22.1400,sand,0.908,0.412,0.1532,0.0065,0.0225,-0.0045,-0.0460,-0.4374,0.1007,-0.1110,-0.2902,-0.0511,0.0681
22.1520,sand,0.908,0.417,0.1669,0.0728,0.0184,-0.0022,0.3442,-0.0211,0.0859,-0.1854,0.1212,-0.2794,0.0758
22.1640,sand,0.908,0.423,0.1806,0.0808,-0.0088,-0.0064,-0.0239,-0.1112,0.1146,-0.2654,0.1332,-0.1703,0.0818
22.1760,sand,0.908,0.428,0.1942,-0.0144,0.0092,0.0016,0.3939,0.7186,-0.1827,0.1764,0.3080,-0.3922,0.0872
22.1880,sand,0.908,0.433,0.2079,0.0047,-0.0011,-0.0025,-0.1722,-0.5805,0.0990,-0.1923,-0.1693,0.1408,0.0942
22.2000,sand,0.908,0.438,0.2216,0.1038,0.0118,-0.0074,1.3834,-0.1373,0.0546,-0.2070,0.0806,0.0288,0.1017
22.2120,sand,0.908,0.443,0.2352,-0.0057,-0.0079,-0.0067,-0.2013,-0.1264,0.0960,-0.1902,-0.1039,0.1019,0.1096
22.2240,sand,0.908,0.448,0.2489,0.0950,0.0250,-0.0075,0.5871,-1.0345,0.0777,-0.0972,0.3173,-0.3092,0.1193
22.2360,sand,0.908,0.453,0.2624,0.0879,0.0291,-0.0037,-0.1313,0.2968,-0.2970,0.2594,0.0580,-0.1769,0.1230
22.2480,sand,0.908,0.458,0.2759,0.0198,0.0154,-0.0050,-0.6325,-0.7049,0.0594,0.1074,0.1840,-0.2391,0.1267
22.2600,sand,0.908,0.462,0.2893,-0.0377,-0.0622,-0.0100,-0.5674,0.3426,0.2442,-0.1281,0.0911,-0.1761,0.1368
22.2720,sand,0.908,0.467,0.3025,-0.0278,0.0208,-0.0085,-0.4219,-0.1958,0.1195,-0.0367,0.0850,-0.2034,0.1422
22.2840,sand,0.908,0.472,0.3157,0.0769,-0.0326,-0.0087,-0.0510,-0.0810,0.0332,0.1208,0.3329,-0.2469,0.1477
22.2960,sand,0.908,0.477,0.3287,-0.0610,-0.0254,-0.0101,-0.9445,-0.9219,0.2408,-0.1157,-0.0699,0.1672,0.1552
22.3080,sand,0.908,0.481,0.3415,0.0125,-0.0600,-0.0041,1.8750,0.6207,0.0772,-0.0702,0.1793,0.1087,0.1605
22.3200,sand,0.908,0.486,0.3542,0.0021,0.0141,-0.0082,0.3268,-0.2519,0.0624,-0.0759,-0.1863,0.1946,0.1680
22.3320,sand,0.908,0.490,0.3667,-0.0372,-0.0102,-0.0084,0.3006,0.4417,0.0789,-0.1576,0.0097,0.0936,0.1721
22.3440,sand,0.908,0.495,0.3789,-0.0416,0.0157,-0.0058,0.0094,1.1339,-0.1445,0.1313,-0.1704,0.2772,0.1765
22.3560,sand,0.908,0.499,0.3909,-0.0262,-0.0146,-0.0030,1.2123,0.3456,0.0285,-0.1101,-0.2190,0.1938,0.1827
22.3680,sand,0.908,0.503,0.4026,-0.0189,-0.0248,0.0023,0.4328,-0.0081,-0.0485,-0.1527,-0.1131,0.0881,0.1902
22.3800,sand,0.908,0.508,0.4141,-0.0325,0.0356,-0.0027,-0.2724,-0.7030,0.0832,-0.2609,-0.2540,0.1187,0.2008
22.3920,sand,0.908,0.512,0.4252,-0.0068,-0.0466,0.0021,0.4187,0.6860,-0.1035,-0.1299,-0.1062,0.0352,0.2039
22.4040,sand,0.908,0.516,0.4360,0.0671,-0.0268,0.0038,-0.1807,0.3437,-0.0654,-0.2648,-0.2847,0.2006,0.2066
22.4160,sand,0.908,0.520,0.4465,0.0245,0.0177,-0.0014,1.5949,0.6356,-0.1593,0.0076,-0.1914,0.1159,0.2112
22.4280,sand,0.908,0.524,0.4566,0.0342,0.0845,-0.0043,0.1768,-0.1913,0.0046,-0.1962,-0.0734,0.0416,0.2177
22.4400,sand,0.908,0.528,0.4663,0.0414,-0.0719,-0.0020,0.1204,0.2517,-0.0584,-0.0964,-0.1530,0.0213,0.2219
22.4520,sand,0.908,0.531,0.4756,0.1231,-0.0137,-0.0042,-0.0837,-0.7378,-0.2203,0.1003,-0.2239,-0.0136,0.2260
22.4640,sand,0.908,0.535,0.4844,0.0585,-0.0603,-0.0049,-0.1740,0.1847,-0.0794,-0.1639,-0.1896,0.0891,0.2324
22.4760,sand,0.908,0.539,0.4928,-0.0293,0.0383,-0.0072,0.7839,-0.1231,-0.2668,0.0561,-0.1709,-0.0129,0.2368
22.4880,sand,0.908,0.542,0.5007,0.0051,-0.0753,-0.0017,-0.7025,-0.0899,-0.2018,-0.0888,-0.1863,-0.1347,0.2393
22.5000,sand,0.908,0.545,0.5081,0.1185,0.1528,-0.0036,2.0874,0.2793,-0.1346,-0.1709,-0.0129,-0.1015,0.2412
22.5120,sand,0.908,0.549,0.5150,0.1756,0.0149,-0.0039,-1.5978,-0.4464,-0.0831,-0.2547,0.0305,-0.1999,0.2475
22.5240,sand,0.908,0.552,0.5213,0.0430,0.0433,-0.0038,0.1834,-0.0401,-0.1781,-0.1814,-0.0515,-0.3046,0.2501
22.5360,sand,0.908,0.555,0.5271,0.0762,0.0022,-0.0017,1.0164,0.2206,-0.2088,-0.1793,-0.0985,-0.3862,0.2522
22.5480,sand,0.908,0.558,0.5322,0.0855,0.0413,-0.0063,0.9837,0.5625,-0.1570,-0.3000,-0.1020,-0.4189,0.2573
22.5600,sand,0.908,0.561,0.5368,0.0053,-0.0004,0.0006,0.6027,0.0143,-0.3092,-0.2939,-0.2276,-0.4735,0.2592
22.5720,sand,0.908,0.564,0.5407,0.1533,0.0673,-0.0055,0.2033,0.3559,-0.3620,-0.1742,-0.5230,-0.1942,0.2613
22.5840,sand,0.908,0.567,0.5439,0.1897,0.0898,0.0026,0.4207,0.1075,-0.4000,-0.4556,-0.2272,-0.2514,0.2627
22.5960,sand,0.908,0.569,0.5465,0.0214,0.0555,-0.0009,0.8905,-1.3910,-0.5527,-0.3161,-0.2939,-0.1664,0.2638
22.6080,sand,0.908,0.572,0.5484,0.0527,0.0464,-0.0000,0.6769,-0.3162,-0.6134,-0.4627,-0.2361,-0.6087,0.2664
22.6200,sand,0.908,0.574,0.5496,0.2001,-0.0300,-0.0011,1.3846,0.3697,-0.7448,-0.5848,-0.1844,-0.6296,0.2680
22.6320,sand,0.908,0.577,0.5500,0.1499,0.0958,0.0027,2.8308,0.3151,-0.8817,-0.3983,-0.6836,-0.4239,0.2680
22.6440,sand,0.908,0.579,0.5497,0.1444,0.1180,0.0074,2.3946,-0.0088,-1.0504,-0.5328,-0.4115,-0.8228,0.2684
22.6560,sand,0.908,0.581,0.5486,0.2395,0.0996,0.0155,1.9525,-0.1158,-0.8899,-0.7525,-0.4297,-0.8545,0.2678
22.6680,sand,0.908,0.583,0.5467,0.2261,0.0670,0.0208,0.9193,0.6918,-0.8516,-0.5978,-0.9351,-0.5406,0.2677
22.6800,sand,0.908,0.585,0.5441,0.2538,0.0972,0.0209,3.0712,0.1886,-1.0200,-0.7549,-0.7927,-0.7607,0.2674
22.6920,sand,0.908,0.587,0.5406,0.2659,0.0749,0.0236,1.5986,1.2719,-1.0731,-0.7604,-0.6187,-0.8565,0.2661
22.7040,sand,0.908,0.588,0.5363,0.3105,0.0341,0.0285,1.7858,1.6357,-1.1466,-0.8632,-0.6410,-1.0017,0.2641
22.7160,sand,0.908,0.590,0.5312,0.2989,0.0930,0.0307,1.3225,1.1391,-1.3522,-0.9731,-0.6819,-1.1104,0.2628
22.7280,sand,0.908,0.591,0.5253,0.3978,0.1048,0.0402,2.2976,-0.1190,-1.9899,-1.0700,-0.7903,-1.2037,0.2601
22.7400,sand,0.908,0.593,0.5185,0.3260,0.0673,0.0370,3.0436,1.3744,-2.0764,-1.2331,-0.9196,-1.3476,0.2567
22.7520,sand,0.908,0.594,0.5108,0.4497,0.1078,0.0428,3.2052,0.6447,-1.9255,-1.2596,-1.1720,-1.3699,0.2539
22.7640,sand,0.908,0.595,0.5023,0.5639,0.0562,0.0465,2.6802,0.3546,-1.7737,-1.3985,-1.5310,-1.6381,0.2507
22.7760,sand,0.908,0.596,0.4930,0.5330,0.1436,0.0543,3.1507,0.8010,-2.0193,-1.5948,-1.0392,-2.0267,0.2466
22.7880,sand,0.908,0.597,0.4827,0.5871,0.0682,0.0628,2.8575,0.2197,-2.0032,-1.8888,-1.1219,-2.1714,0.2414
22.8000,sand,0.908,0.598,0.4716,0.5367,0.1552,0.0651,3.5397,0.3921,-1.8834,-2.3471,-1.6199,-2.5505,0.2368
22.8120,sand,0.908,0.598,0.4597,0.5096,0.0762,0.0694,1.8266,0.8772,-1.8205,-2.5704,-1.3515,-3.0029,0.2321
22.8240,sand,0.908,0.599,0.4469,0.5834,0.2224,0.0689,2.2235,0.6798,-1.8261,-2.9642,-1.2603,-3.1276,0.2256
22.8360,sand,0.908,0.599,0.4332,0.6909,0.1632,0.0695,1.1204,0.3176,-2.0002,-3.2237,-1.4502,-3.2851,0.2190
22.8480,sand,0.908,0.600,0.4187,0.7235,0.2070,0.0756,3.2998,0.6732,-1.9702,-3.3271,-1.7405,-3.5401,0.2133
22.8600,sand,0.908,0.600,0.4034,0.7828,0.1352,0.0736,2.9381,0.5111,-2.1677,-3.5721,-1.6352,-3.9469,0.2060
22.8720,sand,0.908,0.600,0.3873,0.8049,0.1335,0.0747,2.7164,-0.3511,-2.1348,-4.0269,-1.7991,-3.9995,0.1978
22.8840,sand,0.908,0.600,0.3704,0.8520,0.2124,0.0772,2.9385,0.3929,-2.1440,-4.2382,-2.2737,-4.1645,0.1903
22.8960,sand,0.908,0.600,0.3526,0.9162,0.1974,0.0804,3.7803,-0.5189,-2.2956,-4.4944,-1.8735,-4.6646,0.1826
22.9080,sand,0.908,0.600,0.3342,0.9533,0.0692,0.0812,3.7507,0.2081,-2.3116,-4.8673,-1.8592,-4.9507,0.1750
22.9200,sand,0.908,0.599,0.3150,0.7931,0.1171,0.0855,3.1834,0.4239,-2.5120,-5.1699,-2.0246,-4.9488,0.1662
22.9320,sand,0.908,0.599,0.2950,0.9192,0.1263,0.0927,2.7820,0.1262,-2.5732,-5.2080,-2.1659,-5.2570,0.1559
22.9440,sand,0.908,0.598,0.2744,0.9203,0.1336,0.0888,2.8223,0.8994,-2.9232,-5.3252,-2.2240,-5.4301,0.1458
22.9560,sand,0.908,0.597,0.2531,1.0085,0.1749,0.0859,2.3474,1.0231,-3.0473,-5.7281,-2.0857,-5.6157,0.1343
22.9680,sand,0.908,0.597,0.2312,1.0589,0.1743,0.0862,2.6957,0.2420,-3.3843,-5.8840,-2.2439,-5.7973,0.1241
22.9800,sand,0.908,0.596,0.2087,1.0559,0.0958,0.0857,2.4308,0.1690,-3.6793,-6.2043,-2.3788,-5.9008,0.1124
22.9920,sand,0.908,0.595,0.1856,1.1320,0.1472,0.0844,1.9161,0.7466,-3.8988,-6.5931,-2.3266,-5.8379,0.1020
23.0040,sand,0.908,0.593,0.1620,1.0861,0.2244,0.0867,2.9213,-0.2412,-3.9494,-6.8269,-2.3761,-5.8804,0.0920
23.0160,sand,0.908,0.592,0.1380,1.2002,0.0664,0.0936,2.6038,0.4574,-3.9824,-7.1499,-2.3162,-5.9640,0.0792
23.0280,sand,0.908,0.591,0.1135,1.1966,0.2213,0.0900,2.4776,0.5220,-4.1360,-7.3218,-2.5568,-5.8037,0.0662
23.0400,sand,0.908,0.589,0.0886,1.1213,0.1616,0.0880,2.6040,0.2066,-4.1074,-7.8996,-2.7194,-5.7517,0.0540
23.0520,sand,0.908,0.587,0.0634,1.1874,0.1078,0.0888,2.1955,0.2424,-4.3270,-7.9581,-2.7011,-5.7567,0.0424
23.0640,sand,0.908,0.586,0.0379,1.2985,0.1797,0.0870,2.6277,-0.2877,-4.7585,-8.1506,-2.8242,-5.6413,0.0305
23.0760,sand,0.908,0.584,0.0122,1.3659,0.2501,0.0866,1.7598,0.2492,-5.0263,-8.3396,-2.9473,-5.4582,0.0180
23.0880,sand,0.908,0.582,-0.0137,1.3955,0.2355,0.0865,2.4240,-0.0105,-5.0996,-8.6237,-2.8484,-5.3781,0.0039
23.1000,sand,0.908,0.580,-0.0397,1.4472,0.1052,0.0826,3.0793,-0.1546,-5.1667,-9.0149,-2.9253,-5.3288,-0.0114
23.1120,sand,0.908,0.578,-0.0658,1.4023,0.1327,0.0831,2.0026,0.3272,-5.2820,-9.3249,-3.0513,-5.5460,-0.0230
23.1240,sand,0.908,0.575,-0.0919,1.4497,0.1820,0.0782,2.7248,-0.0942,-5.2633,-9.7188,-3.0195,-5.5657,-0.0333
23.1360,sand,0.908,0.573,-0.1179,1.4138,0.2079,0.0760,2.3292,-0.1229,-5.1545,-9.9968,-3.2162,-5.4913,-0.0461
23.1480,sand,0.908,0.571,-0.1437,1.5334,0.1142,0.0711,2.5219,-0.6432,-4.9750,-10.4972,-3.0897,-5.6619,-0.0593
23.1600,sand,0.908,0.568,-0.1694,1.5888,0.1024,0.0763,2.6379,-0.5413,-5.0253,-10.8693,-3.1742,-5.6801,-0.0737
23.1720,sand,0.908,0.565,-0.1949,1.6002,0.0546,0.0722,2.3811,-0.2653,-4.9982,-11.2022,-3.3106,-5.7168,-0.0875
23.1840,sand,0.908,0.563,-0.2199,1.5385,0.1318,0.0745,2.4706,-0.4552,-5.0522,-11.5539,-3.4811,-5.7099,-0.1002
23.1960,sand,0.908,0.560,-0.2446,1.7279,0.0565,0.0681,2.7441,0.0440,-5.2456,-11.6166,-3.4230,-5.7144,-0.1117
23.2080,sand,0.908,0.557,-0.2689,1.6698,0.1232,0.0538,1.7135,0.4150,-5.3044,-11.9614,-3.6955,-5.7498,-0.1237
23.2200,sand,0.908,0.554,-0.2925,1.6522,0.0424,0.0531,3.1091,-0.5845,-5.4025,-12.2641,-3.7463,-5.8762,-0.1358
23.2320,sand,0.908,0.550,-0.3156,1.7195,0.1266,0.0537,1.5548,-0.4484,-5.5584,-12.5146,-3.6540,-5.9906,-0.1506
23.2440,sand,0.908,0.547,-0.3380,1.7783,0.0859,0.0484,2.6448,-0.9696,-5.6037,-12.6085,-3.6793,-5.8877,-0.1576
23.2560,sand,0.908,0.544,-0.3596,1.7283,0.0862,0.0455,1.8085,-0.3580,-5.6274,-12.7104,-3.8402,-5.8600,-0.1666
23.2680,sand,0.908,0.540,-0.3804,1.7324,0.0500,0.0447,2.0353,0.1422,-5.8420,-12.8521,-3.9640,-5.8502,-0.1801
23.2800,sand,0.908,0.537,-0.4004,1.8220,0.0947,0.0357,2.3921,-0.4152,-5.9772,-13.1023,-4.0434,-5.7760,-0.1919
23.2920,sand,0.908,0.533,-0.4193,1.7045,0.1364,0.0343,1.8440,-0.8651,-5.8850,-13.3829,-3.9893,-5.8332,-0.1996
23.3040,sand,0.908,0.529,-0.4372,1.7952,0.0814,0.0360,4.1816,-0.2582,-5.8694,-13.5217,-4.1039,-5.6527,-0.2092
23.3160,sand,0.908,0.526,-0.4541,1.8394,0.0922,0.0389,3.3589,-1.8776,-5.9441,-13.7626,-4.0982,-5.5641,-0.2213
23.3280,sand,0.908,0.522,-0.4697,1.9521,0.0649,0.0263,2.6480,-0.7594,-5.9620,-13.8638,-4.1584,-5.4122,-0.2276
23.3400,sand,0.908,0.518,-0.4842,1.9730,0.1014,0.0216,2.8127,-0.4651,-6.0085,-13.7324,-4.2065,-5.3790,-0.2320
23.3520,sand,0.908,0.514,-0.4973,1.9760,0.0985,0.0204,1.8692,-0.3061,-6.1996,-13.7448,-4.3492,-5.5223,-0.2398
23.3640,sand,0.908,0.510,-0.5092,2.0093,0.0484,0.0195,2.5887,-1.2137,-6.2512,-14.0950,-4.4000,-5.3461,-0.2465
23.3760,sand,0.908,0.506,-0.5196,2.0023,0.1278,0.0136,2.5643,-0.3709,-6.2014,-14.4213,-4.4933,-5.1681,-0.2523
23.3880,sand,0.908,0.501,-0.5285,2.0311,0.0571,-0.0015,3.2119,-0.4804,-6.1734,-14.5141,-4.5721,-5.1468,-0.2578
23.4000,sand,0.908,0.497,-0.5360,2.1960,0.0199,-0.0028,2.7287,-0.7591,-6.2275,-14.5359,-4.6746,-5.2394,-0.2602
23.4120,sand,0.908,0.493,-0.5419,2.1421,0.0110,-0.0069,1.7602,-0.7850,-6.1522,-14.8128,-4.9370,-5.0676,-0.2647
23.4240,sand,0.908,0.488,-0.5462,2.0970,0.0260,-0.0089,2.5432,-0.4642,-6.1717,-14.7842,-4.8211,-5.0115,-0.2683
23.4360,sand,0.908,0.484,-0.5489,2.1486,-0.0247,-0.0148,1.7843,-0.1748,-6.2975,-14.7336,-5.0182,-5.0844,-0.2689
23.4480,sand,0.908,0.479,-0.5500,2.2196,0.0055,-0.0213,2.2391,-0.1533,-6.3075,-14.9551,-4.9554,-4.9729,-0.2691
23.4600,sand,0.908,0.474,-0.5493,2.1688,0.0244,-0.0297,2.2465,-0.4359,-6.2079,-15.2044,-4.9701,-4.9136,-0.2704
23.4720,sand,0.908,0.470,-0.5470,2.2702,0.0061,-0.0265,2.3002,-1.7336,-6.2923,-15.0965,-5.1859,-4.9448,-0.2703
23.4840,sand,0.908,0.465,-0.5429,2.3121,-0.0829,-0.0288,1.8066,-0.5925,-6.3358,-15.1998,-5.0588,-4.9414,-0.2684
23.4960,sand,0.908,0.460,-0.5371,2.2567,-0.0908,-0.0348,1.4110,-0.5378,-6.3067,-15.2655,-5.1788,-5.0344,-0.2655
23.5080,sand,0.908,0.455,-0.5296,2.3434,-0.0837,-0.0354,2.0129,-2.0042,-6.4221,-15.0002,-5.2731,-5.1102,-0.2623
23.5200,sand,0.908,0.450,-0.5203,2.3622,-0.1559,-0.0378,2.5016,-0.6610,-6.4062,-14.9246,-5.3040,-5.1704,-0.2588
23.5320,sand,0.908,0.445,-0.5092,2.2966,-0.0499,-0.0432,2.5850,-0.5710,-6.3006,-15.0553,-5.2912,-5.2333,-0.2535
23.5440,sand,0.908,0.440,-0.4965,2.4698,-0.0850,-0.0446,2.2312,-0.0583,-6.5505,-14.9289,-5.3913,-5.2579,-0.2488
23.5560,sand,0.908,0.435,-0.4820,2.3239,-0.0872,-0.0465,1.7012,-0.6628,-6.4190,-15.1634,-5.5800,-5.2918,-0.2440
23.5680,sand,0.908,0.430,-0.4659,2.4446,-0.1400,-0.0646,1.8282,-0.2645,-6.3708,-15.1895,-5.6422,-5.3412,-0.2369
23.5800,sand,0.908,0.425,-0.4481,2.5623,-0.0865,-0.0686,1.3290,-0.4633,-6.4551,-15.0568,-5.6649,-5.4989,-0.2274
23.5920,sand,0.908,0.420,-0.4287,2.5280,-0.1210,-0.0763,1.7762,-0.8250,-6.3646,-15.1128,-5.5797,-5.4933,-0.2155
23.6040,sand,0.908,0.415,-0.4077,2.4615,-0.1418,-0.0757,2.2356,-0.7338,-6.4764,-14.8376,-5.7822,-5.4296,-0.2076
23.6160,sand,0.908,0.410,-0.3852,2.5273,-0.0603,-0.0749,1.6348,-1.2434,-6.5417,-14.7167,-5.6421,-5.6232,-0.1971
23.6280,sand,0.908,0.404,-0.3612,2.6535,-0.0989,-0.0767,2.1317,-0.3197,-6.5043,-14.7047,-5.8361,-5.5268,-0.1847
23.6400,sand,0.908,0.399,-0.3359,2.5712,-0.1413,-0.0789,2.4962,-0.7628,-6.6030,-14.4974,-5.8764,-5.5475,-0.1733
23.6520,sand,0.908,0.394,-0.3092,2.5630,-0.0921,-0.0803,1.9539,-0.6706,-6.5452,-14.5558,-5.9185,-5.6222,-0.1606
23.6640,sand,0.908,0.388,-0.2814,2.6642,-0.1101,-0.0821,2.3755,-0.2814,-6.5844,-14.2953,-5.9863,-5.5926,-0.1473
23.6760,sand,0.908,0.383,-0.2523,2.6667,-0.2032,-0.0861,1.5677,0.5106,-6.5868,-14.2616,-6.0145,-5.7100,-0.1349
23.6880,sand,0.908,0.378,-0.2222,2.7882,-0.1254,-0.0891,2.4536,-0.8378,-6.4267,-14.2016,-6.1754,-5.8221,-0.1196
23.7000,sand,0.908,0.372,-0.1912,2.7369,-0.0771,-0.0897,2.6049,-0.8319,-6.4445,-13.8505,-6.1813,-5.8498,-0.0994
23.7120,sand,0.908,0.367,-0.1593,2.7967,-0.0873,-0.0849,2.3685,-0.1568,-6.4939,-13.7646,-6.2446,-6.0361,-0.0878
23.7240,sand,0.908,0.362,-0.1266,2.8433,-0.1155,-0.0862,2.2667,-0.3915,-6.5927,-13.3639,-6.2863,-6.0335,-0.0762
23.7360,sand,0.908,0.356,-0.0934,2.7581,-0.0918,-0.0888,1.3995,0.2315,-6.8589,-13.2177,-6.3851,-6.2127,-0.0610
23.7480,sand,0.908,0.351,-0.0596,2.8736,-0.1259,-0.0837,2.0546,0.1133,-6.9511,-12.9255,-6.3724,-6.0242,-0.0411
23.7600,sand,0.908,0.346,-0.0254,2.8425,-0.1351,-0.0764,0.3317,-0.0951,-7.0677,-12.8061,-6.3523,-6.1754,-0.0228
23.7720,sand,0.908,0.340,0.0090,2.8933,-0.1430,-0.0740,0.9623,-0.9612,-7.2211,-12.5822,-6.3883,-6.1485,-0.0071
23.7840,sand,0.908,0.335,0.0435,2.8756,-0.1394,-0.0712,2.1064,-0.0451,-7.3140,-12.4041,-6.4519,-6.2097,0.0108
23.7960,sand,0.908,0.329,0.0780,2.8779,-0.0343,-0.0737,1.5772,0.0101,-7.4184,-12.2829,-6.4247,-6.2632,0.0307
23.8080,sand,0.908,0.324,0.1123,2.8885,-0.1089,-0.0602,1.9111,0.0050,-7.4422,-12.0439,-6.5958,-6.3421,0.0502
23.8200,sand,0.908,0.319,0.1463,2.9045,-0.0734,-0.0576,2.3170,0.2896,-7.4889,-11.8339,-6.5246,-6.3990,0.0654
23.8320,sand,0.908,0.313,0.1799,2.9509,-0.0409,-0.0552,1.8153,0.1138,-7.4695,-11.5978,-6.6406,-6.4830,0.0798
23.8440,sand,0.908,0.308,0.2129,2.9520,-0.0785,-0.0512,2.5622,0.1775,-7.4188,-11.3342,-6.6650,-6.4842,0.0963
23.8560,sand,0.908,0.303,0.2451,2.9439,-0.1501,-0.0481,1.7855,0.5899,-7.5840,-11.0780,-6.6252,-6.6266,0.1131
23.8680,sand,0.908,0.297,0.2764,3.1029,-0.0987,-0.0297,2.0623,0.4230,-7.7371,-10.6817,-6.7525,-6.5983,0.1275
23.8800,sand,0.908,0.292,0.3067,3.0275,-0.0289,-0.0289,1.8821,1.0920,-7.8285,-10.4788,-6.7662,-6.6851,0.1404
23.8920,sand,0.908,0.287,0.3359,3.0759,-0.1047,-0.0266,1.8051,0.6904,-7.9083,-10.2597,-6.8038,-6.7622,0.1599
23.9040,sand,0.908,0.282,0.3637,3.0882,-0.0834,-0.0224,1.7895,0.8636,-7.9546,-10.0113,-6.7604,-6.6354,0.1757
23.9160,sand,0.908,0.277,0.3900,3.1220,-0.0728,-0.0155,0.5778,1.0048,-8.1236,-9.8191,-6.8097,-6.7639,0.1863
23.9280,sand,0.908,0.271,0.4148,3.2168,0.0335,-0.0107,2.0571,0.9701,-8.2092,-9.6133,-6.9114,-6.7960,0.1971
23.9400,sand,0.908,0.266,0.4378,3.1845,0.0018,-0.0011,0.9603,0.1950,-8.2327,-9.4331,-6.9847,-6.8613,0.2109
23.9520,sand,0.908,0.261,0.4590,3.2193,0.0096,0.0030,1.5552,1.0454,-8.2173,-9.2299,-7.0428,-6.9538,0.2227
23.9640,sand,0.908,0.256,0.4783,3.1898,-0.0104,0.0055,0.7561,0.7134,-8.3057,-8.9739,-7.0062,-6.9634,0.2305
23.9760,sand,0.908,0.251,0.4954,3.2647,0.0877,0.0140,0.3099,1.4819,-8.2514,-8.8745,-7.1690,-6.9772,0.2407
23.9880,sand,0.908,0.246,0.5104,3.2612,-0.0302,0.0242,1.5016,1.3125,-8.2165,-8.7787,-6.9878,-7.0766,0.2484
24.0000,sand,0.908,0.242,0.5231,3.2168,0.0300,0.0275,1.3111,1.2523,-8.2002,-8.6143,-7.1455,-7.1060,0.2538
24.0120,sand,0.908,0.237,0.5334,3.2315,0.0163,0.0358,1.4102,1.1323,-8.2185,-8.4783,-6.9890,-7.1079,0.2604
24.0240,sand,0.908,0.232,0.5413,3.2753,0.0450,0.0416,0.8745,1.2436,-8.1967,-8.4307,-7.0205,-7.1450,0.2658
24.0360,sand,0.908,0.227,0.5467,3.2197,0.0737,0.0479,0.6518,1.3697,-8.2337,-8.3484,-6.9296,-7.2071,0.2688
24.0480,sand,0.908,0.223,0.5495,3.2773,0.0624,0.0590,0.9266,0.6877,-8.1051,-8.3408,-6.8931,-7.2839,0.2701
24.0600,sand,0.908,0.218,0.5498,3.2838,0.1017,0.0652,1.0204,1.0430,-8.1089,-8.2962,-7.0118,-7.2307,0.2714
24.0720,sand,0.908,0.213,0.5474,3.3267,0.0087,0.0778,0.1646,1.0283,-8.1484,-8.1708,-7.0533,-7.3031,0.2717
24.0840,sand,0.908,0.209,0.5423,3.2092,0.0980,0.0787,0.3178,1.2019,-8.1355,-8.1112,-7.0770,-7.3345,0.2701
24.0960,sand,0.908,0.205,0.5346,3.2183,0.1418,0.0909,0.9372,1.2315,-8.0380,-7.9911,-7.2292,-7.3987,0.2654
24.1080,sand,0.908,0.200,0.5242,3.3338,0.1123,0.0981,0.9290,0.8659,-7.8865,-7.9924,-7.2468,-7.4313,0.2622
24.1200,sand,0.908,0.196,0.5112,3.2832,0.0175,0.1069,0.7635,0.9756,-7.9106,-7.8631,-7.3063,-7.5028,0.2578
24.1320,sand,0.908,0.192,0.4956,3.3755,0.1627,0.1129,0.7067,0.9775,-7.8667,-7.8107,-7.2800,-7.4642,0.2502
24.1440,sand,0.908,0.188,0.4774,3.3057,0.1161,0.1186,0.1928,1.5604,-7.8761,-7.6970,-7.2791,-7.5584,0.2418
24.1560,sand,0.908,0.183,0.4567,3.4622,0.2233,0.1270,0.9716,0.4981,-7.8075,-7.7070,-7.2184,-7.6109,0.2332
24.1680,sand,0.908,0.180,0.4337,3.3746,0.1488,0.1315,0.7411,0.8289,-7.7538,-7.6100,-7.3245,-7.5536,0.2249
24.1800,sand,0.908,0.176,0.4083,3.2882,0.1359,0.1398,0.5419,1.8010,-7.7584,-7.5464,-7.1739,-7.6077,0.2114
24.1920,sand,0.908,0.172,0.3807,3.4154,0.1873,0.1450,0.2582,0.8459,-7.7613,-7.5032,-7.1826,-7.7172,0.1990
24.2040,sand,0.908,0.168,0.3510,3.3738,0.1532,0.1488,0.0439,0.4818,-7.7247,-7.4877,-7.1953,-7.9083,0.1831
24.2160,sand,0.908,0.164,0.3194,3.3256,0.0900,0.1484,0.2574,0.5768,-7.7449,-7.3841,-7.3345,-7.9801,0.1669
24.2280,sand,0.908,0.161,0.2859,3.3676,0.2665,0.1470,1.0555,1.2843,-7.5929,-7.3636,-7.5037,-7.9801,0.1552
24.2400,sand,0.908,0.157,0.2508,3.3404,0.1938,0.1572,0.2944,1.0878,-7.6505,-7.2542,-7.5803,-7.6867,0.1337
24.2520,sand,0.908,0.154,0.2142,3.4489,0.1727,0.1422,-0.1729,1.9334,-7.7121,-7.2484,-7.6841,-7.6936,0.1170
24.2640,sand,0.908,0.151,0.1763,3.3386,0.2268,0.1274,-0.8223,2.3355,-7.7276,-7.2775,-7.3391,-7.6412,0.1008
24.2760,sand,0.908,0.147,0.1374,3.2944,0.2394,0.1244,-1.8957,-0.0428,-7.8788,-7.2627,-7.0787,-7.6028,0.0823
24.2880,sand,0.908,0.144,0.0975,3.3313,0.2442,0.1305,-0.3270,-0.2136,-7.9449,-7.2180,-7.0473,-7.5961,0.0647
24.3000,sand,0.908,0.141,0.0569,3.3052,0.1501,0.1329,-0.2484,0.8255,-7.9287,-7.1597,-7.1236,-7.5412,0.0435
24.3120,sand,0.908,0.138,0.0159,3.3646,0.2987,0.1216,-0.0505,0.6201,-7.8998,-7.1170,-7.0163,-7.4852,0.0229
24.3240,sand,0.908,0.136,-0.0254,3.3353,0.2142,0.1146,-0.3584,-0.4241,-7.7989,-7.1748,-7.1014,-7.4781,0.0061
24.3360,sand,0.908,0.133,-0.0667,3.3150,0.1937,0.1079,0.7550,0.0135,-7.7896,-7.1621,-6.9235,-7.4693,-0.0188
24.3480,sand,0.908,0.130,-0.1077,3.2900,0.1581,0.0933,-0.2739,0.1558,-7.8385,-7.1175,-7.0757,-7.3068,-0.0409
24.3600,sand,0.908,0.128,-0.1483,3.3862,0.2442,0.0810,0.0273,0.7966,-7.8750,-7.0808,-6.9726,-7.3030,-0.0662
24.3720,sand,0.908,0.125,-0.1881,3.3414,0.2101,0.0729,-0.5854,-0.0289,-7.6511,-7.1316,-7.0255,-7.3045,-0.0820
24.3840,sand,0.908,0.123,-0.2270,3.3709,0.1676,0.0698,-0.1170,-0.0378,-7.4948,-7.1296,-7.0395,-7.3053,-0.0960
24.3960,sand,0.908,0.121,-0.2647,3.3776,0.1739,0.0606,0.8645,-1.1220,-7.2026,-7.1467,-7.0568,-7.3176,-0.1137
24.4080,sand,0.908,0.119,-0.3010,3.3023,0.1591,0.0509,-0.2871,-0.4131,-7.1957,-6.9474,-7.0752,-7.3989,-0.1359
24.4200,sand,0.908,0.117,-0.3356,3.3568,0.1753,0.0455,-1.2652,-0.2785,-7.1336,-6.8502,-7.2061,-7.3620,-0.1545
24.4320,sand,0.908,0.115,-0.3683,3.2929,0.1089,0.0391,-0.9140,-0.1313,-7.2296,-6.7278,-7.1529,-7.2968,-0.1707
24.4440,sand,0.908,0.113,-0.3990,3.3165,0.0727,0.0318,-0.5862,-0.6471,-7.0704,-6.8407,-7.0916,-7.3380,-0.1858
24.4560,sand,0.908,0.111,-0.4273,3.3476,0.0623,0.0236,-0.4542,-0.3455,-7.0786,-6.8327,-7.1669,-7.2885,-0.2002
24.4680,sand,0.908,0.110,-0.4530,3.3689,0.1492,0.0093,-0.2365,-0.7523,-6.8875,-6.8060,-7.1648,-7.3210,-0.2142
24.4800,sand,0.908,0.108,-0.4761,3.2188,0.0368,0.0054,-0.3315,-0.5028,-6.8485,-6.7557,-7.1372,-7.2993,-0.2247
24.4920,sand,0.908,0.107,-0.4963,3.3467,0.0992,-0.0039,-0.3434,-1.2582,-6.6458,-6.8064,-7.1617,-7.2873,-0.2335
24.5040,sand,0.908,0.106,-0.5135,3.4016,0.1027,-0.0047,-0.4925,-0.6688,-6.6317,-6.7748,-7.1613,-7.2462,-0.2455
24.5160,sand,0.908,0.105,-0.5275,3.2773,0.0700,-0.0162,-0.3968,-1.1364,-6.4521,-6.7549,-7.1888,-7.3105,-0.2547
24.5280,sand,0.908,0.104,-0.5382,3.2264,0.0612,-0.0249,-0.1678,-0.9112,-6.3391,-6.7176,-7.1545,-7.2288,-0.2589
24.5400,sand,0.908,0.103,-0.5455,3.1893,0.1319,-0.0253,-0.0655,-1.0640,-6.3160,-6.6768,-7.2289,-7.2223,-0.2632
24.5520,sand,0.908,0.102,-0.5494,3.3050,0.0658,-0.0322,-0.6985,-1.0036,-6.4312,-6.7137,-7.1927,-7.1919,-0.2674
24.5640,sand,0.908,0.101,-0.5497,3.3226,0.0399,-0.0344,-1.2531,-1.4837,-6.4064,-6.7102,-7.3528,-7.1130,-0.2698
24.5760,sand,0.908,0.101,-0.5464,3.2772,-0.0230,-0.0404,-0.2788,-1.6754,-6.3689,-6.7567,-7.3028,-7.0012,-0.2689
24.5880,sand,0.908,0.101,-0.5396,3.2700,0.0071,-0.0416,-0.6186,-1.4750,-6.2765,-6.7909,-7.2488,-6.9819,-0.2669
24.6000,sand,0.908,0.100,-0.5291,3.2357,-0.0794,-0.0471,-0.6095,-1.1277,-6.2861,-6.8090,-7.2518,-7.0042,-0.2643
24.6120,sand,0.908,0.100,-0.5151,3.2731,-0.0061,-0.0509,-0.5805,-1.3790,-6.2602,-6.8547,-7.2903,-6.9485,-0.2586
24.6240,sand,0.908,0.100,-0.4976,3.2501,-0.0663,-0.0562,-1.0224,-1.8959,-6.0934,-6.9206,-7.1039,-7.0221,-0.2492
24.6360,sand,0.908,0.100,-0.4768,3.2275,-0.0729,-0.0588,-1.2775,-0.7960,-5.9610,-6.9083,-7.1020,-7.0090,-0.2403
24.6480,sand,0.908,0.100,-0.4526,3.1802,-0.0671,-0.0640,-0.6465,-1.0239,-5.9967,-6.8979,-7.0416,-6.9925,-0.2293
24.6600,sand,0.908,0.100,-0.4252,3.2197,-0.1758,-0.0640,-0.6611,-1.3015,-6.0754,-6.9403,-7.0747,-6.8844,-0.2173
24.6720,sand,0.908,0.101,-0.3949,3.2711,-0.1195,-0.0703,-1.1522,-1.0502,-6.1204,-6.9452,-6.9588,-6.9779,-0.2051
24.6840,sand,0.908,0.101,-0.3617,3.2780,-0.1152,-0.0758,-0.2389,-2.8745,-6.1773,-6.9766,-7.1147,-6.7058,-0.1885
24.6960,sand,0.908,0.102,-0.3259,3.1947,-0.0870,-0.0874,-1.3906,-2.6907,-6.1075,-7.0563,-7.1704,-6.6426,-0.1693
24.7080,sand,0.908,0.103,-0.2877,3.2272,-0.1215,-0.0827,-0.6644,-1.2664,-6.2627,-7.0096,-7.0765,-6.6343,-0.1525
24.7200,sand,0.908,0.104,-0.2474,3.0743,-0.1973,-0.0864,-0.3942,-0.7947,-6.2295,-7.0352,-7.0382,-6.6549,-0.1375
24.7320,sand,0.908,0.105,-0.2051,3.2040,-0.2104,-0.0890,-0.7352,-0.8898,-6.2210,-7.0229,-6.9770,-6.7178,-0.1161
24.7440,sand,0.908,0.106,-0.1613,3.0702,-0.1666,-0.0959,-0.9354,-0.8270,-5.9359,-7.1416,-6.9579,-6.7025,-0.0920
24.7560,sand,0.908,0.107,-0.1162,3.1302,-0.2051,-0.0952,-1.6411,-0.0912,-5.9665,-7.1430,-6.8872,-6.6834,-0.0703
24.7680,sand,0.908,0.108,-0.0701,3.0914,-0.2184,-0.0907,-0.6356,-0.1708,-6.0628,-7.0665,-6.9286,-6.6125,-0.0492
24.7800,sand,0.908,0.110,-0.0233,3.1832,-0.2006,-0.0830,-1.0844,-0.4802,-6.0919,-7.0276,-6.9104,-6.6532,-0.0259
24.7920,sand,0.908,0.111,0.0238,3.1731,-0.1493,-0.0804,-0.4755,0.0641,-6.0752,-6.9904,-6.7831,-6.6276,-0.0039
24.8040,sand,0.908,0.113,0.0709,3.2065,-0.1976,-0.0806,0.4387,-1.1618,-5.8567,-7.0179,-6.8838,-6.4938,0.0275
24.8160,sand,0.908,0.115,0.1175,3.0787,-0.1476,-0.0732,-1.4891,0.4211,-5.9002,-6.9578,-6.8230,-6.5102,0.0499
24.8280,sand,0.908,0.116,0.1635,3.0857,-0.1803,-0.0516,-0.4741,0.4751,-5.9666,-6.8150,-6.8172,-6.5635,0.0655
24.8400,sand,0.908,0.118,0.2084,3.1023,-0.1658,-0.0470,-0.1138,0.7629,-6.0052,-6.6741,-6.7406,-6.5992,0.0814
24.8520,sand,0.908,0.120,0.2518,3.0466,-0.0979,-0.0479,-0.1867,0.6582,-5.8584,-6.6891,-6.7644,-6.5975,0.1061
24.8640,sand,0.908,0.123,0.2935,3.0429,-0.1307,-0.0451,-0.5969,-0.0109,-5.7199,-6.7460,-6.7260,-6.5971,0.1333
24.8760,sand,0.908,0.125,0.3330,3.0642,-0.0528,-0.0361,-0.3003,0.0426,-5.6841,-6.6193,-6.7092,-6.6378,0.1574
24.8880,sand,0.908,0.127,0.3701,3.0079,-0.1918,-0.0110,-0.4313,0.5110,-5.6804,-6.5355,-6.6320,-6.6085,0.1719
24.9000,sand,0.908,0.130,0.4045,3.0791,-0.1115,-0.0132,-0.4873,1.0183,-5.7732,-6.3909,-6.6275,-6.5378,0.1837
24.9120,sand,0.908,0.132,0.4358,3.0946,-0.1211,-0.0136,-1.1906,1.2349,-5.6945,-6.4590,-6.6923,-6.4840,0.2044
24.9240,sand,0.908,0.135,0.4638,3.1029,-0.0463,-0.0057,-0.9193,0.2835,-5.7041,-6.3184,-6.6662,-6.4939,0.2211
24.9360,sand,0.908,0.138,0.4882,3.0667,-0.0634,0.0005,-0.2645,1.0099,-5.6617,-6.2260,-6.6015,-6.4787,0.2331
24.9480,sand,0.908,0.141,0.5088,3.0047,-0.1443,0.0137,-0.7047,0.9846,-5.6729,-6.1241,-6.5172,-6.5622,0.2438
24.9600,sand,0.908,0.144,0.5254,3.0181,0.0007,0.0202,-0.6743,1.2072,-5.7111,-6.0754,-6.5393,-6.5441,0.2533
24.9720,sand,0.908,0.147,0.5379,2.8948,-0.1730,0.0239,-0.5383,0.8206,-5.7534,-5.9212,-6.5003,-6.5384,0.2597
24.9840,sand,0.908,0.150,0.5460,3.0011,-0.0101,0.0301,-0.4905,1.4496,-5.7261,-5.9352,-6.4565,-6.5655,0.2656
24.9960,sand,0.908,0.153,0.5498,3.0263,-0.1280,0.0364,-0.6834,1.4226,-5.7366,-5.7982,-6.3800,-6.5787,0.2696
25.0080,sand,0.908,0.157,0.5490,2.9576,0.0894,0.0451,-0.6611,1.9802,-5.8242,-5.7948,-6.3990,-6.4825,0.2702
25.0200,sand,0.908,0.160,0.5437,2.9650,0.1053,0.0446,-0.8536,1.6206,-5.8775,-5.7730,-6.3709,-6.4587,0.2688
25.0320,sand,0.908,0.164,0.5339,2.9879,0.0398,0.0472,-0.9143,1.8146,-5.9563,-5.7372,-6.3648,-6.4573,0.2656
25.0440,sand,0.908,0.167,0.5197,2.9843,0.0431,0.0507,-1.0934,1.5550,-6.0475,-5.6730,-6.2500,-6.4946,0.2611
25.0560,sand,0.908,0.171,0.5010,3.0611,0.1334,0.0536,-0.6630,1.8196,-6.0773,-5.5804,-6.1803,-6.5999,0.2542
25.0680,sand,0.908,0.175,0.4781,2.8486,0.0469,0.0669,-0.8237,1.5344,-6.1345,-5.5438,-6.2748,-6.4933,0.2437
25.0800,sand,0.908,0.179,0.4511,2.8873,0.0448,0.0703,-0.9307,0.8387,-6.2001,-5.4666,-6.2148,-6.4566,0.2297
25.0920,sand,0.908,0.183,0.4201,2.9258,0.0733,0.0802,-0.3836,1.6158,-6.2844,-5.4677,-6.0650,-6.4447,0.2139
25.1040,sand,0.908,0.187,0.3854,2.8405,0.1090,0.0827,-0.5580,2.3743,-6.2856,-5.5159,-6.2216,-6.4588,0.2009
25.1160,sand,0.908,0.191,0.3473,2.9383,0.1927,0.0854,-1.4248,0.6706,-6.2738,-5.5927,-6.1149,-6.4457,0.1892
25.1280,sand,0.908,0.195,0.3061,2.8788,0.1747,0.0948,-0.8716,1.5210,-6.3905,-5.5546,-6.1452,-6.3495,0.1681
25.1400,sand,0.908,0.199,0.2621,2.7991,0.1519,0.0959,-0.6791,1.3875,-6.4825,-5.5191,-6.0494,-6.3427,0.1435
25.1520,sand,0.908,0.204,0.2157,2.9578,0.0697,0.0957,-0.2980,1.4781,-6.6224,-5.5612,-5.9650,-6.4384,0.1199
25.1640,sand,0.908,0.208,0.1672,2.8397,0.1877,0.0984,-1.3450,1.8578,-6.5635,-5.5786,-6.0539,-6.3728,0.0981
25.1760,sand,0.908,0.213,0.1171,2.9030,0.1411,0.0927,-0.1013,0.1262,-6.5039,-5.6344,-6.0242,-6.3969,0.0771
25.1880,sand,0.908,0.217,0.0658,2.9449,0.2295,0.0959,-0.2739,0.5336,-6.5493,-5.5974,-6.0101,-6.4374,0.0530
25.2000,sand,0.908,0.222,0.0138,2.9182,0.1483,0.0983,-0.2996,0.3679,-6.5756,-5.4905,-6.0054,-6.3945,0.0212
25.2120,sand,0.908,0.226,-0.0385,2.7684,0.1625,0.0950,-0.5741,0.5441,-6.6563,-5.5122,-6.0868,-6.3639,-0.0070
25.2240,sand,0.908,0.231,-0.0906,2.8508,0.2104,0.0877,-0.0275,0.6101,-6.6284,-5.5588,-6.0557,-6.3213,-0.0316
25.2360,sand,0.908,0.236,-0.1420,2.8846,0.2191,0.0801,0.4051,-1.1026,-6.5862,-5.6982,-6.0862,-6.3107,-0.0522
25.2480,sand,0.908,0.241,-0.1922,2.8646,0.1897,0.0638,-0.3646,-0.0810,-6.5356,-5.6892,-6.0952,-6.2343,-0.0752
25.2600,sand,0.908,0.246,-0.2408,2.8838,0.1935,0.0594,-0.2406,-0.1119,-6.5834,-5.6398,-6.0959,-6.3091,-0.1006
25.2720,sand,0.908,0.251,-0.2874,2.9129,0.1840,0.0575,-0.5771,0.0483,-6.5614,-5.5949,-6.1259,-6.3139,-0.1326
25.2840,sand,0.908,0.255,-0.3313,2.7627,0.1167,0.0516,-0.3314,-0.5694,-6.5508,-5.5731,-6.1104,-6.2899,-0.1551
25.2960,sand,0.908,0.260,-0.3723,2.8990,0.1568,0.0394,-0.0778,-0.5246,-6.2597,-5.7353,-6.1901,-6.2531,-0.1698
25.3080,sand,0.908,0.266,-0.4099,2.7771,0.1610,0.0258,-0.2139,-1.0231,-6.1131,-5.7874,-6.1420,-6.3075,-0.1845
25.3200,sand,0.908,0.271,-0.4437,2.7926,0.0864,0.0311,-0.0470,-0.1906,-6.3325,-5.6390,-6.1753,-6.3596,-0.2074
25.3320,sand,0.908,0.276,-0.4733,2.8512,0.1684,0.0245,-0.2873,-0.5161,-6.3520,-5.8267,-6.2190,-6.3374,-0.2285
25.3440,sand,0.908,0.281,-0.4985,2.8562,0.1611,0.0121,-0.0704,-0.3585,-6.3670,-5.9131,-6.2018,-6.3500,-0.2405
25.3560,sand,0.908,0.286,-0.5189,2.8009,0.0197,0.0011,0.0565,-1.1768,-6.1488,-6.0986,-6.2624,-6.3460,-0.2456
25.3680,sand,0.908,0.291,-0.5343,2.8817,0.0720,-0.0088,0.0834,-0.8069,-6.1709,-6.2216,-6.2319,-6.3946,-0.2555
25.3800,sand,0.908,0.297,-0.5446,2.8720,0.0273,-0.0123,-0.0337,-0.9930,-6.1546,-6.2005,-6.2585,-6.3370,-0.2652
25.3920,sand,0.908,0.302,-0.5495,2.9209,0.0866,-0.0264,0.2476,-0.9738,-6.1005,-6.3124,-6.2419,-6.3019,-0.2700
25.4040,sand,0.908,0.307,-0.5491,2.8455,0.0624,-0.0346,0.2728,-1.3875,-6.0541,-6.4660,-6.2954,-6.3208,-0.2695
25.4160,sand,0.908,0.312,-0.5431,2.8690,-0.0023,-0.0391,0.1624,-1.3334,-6.0454,-6.5790,-6.3054,-6.3865,-0.2682
25.4280,sand,0.908,0.318,-0.5318,2.9222,-0.0177,-0.0471,0.1670,-1.6828,-5.9014,-6.8082,-6.3812,-6.3133,-0.2665
25.4400,sand,0.908,0.323,-0.5151,2.9180,0.0640,-0.0553,-0.0453,-1.1116,-5.7714,-6.7554,-6.3966,-6.4564,-0.2600
25.4520,sand,0.908,0.328,-0.4931,2.8904,-0.0259,-0.0636,0.2426,-1.5730,-5.7789,-6.8596,-6.4629,-6.4213,-0.2470
25.4640,sand,0.908,0.334,-0.4660,2.8901,-0.1758,-0.0658,0.2247,-1.6377,-5.8382,-6.9475,-6.4309,-6.4395,-0.2379
25.4760,sand,0.908,0.339,-0.4342,2.8386,-0.1366,-0.0600,0.2072,-1.6548,-6.0177,-6.9533,-6.4311,-6.3208,-0.2287
25.4880,sand,0.908,0.345,-0.3978,2.9191,-0.1450,-0.0748,0.6100,-1.8881,-5.9210,-7.1349,-6.4544,-6.2722,-0.2099
25.5000,sand,0.908,0.350,-0.3572,2.8007,-0.0746,-0.0798,0.4172,-1.6468,-5.9487,-7.1915,-6.4728,-6.4130,-0.1911
25.5120,sand,0.908,0.355,-0.3128,2.8914,-0.0766,-0.0893,0.4874,-2.0193,-5.9368,-7.3468,-6.5880,-6.3010,-0.1655
25.5240,sand,0.908,0.361,-0.2650,2.9403,-0.1870,-0.0896,0.6309,-1.8784,-5.9470,-7.3888,-6.5250,-6.3032,-0.1430
25.5360,sand,0.908,0.366,-0.2143,3.0589,-0.2078,-0.0919,0.6868,-1.4478,-6.0338,-7.4119,-6.5387,-6.2539,-0.1270
25.5480,sand,0.908,0.372,-0.1612,3.0066,-0.1653,-0.0990,-3.6624,-0.7524,-5.7480,-7.6993,-6.6905,-6.3445,-0.0859
25.5600,sand,0.908,0.377,-0.1063,2.8212,-0.2019,-0.0978,1.2062,-0.2823,-6.0609,-7.5740,-6.6240,-6.3325,-0.0660
25.5720,sand,0.908,0.382,-0.0501,2.9276,-0.1597,-0.0950,0.5502,-0.2855,-6.3073,-7.4242,-6.6554,-6.3216,-0.0499
25.5840,sand,0.908,0.388,0.0068,2.9846,-0.1730,-0.0957,0.4808,-0.5780,-6.1567,-7.5825,-6.6224,-6.3601,-0.0241
25.5960,sand,0.908,0.393,0.0637,2.8880,-0.1350,-0.0989,0.4944,-0.0048,-6.0478,-7.7887,-6.5900,-6.4254,0.0081
25.6080,sand,0.908,0.398,0.1201,3.0366,-0.1615,-0.0864,0.9196,-0.6156,-5.9807,-8.0203,-6.5742,-6.4885,0.0453
25.6200,sand,0.908,0.403,0.1754,2.9520,-0.2005,-0.0707,0.8836,-0.4444,-5.9445,-8.1588,-6.6842,-6.4525,0.0743
25.6320,sand,0.908,0.409,0.2289,3.0081,-0.1186,-0.0656,1.7922,-0.4090,-6.1253,-8.1763,-6.7135,-6.4468,0.1009
25.6440,sand,0.908,0.414,0.2800,2.9778,-0.1399,-0.0629,0.6105,-0.0117,-6.2372,-8.2124,-6.6333,-6.4755,0.1275
25.6560,sand,0.908,0.419,0.3282,2.9919,-0.0896,-0.0554,0.5823,1.0146,-6.3633,-8.2265,-6.6620,-6.5450,0.1514
25.6680,sand,0.908,0.424,0.3728,3.0688,-0.1499,-0.0396,0.8865,0.3916,-6.4479,-8.2187,-6.7283,-6.6384,0.1780
25.6800,sand,0.908,0.429,0.4134,3.0023,-0.0471,-0.0276,0.8711,1.0662,-6.5887,-8.1812,-6.7971,-6.6286,0.1961
25.6920,sand,0.908,0.434,0.4494,2.9958,-0.0530,-0.0236,1.0731,0.9372,-6.6949,-8.0980,-6.8198,-6.6840,0.2114
25.7040,sand,0.908,0.440,0.4805,3.0167,-0.1059,-0.0189,1.0995,0.0426,-6.7536,-8.1120,-6.7722,-6.6981,0.2288
25.7160,sand,0.908,0.445,0.5063,3.0330,-0.0459,-0.0126,1.0758,1.2943,-6.9431,-8.0071,-6.7702,-6.7436,0.2449
25.7280,sand,0.908,0.449,0.5263,3.1157,-0.0828,0.0039,0.8206,1.2415,-7.0942,-7.9848,-6.7732,-6.7416,0.2561
25.7400,sand,0.908,0.454,0.5403,3.0995,0.0224,0.0094,0.9020,0.9791,-7.1927,-8.0074,-6.7511,-6.8219,0.2649
25.7520,sand,0.908,0.459,0.5482,3.0602,-0.1064,0.0176,1.1598,1.2636,-7.3841,-7.9638,-6.7652,-6.8651,0.2702
25.7640,sand,0.908,0.464,0.5498,3.1967,-0.0585,0.0241,1.0454,0.7927,-7.4663,-7.8846,-6.7854,-6.9117,0.2726
25.7760,sand,0.908,0.469,0.5450,3.0566,0.0145,0.0359,1.1040,1.3328,-7.6320,-7.8866,-6.9006,-6.9315,0.2720
25.7880,sand,0.908,0.474,0.5338,3.1950,0.0630,0.0461,1.2935,1.4173,-7.7946,-7.8004,-6.8392,-7.0227,0.2696
25.8000,sand,0.908,0.478,0.5163,3.1268,-0.0153,0.0534,0.2270,1.5452,-7.9668,-7.7019,-6.9420,-7.0611,0.2618
25.8120,sand,0.908,0.483,0.4927,3.1585,0.0729,0.0594,1.1525,1.0088,-8.0028,-7.7922,-6.9428,-7.1029,0.2543
25.8240,sand,0.908,0.487,0.4632,3.2713,0.0357,0.0655,1.0628,2.0040,-8.2424,-7.6992,-7.0072,-7.0853,0.2412
25.8360,sand,0.908,0.492,0.4281,3.1626,0.0615,0.0682,1.0134,0.5888,-8.3135,-7.7721,-6.8840,-7.2336,0.2270
25.8480,sand,0.908,0.496,0.3878,3.1792,0.1451,0.0775,1.4513,1.2479,-8.4506,-7.7301,-6.9170,-7.2450,0.2078
25.8600,sand,0.908,0.501,0.3427,3.1952,0.0986,0.0853,1.1579,0.9857,-8.5974,-7.7257,-6.9646,-7.3502,0.1835
25.8720,sand,0.908,0.505,0.2934,3.2780,0.0257,0.0924,1.1257,1.2246,-8.8002,-7.6778,-7.0440,-7.4639,0.1596
25.8840,sand,0.908,0.509,0.2404,3.2747,0.1339,0.0976,1.8781,0.7745,-8.8080,-7.6341,-7.1940,-7.4763,0.1406
25.8960,sand,0.908,0.513,0.1843,3.1657,0.0576,0.0888,0.9382,0.4367,-8.7373,-7.7438,-7.1750,-7.5198,0.1218
25.9080,sand,0.908,0.517,0.1258,3.3936,0.0912,0.1021,1.1657,1.0830,-8.9016,-7.7364,-7.3774,-7.6205,0.0854
25.9200,sand,0.908,0.521,0.0656,3.3256,0.2113,0.1068,2.3226,0.4364,-9.1307,-7.5832,-7.3034,-7.5701,0.0473
25.9320,sand,0.908,0.525,0.0045,3.3633,0.1432,0.0997,1.1984,1.0286,-9.2869,-7.5801,-7.4231,-7.6426,0.0220
25.9440,sand,0.908,0.529,-0.0568,3.2924,0.1231,0.0997,1.6513,0.4260,-9.2981,-7.6176,-7.3874,-7.6436,-0.0007
25.9560,sand,0.908,0.533,-0.1176,3.3532,0.2343,0.1043,0.8866,1.4832,-9.3366,-7.7314,-7.3547,-7.7432,-0.0402
25.9680,sand,0.908,0.536,-0.1770,3.3605,0.0871,0.0780,1.6016,0.9738,-9.2841,-7.8631,-7.3911,-7.6357,-0.0693
25.9800,sand,0.908,0.540,-0.2344,3.4862,0.1619,0.0802,2.3369,-0.4852,-9.2344,-8.0802,-7.4890,-7.8095,-0.0913
25.9920,sand,0.908,0.543,-0.2889,3.4380,0.1160,0.0760,1.3346,0.0097,-9.1329,-8.2225,-7.5099,-7.7203,-0.1195
26.0040,sand,0.908,0.547,-0.3398,3.4006,0.1041,0.0741,1.6024,0.5166,-9.2581,-8.4685,-7.5561,-7.8183,-0.1511
26.0160,sand,0.908,0.550,-0.3866,3.4620,0.1640,0.0689,0.9875,0.5064,-9.2753,-8.5452,-7.4397,-7.7669,-0.1856
26.0280,sand,0.908,0.553,-0.4284,3.3905,0.1063,0.0404,1.5690,-0.1553,-9.4045,-8.7152,-7.6138,-7.8758,-0.2061
26.0400,sand,0.908,0.556,-0.4648,3.3946,0.1409,0.0250,1.3462,-0.1142,-9.3456,-8.9087,-7.6511,-7.8137,-0.2188
26.0520,sand,0.908,0.559,-0.4953,3.4969,0.0019,0.0251,1.4176,-0.5714,-9.2358,-9.1131,-7.6350,-7.9553,-0.2264
26.0640,sand,0.908,0.562,-0.5193,3.5080,0.0660,0.0261,0.9509,-2.1129,-9.1634,-9.4032,-7.6757,-7.9032,-0.2456
26.0760,sand,0.908,0.565,-0.5367,3.4821,0.1080,0.0186,1.4896,-0.4392,-9.0839,-9.5218,-7.6178,-7.8978,-0.2635
26.0880,sand,0.908,0.568,-0.5469,3.4910,0.1135,-0.0003,0.9400,-1.0561,-8.9608,-9.6738,-7.8224,-7.8826,-0.2737
26.1000,sand,0.908,0.570,-0.5500,3.5109,0.0660,-0.0141,1.1798,-1.0159,-8.7556,-9.8164,-7.8476,-8.0456,-0.2736
26.1120,sand,0.908,0.573,-0.5457,3.5256,0.0222,-0.0193,1.2287,-0.7380,-8.7091,-10.0922,-7.8734,-8.0963,-0.2690
26.1240,sand,0.908,0.575,-0.5341,3.5529,0.0393,-0.0233,1.1061,-0.8363,-8.6362,-10.1603,-7.8727,-8.1658,-0.2652
26.1360,sand,0.908,0.577,-0.5154,3.5793,0.0636,-0.0216,1.0984,-1.5680,-8.6352,-10.3158,-7.9239,-8.2075,-0.2598
26.1480,sand,0.908,0.580,-0.4896,3.6032,-0.0061,-0.0384,0.8672,-1.5429,-8.5411,-10.4363,-7.9551,-8.2307,-0.2515
26.1600,sand,0.908,0.582,-0.4571,3.6652,-0.0205,-0.0480,1.6060,-0.2124,-8.5159,-10.6968,-8.0362,-7.9355,-0.2361
26.1720,sand,0.908,0.584,-0.4184,3.6796,0.0407,-0.0516,1.0799,-1.0978,-8.3981,-10.8702,-8.0825,-7.9181,-0.2196
26.1840,sand,0.908,0.585,-0.3738,3.6930,-0.0319,-0.0569,1.2387,-1.3607,-8.3197,-10.7812,-8.0749,-8.0625,-0.2020
26.1960,sand,0.908,0.587,-0.3239,3.7733,-0.0680,-0.0630,1.3738,-1.5318,-8.2321,-10.9238,-8.2160,-8.1780,-0.1783
26.2080,sand,0.908,0.589,-0.2695,3.6877,-0.0617,-0.0655,0.7129,-1.0259,-8.1535,-10.9841,-8.1558,-8.3225,-0.1517
26.2200,sand,0.908,0.590,-0.2112,3.7040,-0.1150,-0.0712,1.7831,-1.4737,-8.0678,-11.0390,-8.2525,-8.2320,-0.1221
26.2320,sand,0.908,0.592,-0.1499,3.7987,-0.0469,-0.0746,1.2033,-0.7070,-8.0290,-11.0730,-8.2382,-8.1737,-0.0933
26.2440,sand,0.908,0.593,-0.0863,3.7076,-0.1167,-0.0794,1.9712,-1.9859,-7.8925,-11.1066,-8.3778,-8.1630,-0.0557
26.2560,sand,0.908,0.594,-0.0213,3.7831,0.0105,-0.0679,1.3598,-0.4640,-7.9504,-11.2125,-8.5169,-8.3146,-0.0283
26.2680,sand,0.908,0.595,0.0441,3.7630,-0.0344,-0.0676,1.9706,-0.2205,-7.8489,-11.0500,-8.4027,-8.3035,0.0022
26.2800,sand,0.908,0.596,0.1090,3.7854,-0.1369,-0.0639,1.9149,-0.1752,-7.9967,-10.9348,-8.4758,-8.4336,0.0297
26.2920,sand,0.908,0.597,0.1726,3.8770,-0.0780,-0.0715,4.1167,-0.1407,-7.9386,-10.9438,-8.5667,-8.5589,0.0705
26.3040,sand,0.908,0.598,0.2337,3.8014,-0.0903,-0.0668,1.5205,-0.1497,-8.0243,-10.8713,-8.4845,-8.4611,0.1020
26.3160,sand,0.908,0.599,0.2917,3.8070,-0.0353,-0.0545,0.7434,0.3946,-8.2435,-10.7896,-8.5390,-8.3835,0.1256
26.3280,sand,0.908,0.599,0.3456,3.8088,-0.0618,-0.0446,0.5488,0.4962,-8.3553,-10.7511,-8.5995,-8.3908,0.1546
26.3400,sand,0.908,0.600,0.3946,3.8263,-0.0767,-0.0314,0.9679,0.8033,-8.3525,-10.6083,-8.5455,-8.4306,0.1845
26.3520,sand,0.908,0.600,0.4379,3.8337,-0.1205,-0.0267,1.3367,0.1989,-8.5478,-10.5484,-8.5254,-8.4911,0.2045
26.3640,sand,0.908,0.600,0.4749,3.9227,-0.1648,-0.0210,1.4742,0.0462,-8.7230,-10.4146,-8.6291,-8.4943,0.2239
26.3760,sand,0.908,0.600,0.5050,3.8157,0.0206,-0.0106,0.7341,0.2423,-8.7434,-10.3320,-8.5573,-8.5211,0.2416
26.3880,sand,0.908,0.600,0.5278,3.7552,-0.0303,0.0051,1.2296,1.0406,-8.8524,-10.2087,-8.5464,-8.6313,0.2578
26.4000,sand,0.908,0.600,0.5427,3.9227,0.0213,0.0099,0.8844,1.1245,-8.9974,-10.0425,-8.5780,-8.6191,0.2665
26.4120,sand,0.908,0.599,0.5495,3.9230,0.0267,0.0191,0.4990,1.2432,-9.1959,-9.9414,-8.5950,-8.6667,0.2693
26.4240,sand,0.908,0.599,0.5482,3.9857,-0.0259,0.0259,1.4187,1.2006,-9.2953,-9.8017,-8.5371,-8.6275,0.2724
26.4360,sand,0.908,0.599,0.5386,3.9354,0.0182,0.0326,0.9894,1.0448,-9.3160,-9.7325,-8.6461,-8.6488,0.2727
26.4480,sand,0.908,0.598,0.5208,3.9491,-0.0150,0.0452,0.7406,1.6416,-9.4858,-9.6023,-8.6581,-8.6839,0.2659
26.4600,sand,0.908,0.597,0.4951,4.0037,-0.0167,0.0534,0.9151,0.9702,-9.5618,-9.4669,-8.5785,-8.8049,0.2553
26.4720,sand,0.908,0.596,0.4617,3.9200,0.0648,0.0623,0.3765,1.5505,-9.6966,-9.3716,-8.6948,-8.7532,0.2426
26.4840,sand,0.908,0.595,0.4213,4.1195,0.1104,0.0665,0.8626,1.2173,-9.7472,-9.2831,-8.6512,-8.7966,0.2262
26.4960,sand,0.908,0.594,0.3742,3.9990,0.1248,0.0715,0.7168,1.2025,-9.8784,-9.2439,-8.5646,-8.8740,0.2031
26.5080,sand,0.908,0.593,0.3213,3.9594,0.1263,0.0862,2.1941,2.2091,-10.0655,-8.9899,-8.5200,-8.9104,0.1662
26.5200,sand,0.908,0.592,0.2633,3.9325,0.1521,0.0822,0.8756,0.8053,-9.9304,-9.0009,-8.6013,-8.9156,0.1514
26.5320,sand,0.908,0.590,0.2010,4.0095,0.1003,0.0914,0.6462,0.7021,-9.8371,-9.1800,-8.6743,-8.9959,0.1414
26.5440,sand,0.908,0.589,0.1355,4.0765,0.1306,0.0970,1.0824,0.6981,-9.8607,-9.1434,-8.6560,-9.0556,0.1153
26.5560,sand,0.908,0.587,0.0677,4.0161,0.1348,0.1069,1.1724,0.4902,-10.1295,-8.8681,-8.7204,-9.1019,0.0738
26.5680,sand,0.908,0.585,-0.0014,4.0123,0.1254,0.1100,0.9362,0.9919,-10.3035,-8.6258,-8.6350,-9.1114,0.0239
26.5800,sand,0.908,0.583,-0.0705,4.0785,0.1225,0.1089,0.9472,0.9775,-10.3511,-8.4483,-8.6540,-9.0676,-0.0159
26.5920,sand,0.908,0.581,-0.1387,4.0999,0.1578,0.0992,1.2117,-0.0392,-10.2064,-8.6634,-8.7955,-9.0708,-0.0415
26.6040,sand,0.908,0.579,-0.2048,4.0175,0.0238,0.1081,-0.4134,0.7583,-10.2225,-8.6708,-8.7544,-9.1198,-0.0823
26.6160,sand,0.908,0.577,-0.2677,4.0536,0.0719,0.0971,-0.2865,0.9078,-10.3117,-8.7721,-8.8019,-9.1628,-0.1186
26.6280,sand,0.908,0.575,-0.3265,4.1275,0.1039,0.0613,0.4114,-1.5562,-10.2132,-8.8656,-8.8616,-9.1297,-0.1414
26.6400,sand,0.908,0.572,-0.3801,4.1778,0.0904,0.0690,2.7922,0.5490,-10.0155,-9.0736,-8.9350,-9.1799,-0.1583
26.6520,sand,0.908,0.570,-0.4276,4.1690,0.0393,0.0659,0.5333,-0.1421,-9.9751,-9.0391,-8.9040,-9.0132,-0.1907
26.6640,sand,0.908,0.567,-0.4683,4.1348,0.0607,0.0585,1.0733,-0.0556,-9.8261,-9.0661,-8.8720,-9.1546,-0.2212
26.6760,sand,0.908,0.564,-0.5013,4.0906,0.0981,0.0478,0.9334,-0.5339,-9.7114,-9.1165,-8.9647,-9.2311,-0.2435
26.6880,sand,0.908,0.562,-0.5262,4.1890,-0.0592,0.0255,0.3943,-0.5072,-9.6473,-9.2164,-9.0001,-9.0753,-0.2585
26.7000,sand,0.908,0.559,-0.5424,4.1260,0.0622,0.0109,0.4408,-1.3115,-9.4861,-9.4150,-9.0126,-9.1106,-0.2646
26.7120,sand,0.908,0.556,-0.5496,4.0588,-0.0025,0.0044,0.4848,-0.8020,-9.4106,-9.4862,-9.0571,-9.1036,-0.2682
26.7240,sand,0.908,0.553,-0.5477,4.1894,0.0107,-0.0038,0.3899,-0.8038,-9.2863,-9.6068,-9.1177,-9.0564,-0.2712
26.7360,sand,0.908,0.549,-0.5366,4.2020,-0.1222,-0.0135,0.4271,-0.6275,-9.1427,-9.7612,-9.0326,-9.0909,-0.2701
26.7480,sand,0.908,0.546,-0.5164,4.1057,-0.0924,-0.0325,0.3942,-1.4034,-9.0994,-9.7328,-9.1298,-9.0228,-0.2650
26.7600,sand,0.908,0.543,-0.4875,4.1100,0.0043,-0.0444,0.3927,-1.6113,-8.8198,-9.8941,-9.1077,-9.0646,-0.2539
26.7720,sand,0.908,0.539,-0.4502,4.1729,-0.0447,-0.0555,1.0302,-1.2015,-8.7868,-10.0354,-9.1504,-9.0869,-0.2353
26.7840,sand,0.908,0.536,-0.4052,4.1350,-0.0929,-0.0646,0.1701,-2.7263,-8.7233,-10.1757,-9.2416,-9.1177,-0.2157
26.7960,sand,0.908,0.532,-0.3531,4.1668,-0.0274,-0.0675,0.3383,-1.7776,-8.6993,-10.1910,-9.2332,-9.1036,-0.1968
26.8080,sand,0.908,0.528,-0.2949,4.1371,-0.0930,-0.0825,0.5874,-0.9715,-8.6702,-10.2884,-9.2711,-9.0783,-0.1689
26.8200,sand,0.908,0.524,-0.2315,4.1860,-0.0750,-0.0912,0.3010,-1.8663,-8.4400,-10.5367,-9.2633,-9.0178,-0.1372
26.8320,sand,0.908,0.520,-0.1639,4.1820,-0.1254,-0.0942,0.8339,-0.9336,-8.3860,-10.5568,-9.3026,-9.0317,-0.1029
26.8440,sand,0.908,0.517,-0.0934,4.2201,-0.0184,-0.0941,0.3942,-2.3249,-8.4378,-10.5670,-9.3262,-9.0377,-0.0721
26.8560,sand,0.908,0.512,-0.0210,4.1327,-0.0828,-0.1012,1.1254,-2.0505,-8.2570,-10.7441,-9.4302,-9.1183,-0.0305
26.8680,sand,0.908,0.508,0.0518,4.1707,-0.0284,-0.0897,0.5069,-0.2966,-8.2772,-10.8350,-9.3856,-9.1179,0.0156
26.8800,sand,0.908,0.504,0.1239,4.1952,-0.0710,-0.0872,0.5742,0.3239,-8.3269,-10.7980,-9.3890,-9.1071,0.0470
26.8920,sand,0.908,0.500,0.1939,4.2977,-0.2076,-0.0765,0.3070,-0.4970,-8.4378,-10.7705,-9.3501,-9.1447,0.0776
26.9040,sand,0.908,0.495,0.2607,4.1665,-0.1008,-0.0714,0.1831,-0.9312,-8.4860,-10.7570,-9.2767,-9.1319,0.1057
26.9160,sand,0.908,0.491,0.3229,4.1735,-0.0431,-0.0604,0.2360,0.9863,-8.5263,-10.6824,-9.3125,-9.1487,0.1374
26.9280,sand,0.908,0.487,0.3795,4.2298,-0.0583,-0.0362,-0.1155,-0.4277,-8.4399,-10.6799,-9.3608,-9.2637,0.1750
26.9400,sand,0.908,0.482,0.4293,4.2628,-0.1306,-0.0260,0.1692,0.4713,-8.5217,-10.6268,-9.3299,-9.2308,0.1974
26.9520,sand,0.908,0.477,0.4715,4.3063,-0.1011,-0.0218,0.7245,0.7449,-8.6039,-10.5448,-9.3042,-9.2792,0.2207
26.9640,sand,0.908,0.473,0.5053,4.3255,-0.0892,-0.0144,0.4479,0.0676,-8.6624,-10.4624,-9.3158,-9.3217,0.2415
26.9760,sand,0.908,0.468,0.5299,4.2510,-0.0485,-0.0058,0.7059,1.2330,-8.6896,-10.3034,-9.2543,-9.3236,0.2549
26.9880,sand,0.908,0.463,0.5450,4.3101,0.0401,0.0144,0.2232,1.1487,-8.9320,-10.1074,-9.2486,-9.3202,0.2631
27.0000,sand,0.908,0.458,0.5500,4.1954,-0.0749,0.0241,0.2598,0.7659,-8.9857,-10.0449,-9.2473,-9.3344,0.2727
27.0120,sand,0.908,0.454,0.5449,4.2570,-0.0377,0.0369,-0.0545,1.2467,-9.0699,-9.9046,-9.2753,-9.3741,0.2782
27.0240,sand,0.908,0.449,0.5298,4.3655,-0.0197,0.0467,0.5215,0.9591,-9.2493,-9.6900,-9.2340,-9.4079,0.2710
27.0360,sand,0.908,0.444,0.5048,4.2847,-0.0432,0.0542,0.4817,0.7116,-9.4980,-9.4697,-9.1621,-9.5324,0.2606
27.0480,sand,0.908,0.439,0.4703,4.2155,0.0217,0.0740,0.5965,0.9978,-9.6198,-9.3635,-9.1794,-9.4046,0.2484
27.0600,sand,0.908,0.434,0.4270,4.2325,0.0464,0.0802,-0.1277,1.3982,-9.7717,-9.1945,-9.1525,-9.3786,0.2300
27.0720,sand,0.908,0.429,0.3755,4.2328,0.0507,0.0888,0.3667,0.6175,-9.8743,-9.1390,-9.2248,-9.5124,0.2092
27.0840,sand,0.908,0.423,0.3169,4.2965,0.1026,0.0978,0.0889,1.6613,-9.9944,-9.0217,-9.2018,-9.5152,0.1824
27.0960,sand,0.908,0.418,0.2522,4.2565,0.0660,0.1027,-0.6137,2.3949,-10.2007,-8.8070,-9.2357,-9.5532,0.1512
27.1080,sand,0.908,0.413,0.1826,4.3204,0.0915,0.1138,-0.0535,1.5072,-10.4565,-8.5853,-9.2610,-9.5794,0.0998
27.1200,sand,0.908,0.408,0.1093,4.2588,0.0802,0.1007,0.8774,1.3812,-10.3541,-8.6812,-9.2142,-9.5541,0.0713
27.1320,sand,0.908,0.403,0.0338,4.2097,0.0984,0.1017,0.0261,0.9558,-10.1120,-8.9292,-9.1593,-9.6280,0.0504
27.1440,sand,0.908,0.397,-0.0425,4.2734,0.0794,0.1072,-0.5790,1.5458,-10.2038,-8.8687,-9.2085,-9.5310,0.0171
27.1560,sand,0.908,0.392,-0.1181,4.3189,0.0956,0.1080,1.1520,0.0899,-10.4399,-8.6281,-9.1582,-9.5802,-0.0257
27.1680,sand,0.908,0.387,-0.1916,4.1988,0.1186,0.1014,1.5427,0.7664,-10.7383,-8.3760,-9.2220,-9.6120,-0.0903
27.1800,sand,0.908,0.381,-0.2615,4.2717,0.0490,0.0802,-1.1577,-0.6359,-10.6599,-8.2733,-9.2675,-9.4930,-0.1285
27.1920,sand,0.908,0.376,-0.3264,4.2493,0.0469,0.0736,0.3139,-0.5861,-10.3779,-8.3598,-9.3153,-9.5319,-0.1552
27.2040,sand,0.908,0.371,-0.3851,4.2662,0.0192,0.0572,0.0527,-0.0303,-10.0661,-8.6163,-9.3321,-9.4796,-0.1710
27.2160,sand,0.908,0.365,-0.4363,4.4008,0.0944,0.0437,1.5256,-0.5711,-9.9907,-8.8285,-9.3220,-9.4670,-0.1928
27.2280,sand,0.908,0.360,-0.4789,4.3654,0.0925,0.0285,0.1983,0.0593,-10.0243,-8.8448,-9.3477,-9.4604,-0.2251
27.2400,sand,0.908,0.354,-0.5122,4.3083,-0.0074,0.0172,-0.3602,-0.4382,-9.9688,-8.8212,-9.3440,-9.3830,-0.2458
27.2520,sand,0.908,0.349,-0.5353,4.3185,0.0580,0.0040,0.3100,-0.6102,-9.8298,-9.0185,-9.3969,-9.5074,-0.2565
27.2640,sand,0.908,0.344,-0.5478,4.3858,0.0849,-0.0042,1.2971,-0.1853,-9.6314,-9.1361,-9.4790,-9.4353,-0.2683
27.2760,sand,0.908,0.338,-0.5493,4.3116,0.1104,-0.0201,0.1942,-0.5499,-9.4821,-9.0830,-9.4657,-9.4458,-0.2740
27.2880,sand,0.908,0.333,-0.5397,4.4117,-0.0360,-0.0423,-0.0388,-0.9059,-9.1803,-9.2686,-9.5148,-9.3409,-0.2732
27.3000,sand,0.908,0.328,-0.5192,4.3265,0.0477,-0.0557,-0.0641,-1.2567,-9.0282,-9.4779,-9.4778,-9.3565,-0.2632
27.3120,sand,0.908,0.322,-0.4882,4.3081,0.0131,-0.0610,0.1577,-1.4757,-8.9799,-9.6470,-9.5100,-9.3521,-0.2499
27.3240,sand,0.908,0.317,-0.4471,4.2852,0.0002,-0.0688,-0.4058,-0.8365,-8.8682,-9.8387,-9.5528,-9.3509,-0.2377
27.3360,sand,0.908,0.312,-0.3968,4.2072,0.1024,-0.0697,0.1568,-0.5069,-8.8469,-9.8928,-9.5834,-9.3630,-0.2237
27.3480,sand,0.908,0.306,-0.3383,4.2399,-0.0559,-0.0894,-0.0081,-1.2163,-8.7382,-10.0792,-9.6098,-9.3220,-0.1965
27.3600,sand,0.908,0.301,-0.2727,4.3326,0.0562,-0.0993,-0.2520,-2.0753,-8.3182,-10.3005,-9.5817,-9.2692,-0.1599
27.3720,sand,0.908,0.296,-0.2013,4.3557,-0.0279,-0.1037,-0.0769,-1.0085,-8.4092,-10.3565,-9.6138,-9.2825,-0.1283
27.3840,sand,0.908,0.290,-0.1256,4.2672,0.0136,-0.1111,-2.8710,-2.4750,-8.3103,-10.4389,-9.5774,-9.3239,-0.0865
27.3960,sand,0.908,0.285,-0.0472,4.3905,-0.1028,-0.1098,-1.1590,-0.9096,-8.1178,-10.6539,-9.6512,-9.3526,-0.0439
27.4080,sand,0.908,0.280,0.0324,4.3193,0.0236,-0.0914,0.0001,-0.5753,-8.3575,-10.5248,-9.6047,-9.3810,-0.0113
27.4200,sand,0.908,0.275,0.1114,4.2977,-0.0956,-0.0933,0.4742,-0.9450,-8.5760,-10.4174,-9.5940,-9.2969,0.0189
27.4320,sand,0.908,0.270,0.1882,4.3600,0.0246,-0.0898,0.4471,-0.8002,-8.4293,-10.5706,-9.5360,-9.3657,0.0612
27.4440,sand,0.908,0.265,0.2612,4.4238,-0.0256,-0.0905,2.4664,-0.9553,-8.1261,-10.7483,-9.6495,-9.3461,0.1197
27.4560,sand,0.908,0.260,0.3288,4.3196,-0.0907,-0.0679,5.0330,-0.1927,-7.9510,-10.8537,-9.5775,-9.3997,0.1629
27.4680,sand,0.908,0.255,0.3895,4.2540,-0.0737,-0.0371,0.0915,0.6744,-8.1221,-10.7327,-9.5720,-9.4385,0.1900
27.4800,sand,0.908,0.250,0.4420,4.3255,-0.0334,-0.0281,0.2650,0.6681,-8.3286,-10.4879,-9.5329,-9.4255,0.2027
27.4920,sand,0.908,0.245,0.4851,4.3387,0.0576,-0.0184,0.9301,1.1786,-8.4684,-10.2863,-9.4261,-9.4478,0.2184
27.5040,sand,0.908,0.240,0.5178,4.3225,-0.0301,-0.0108,0.3103,0.1584,-8.5445,-10.2108,-9.5033,-9.4083,0.2457
27.5160,sand,0.908,0.235,0.5394,4.2949,-0.0895,0.0013,0.5507,-0.2504,-8.4995,-10.1906,-9.4639,-9.4567,0.2647
27.5280,sand,0.908,0.230,0.5493,4.3105,0.0650,0.0301,0.1818,1.0511,-8.7513,-9.8728,-9.3906,-9.5577,0.2671
27.5400,sand,0.908,0.226,0.5473,4.2400,0.0163,0.0383,0.0985,0.7198,-8.8454,-9.7023,-9.3632,-9.5177,0.2718
27.5520,sand,0.908,0.221,0.5333,4.2959,-0.0263,0.0463,0.1122,1.1111,-9.0121,-9.5152,-9.4369,-9.4967,0.2720
27.5640,sand,0.908,0.216,0.5076,4.3201,0.0086,0.0549,-0.3980,1.5012,-9.1512,-9.3284,-9.3627,-9.4929,0.2655
27.5760,sand,0.908,0.212,0.4706,4.1989,-0.0044,0.0627,0.0374,1.0670,-9.3310,-9.1140,-9.2617,-9.5729,0.2483
27.5880,sand,0.908,0.207,0.4232,4.3457,-0.0580,0.0763,-0.0538,1.2975,-9.5271,-8.9655,-9.2680,-9.5412,0.2278
27.6000,sand,0.908,0.203,0.3663,4.2807,0.0060,0.0873,-0.2193,1.0400,-9.6977,-8.7987,-9.2792,-9.5936,0.2021
27.6120,sand,0.908,0.199,0.3011,4.3839,0.1617,0.0921,0.3451,1.1120,-9.8483,-8.6068,-9.3741,-9.5635,0.1778
27.6240,sand,0.908,0.194,0.2291,4.3453,0.0439,0.1008,0.1735,1.7977,-9.9547,-8.4996,-9.3500,-9.5317,0.1451
27.6360,sand,0.908,0.190,0.1519,4.3513,-0.0417,0.1054,0.4725,0.5189,-10.0996,-8.2966,-9.2525,-9.6522,0.1009
27.6480,sand,0.908,0.186,0.0710,4.2856,0.1154,0.1091,-0.7107,1.0190,-10.2228,-8.1865,-9.1991,-9.5526,0.0550
27.6600,sand,0.908,0.182,-0.0115,4.4241,0.0695,0.1031,-0.3073,1.3733,-10.2480,-8.2873,-9.1899,-9.5665,0.0162
27.6720,sand,0.908,0.178,-0.0940,4.3292,0.1240,0.0998,-0.9011,0.5987,-10.0791,-8.4344,-9.2047,-9.5771,-0.0149
27.6840,sand,0.908,0.174,-0.1745,4.2828,-0.0047,0.0992,-0.6927,0.7673,-10.1167,-8.2778,-9.1573,-9.5713,-0.0572
27.6960,sand,0.908,0.171,-0.2511,4.3698,0.1059,0.0905,-0.0368,0.8651,-10.1132,-8.1190,-9.1958,-9.5890,-0.0988
27.7080,sand,0.908,0.167,-0.3221,4.3036,0.0301,0.0633,-0.8326,-0.0117,-10.0168,-7.9723,-9.2826,-9.4959,-0.1359
27.7200,sand,0.908,0.163,-0.3859,4.4257,0.1740,0.0565,-0.5990,0.2757,-9.8751,-7.9634,-9.2865,-9.4671,-0.1722
27.7320,sand,0.908,0.160,-0.4408,4.2578,0.0333,0.0510,0.0707,-0.6659,-9.8789,-8.0131,-9.3778,-9.4417,-0.2179
27.7440,sand,0.908,0.156,-0.4856,4.3262,-0.0061,0.0313,-0.3207,0.8731,-9.7656,-8.1658,-9.3405,-9.5022,-0.2397
27.7560,sand,0.908,0.153,-0.5193,4.2395,0.1263,0.0065,2.5056,-1.7638,-9.4505,-8.3050,-9.3155,-9.3498,-0.2484
27.7680,sand,0.908,0.150,-0.5408,4.2682,0.0056,-0.0068,-0.3145,-0.9550,-9.1915,-8.4087,-9.3187,-9.2934,-0.2569
27.7800,sand,0.908,0.146,-0.5498,4.3478,0.0574,-0.0186,-0.2716,-0.7320,-9.0179,-8.5181,-9.3480,-9.2917,-0.2693
27.7920,sand,0.908,0.143,-0.5458,4.3932,0.0733,-0.0277,-0.6551,-1.5503,-8.9592,-8.4849,-9.3454,-9.2344,-0.2769
27.8040,sand,0.908,0.140,-0.5290,4.3080,0.0436,-0.0422,-0.6661,-1.8568,-8.6794,-8.5764,-9.3664,-9.2200,-0.2735
27.8160,sand,0.908,0.137,-0.4996,4.3247,-0.0573,-0.0522,-0.8521,-0.7769,-8.3381,-8.7744,-9.3101,-9.2168,-0.2583
27.8280,sand,0.908,0.135,-0.4583,4.2838,-0.0622,-0.0608,-0.4942,-1.3845,-8.2741,-8.9533,-9.3877,-9.1349,-0.2402
27.8400,sand,0.908,0.132,-0.4060,4.1995,-0.0018,-0.0678,-0.3295,-1.2904,-8.0766,-9.1672,-9.3453,-9.1321,-0.2174
27.8520,sand,0.908,0.129,-0.3439,4.3479,0.0045,-0.0795,-0.4342,-1.2491,-8.0099,-9.3010,-9.3339,-9.1330,-0.1908
27.8640,sand,0.908,0.127,-0.2735,4.2518,-0.1169,-0.0868,-0.2696,-1.5254,-7.9694,-9.4412,-9.3336,-9.0322,-0.1590
27.8760,sand,0.908,0.125,-0.1963,4.2944,-0.0191,-0.0929,-0.3392,-1.8577,-7.7082,-9.6183,-9.3062,-8.9986,-0.1237
27.8880,sand,0.908,0.122,-0.1143,4.2662,-0.0222,-0.0984,-0.0029,-1.1376,-7.6143,-9.7673,-9.2888,-9.0207,-0.0793
27.9000,sand,0.908,0.120,-0.0294,4.3120,-0.0469,-0.0933,-0.6264,-1.4531,-7.6414,-9.7942,-9.2560,-8.9514,-0.0425
27.9120,sand,0.908,0.118,0.0564,4.2214,-0.0968,-0.0900,-0.3845,-1.0906,-7.7513,-9.7087,-9.2526,-9.0049,-0.0042
27.9240,sand,0.908,0.116,0.1410,4.1825,0.0434,-0.0874,0.4590,-1.6339,-7.6491,-9.7128,-9.2830,-8.9783,0.0421
27.9360,sand,0.908,0.114,0.2223,4.1846,-0.0780,-0.0816,0.0735,-1.0674,-7.5213,-9.7786,-9.2414,-8.9890,0.0863
27.9480,sand,0.908,0.113,0.2982,4.1764,-0.1271,-0.0577,-0.0309,-0.7762,-7.5387,-9.6608,-9.2187,-8.9734,0.1256
27.9600,sand,0.908,0.111,0.3669,4.1415,-0.0937,-0.0552,-0.2266,0.6498,-7.4981,-9.5999,-9.2003,-8.9272,0.1694
27.9720,sand,0.908,0.109,0.4267,4.2548,-0.0587,-0.0438,-0.1449,-0.0001,-7.3610,-9.5250,-9.1258,-9.0294,0.2054
27.9840,sand,0.908,0.108,0.4759,4.2040,-0.0995,-0.0316,-0.0207,-0.7790,-7.4536,-9.3354,-9.1156,-9.0076,0.2276
27.9960,sand,0.908,0.107,0.5134,4.1942,-0.1235,-0.0145,-0.5692,0.9062,-7.6132,-9.1007,-9.0489,-9.0723,0.2433
28.0080,sand,0.908,0.105,0.5381,4.2494,0.0093,0.0077,-0.2143,0.4843,-7.6494,-8.8060,-9.0072,-9.0298,0.2587
28.0200,sand,0.908,0.104,0.5493,4.2375,-0.0684,0.0206,-0.1888,1.3113,-7.6564,-8.6728,-9.0142,-9.0795,0.2709
28.0320,sand,0.908,0.103,0.5467,4.2042,0.0039,0.0287,-0.9491,1.5694,-7.7818,-8.5103,-8.9240,-9.1471,0.2737
28.0440,sand,0.908,0.103,0.5303,3.9540,-0.1132,0.0351,-0.4665,0.9369,-7.9163,-8.3227,-8.8994,-9.0059,0.2690
28.0560,sand,0.908,0.102,0.5005,4.0695,-0.1149,0.0424,-1.2227,1.5233,-8.1551,-8.0077,-8.8896,-8.9883,0.2587
28.0680,sand,0.908,0.101,0.4578,4.1621,0.0254,0.0551,-0.9949,1.1820,-8.2265,-7.8777,-8.8373,-9.0575,0.2457
28.0800,sand,0.908,0.101,0.4034,4.0304,-0.0237,0.0640,-0.6583,1.1361,-8.4567,-7.6191,-8.8093,-9.0142,0.2215
28.0920,sand,0.908,0.100,0.3385,4.1290,0.0552,0.0740,-0.8399,1.3156,-8.6105,-7.4699,-8.7793,-9.0142,0.1943
28.1040,sand,0.908,0.100,0.2649,4.1124,0.0749,0.0936,-1.7508,1.7989,-8.8227,-6.9758,-8.5598,-8.7211,0.1320
28.1160,sand,0.908,0.100,0.1843,4.1491,0.0356,0.0882,-0.2098,1.8098,-9.0223,-7.0991,-8.6779,-8.9705,0.0929
28.1280,sand,0.908,0.100,0.0988,4.0393,0.1174,0.0717,2.4796,0.3171,-9.1844,-7.3549,-8.7411,-9.1968,0.0669
28.1400,sand,0.908,0.100,0.0106,4.0760,0.1267,0.0724,-1.3930,0.7890,-8.8603,-7.5458,-8.6402,-8.8231,0.0460
28.1520,sand,0.908,0.100,-0.0781,4.0503,0.0860,0.0799,-1.8404,0.0819,-8.8597,-7.3880,-8.5672,-8.9001,0.0075
28.1640,sand,0.908,0.101,-0.1648,4.0574,0.0849,0.0800,-1.2627,1.8115,-8.8772,-7.1752,-8.6182,-8.7732,-0.0384
28.1760,sand,0.908,0.101,-0.2474,4.0647,0.1495,0.0754,-0.0706,-0.8870,-8.9040,-6.9718,-8.6085,-8.7885,-0.0869
28.1880,sand,0.908,0.102,-0.3236,3.9161,0.1404,0.0489,-0.8215,0.2425,-8.9093,-6.9349,-8.6075,-8.7717,-0.1307
28.2000,sand,0.908,0.102,-0.3913,3.9668,0.1266,0.0388,-1.1256,0.4456,-8.9187,-6.8787,-8.5472,-8.7886,-0.1732
28.2120,sand,0.908,0.103,-0.4489,3.9836,0.1046,0.0329,-1.5377,0.1843,-8.7550,-6.9908,-8.5151,-8.6936,-0.2102
28.2240,sand,0.908,0.104,-0.4946,4.0446,0.0284,0.0194,-1.0937,0.1512,-8.5501,-6.9484,-8.6809,-8.6534,-0.2287
28.2360,sand,0.908,0.105,-0.5271,3.9486,-0.0354,-0.0019,-4.1607,-1.6054,-8.1671,-7.1649,-8.6709,-8.5514,-0.2388
28.2480,sand,0.908,0.106,-0.5457,4.0798,0.0032,-0.0106,-0.3832,-1.0148,-8.1432,-7.0811,-8.6108,-8.5340,-0.2612
28.2600,sand,0.908,0.107,-0.5496,3.8752,0.1535,-0.0315,-1.1852,-0.3130,-7.9904,-7.0958,-8.6296,-8.5943,-0.2783
28.2720,sand,0.908,0.109,-0.5387,3.9530,-0.0164,-0.0500,-0.3395,-1.0238,-7.6910,-7.2063,-8.6451,-8.4643,-0.2724
28.2840,sand,0.908,0.110,-0.5133,3.9038,0.0586,-0.0636,-0.7781,-0.8592,-7.3611,-7.3553,-8.6425,-8.4064,-0.2620
28.2960,sand,0.908,0.112,-0.4739,3.8239,-0.0066,-0.0733,-0.3040,-0.9807,-7.1565,-7.5914,-8.6260,-8.4030,-0.2474
28.3080,sand,0.908,0.113,-0.4215,3.9154,-0.0353,-0.0745,-0.6918,-1.6983,-7.2149,-7.6829,-8.6143,-8.3357,-0.2302
28.3200,sand,0.908,0.115,-0.3576,3.9316,0.0127,-0.0839,-1.1133,-1.0247,-7.0083,-7.9666,-8.5332,-8.3404,-0.2025
28.3320,sand,0.908,0.117,-0.2837,3.9818,-0.0873,-0.0883,-0.8558,-1.6405,-6.9740,-8.1029,-8.5504,-8.2843,-0.1724
28.3440,sand,0.908,0.119,-0.2020,3.9563,-0.0773,-0.0987,-0.9112,-2.6641,-6.7807,-8.3504,-8.6111,-8.1779,-0.1314
28.3560,sand,0.908,0.121,-0.1145,3.8530,-0.0495,-0.1144,-1.8341,-2.4121,-6.4199,-8.6080,-8.3770,-8.0759,-0.0747
28.3680,sand,0.908,0.123,-0.0238,3.7852,-0.0089,-0.0970,-0.4491,-0.1281,-6.5290,-8.7339,-8.5157,-8.1500,-0.0386
28.3800,sand,0.908,0.126,0.0678,3.9046,-0.0307,-0.1012,-0.3552,-1.6437,-6.6085,-8.7575,-8.4615,-8.1021,0.0038
28.3920,sand,0.908,0.128,0.1576,3.7782,-0.0940,-0.0923,-0.6337,-0.6871,-6.6498,-8.6816,-8.4936,-8.0813,0.0498
28.4040,sand,0.908,0.131,0.2432,3.7963,-0.1115,-0.0822,-1.2201,-1.7738,-6.5921,-8.6869,-8.4902,-8.1290,0.0982
28.4160,sand,0.908,0.133,0.3220,3.8191,-0.0937,-0.0707,-1.0045,0.2824,-6.5071,-8.6574,-8.3569,-8.1609,0.1311
28.4280,sand,0.908,0.136,0.3920,3.6844,-0.1149,-0.0357,-0.5238,-0.7833,-6.6749,-8.4813,-8.2550,-8.1832,0.1602
28.4400,sand,0.908,0.139,0.4511,3.7396,-0.0860,-0.0251,-0.9047,0.4349,-6.6230,-8.4132,-8.3134,-8.1345,0.2015
28.4520,sand,0.908,0.142,0.4974,3.7759,-0.0491,-0.0136,-0.4986,-0.4248,-6.4145,-8.4379,-8.1938,-8.1555,0.2405
28.4640,sand,0.908,0.145,0.5298,3.8995,-0.1173,0.0026,-0.8726,-0.0630,-6.6027,-8.1235,-8.1828,-8.2650,0.2506
28.4760,sand,0.908,0.148,0.5471,3.7653,-0.0649,0.0176,-1.6053,1.3781,-6.7399,-7.8975,-8.0574,-8.1978,0.2638
28.4880,sand,0.908,0.151,0.5488,3.7590,-0.0354,0.0395,-0.6394,0.4836,-6.7705,-7.8006,-8.0890,-8.2581,0.2755
28.5000,sand,0.908,0.155,0.5348,3.6898,0.0191,0.0511,-0.4661,0.6595,-6.9160,-7.6012,-8.0799,-8.2780,0.2765
28.5120,sand,0.908,0.158,0.5054,3.7341,-0.0822,0.0658,-0.9836,1.4493,-7.1496,-7.3123,-8.0329,-8.2463,0.2616
28.5240,sand,0.908,0.161,0.4614,3.7227,-0.0711,0.0718,-0.8237,1.4156,-7.3886,-7.0566,-7.9273,-8.2985,0.2435
28.5360,sand,0.908,0.165,0.4040,3.7857,-0.0345,0.0772,-0.9843,3.7048,-7.5280,-6.9902,-7.8946,-8.3048,0.2230
28.5480,sand,0.908,0.169,0.3348,3.6595,0.0017,0.0820,0.0899,1.1527,-7.6938,-6.8919,-7.9005,-8.2657,0.1980
28.5600,sand,0.908,0.172,0.2557,3.6736,-0.0599,0.0925,-0.6370,1.7090,-7.9784,-6.6182,-7.8969,-8.2872,0.1613
28.5720,sand,0.908,0.176,0.1690,3.6181,0.0872,0.0967,-1.2704,1.1809,-8.2310,-6.4422,-7.8738,-8.2622,0.1122
28.5840,sand,0.908,0.180,0.0773,3.6752,0.0325,0.0980,-0.5246,3.1273,-8.3752,-6.3371,-7.7968,-8.2454,0.0717
28.5960,sand,0.908,0.184,-0.0169,3.6740,0.0691,0.1021,0.0703,2.5384,-8.4689,-6.2227,-7.8136,-8.1966,0.0219
28.6080,sand,0.908,0.188,-0.1107,3.5795,-0.0175,0.0810,0.7380,1.2501,-8.5349,-6.2909,-7.7899,-8.1295,-0.0207
28.6200,sand,0.908,0.192,-0.2014,3.6432,0.0868,0.0685,-1.3312,1.9753,-8.5590,-6.3068,-7.7419,-8.1078,-0.0660
28.6320,sand,0.908,0.197,-0.2862,3.7001,0.0396,0.0704,0.3113,-0.4662,-8.6298,-6.2945,-7.7594,-7.9950,-0.1149
28.6440,sand,0.908,0.201,-0.3627,3.6673,0.1046,0.0564,-1.1684,1.9661,-8.6473,-6.2982,-7.7881,-8.0740,-0.1559
28.6560,sand,0.908,0.205,-0.4285,3.6162,0.0680,0.0398,0.5084,-0.6967,-8.4064,-6.3555,-7.8579,-7.8633,-0.1915
28.6680,sand,0.908,0.210,-0.4815,3.5901,0.0330,0.0117,-0.8602,-0.3217,-8.3939,-6.3235,-7.9329,-7.8523,-0.2320
28.6800,sand,0.908,0.214,-0.5202,3.5872,0.1300,-0.0211,-0.4495,0.1643,-8.1268,-6.2418,-7.8959,-7.7621,-0.2526
28.6920,sand,0.908,0.219,-0.5432,3.6524,0.0315,-0.0291,-0.6534,-0.6075,-7.8316,-6.4488,-7.9237,-7.7484,-0.2640
28.7040,sand,0.908,0.223,-0.5499,3.5831,0.0668,-0.0432,-0.7788,0.2046,-7.6622,-6.5010,-7.9117,-7.7529,-0.2710
28.7160,sand,0.908,0.228,-0.5399,3.5716,0.0962,-0.0561,-0.7114,-1.4437,-7.2463,-6.7781,-7.9583,-7.6959,-0.2732
28.7280,sand,0.908,0.233,-0.5135,3.6087,0.1195,-0.0818,-0.6596,-0.6879,-7.1522,-6.8731,-7.9363,-7.7314,-0.2669
28.7400,sand,0.908,0.238,-0.4714,3.6039,0.0180,-0.0910,-0.0690,0.2110,-6.9523,-7.2234,-7.9488,-7.6639,-0.2513
28.7520,sand,0.908,0.242,-0.4148,3.5058,0.0448,-0.1024,-0.0740,-1.0493,-6.8443,-7.4633,-7.9619,-7.6346,-0.2267
28.7640,sand,0.908,0.247,-0.3454,3.6464,-0.0663,-0.1074,0.2343,-0.0439,-6.7822,-7.7205,-7.9212,-7.6391,-0.2033
28.7760,sand,0.908,0.252,-0.2652,3.5691,0.0508,-0.1169,-1.0406,-1.8373,-6.7072,-7.8927,-8.0096,-7.5559,-0.1682
28.7880,sand,0.908,0.257,-0.1767,3.5865,0.1206,-0.1260,-0.4049,-1.6490,-6.5379,-8.2090,-8.0858,-7.5306,-0.1283
28.8000,sand,0.908,0.262,-0.0826,3.6023,0.0334,-0.1276,-0.9696,-3.7420,-6.4623,-8.4443,-7.8770,-7.5953,-0.0874
28.8120,sand,0.908,0.267,0.0142,3.5524,-0.0627,-0.1387,0.0708,-2.0911,-6.0830,-8.7950,-7.9759,-7.5100,-0.0224
28.8240,sand,0.908,0.272,0.1107,3.5308,-0.0776,-0.1288,-2.2815,-0.9313,-6.1391,-8.8732,-7.9474,-7.5850,0.0253
28.8360,sand,0.908,0.277,0.2039,3.5353,-0.0527,-0.1137,-0.6227,0.5041,-6.2320,-8.8511,-7.7409,-7.6669,0.0705
28.8480,sand,0.908,0.283,0.2908,3.5993,-0.0870,-0.0927,-0.2708,-0.4806,-6.0909,-8.9339,-7.9148,-7.6802,0.1249
28.8600,sand,0.908,0.288,0.3687,3.5152,-0.0641,-0.0731,-0.1763,-0.2849,-6.1477,-8.9224,-7.8553,-7.7886,0.1662
28.8720,sand,0.908,0.293,0.4351,3.5448,0.0318,-0.0610,-0.1275,-0.2101,-6.2867,-8.8345,-7.7730,-7.7740,0.2001
28.8840,sand,0.908,0.298,0.4879,3.4436,0.0299,-0.0418,0.3824,-0.5264,-6.3614,-8.7852,-7.7919,-7.8146,0.2358
28.8960,sand,0.908,0.304,0.5252,3.5479,-0.0417,-0.0247,0.0846,0.6880,-6.4099,-8.6708,-7.7984,-7.7919,0.2564
28.9080,sand,0.908,0.309,0.5459,3.5998,-0.0798,0.0155,0.0293,-0.1408,-6.5980,-8.5567,-7.6706,-7.7932,0.2654
28.9200,sand,0.908,0.314,0.5491,3.5347,-0.0554,0.0272,0.2656,0.7521,-6.8700,-8.3832,-7.6532,-7.8155,0.2718
28.9320,sand,0.908,0.320,0.5348,3.5995,-0.0780,0.0456,-0.3043,0.5673,-6.9819,-8.2232,-7.7037,-7.9080,0.2741
28.9440,sand,0.908,0.325,0.5033,3.5659,0.0301,0.0581,0.4056,1.4328,-7.3047,-7.9556,-7.5514,-7.9438,0.2655
28.9560,sand,0.908,0.330,0.4555,3.5612,0.0553,0.0806,-0.6754,2.5479,-7.5887,-7.7363,-7.6670,-7.9315,0.2477
28.9680,sand,0.908,0.336,0.3929,3.5509,0.0493,0.0976,0.2739,1.3044,-7.9330,-7.4789,-7.5267,-7.8971,0.2228
28.9800,sand,0.908,0.341,0.3175,3.5365,-0.0006,0.1157,0.5962,1.9472,-8.4070,-7.0849,-7.4599,-8.0367,0.1620
28.9920,sand,0.908,0.346,0.2316,3.5753,0.0322,0.1089,0.4981,2.8293,-8.4822,-7.1471,-7.5678,-7.9847,0.1351
29.0040,sand,0.908,0.352,0.1381,3.5210,0.0167,0.1286,-2.4041,1.5910,-8.7415,-7.0097,-7.5737,-7.9822,0.0886
29.0160,sand,0.908,0.357,0.0399,3.5918,0.0551,0.1293,1.3824,2.8132,-8.9823,-7.0483,-7.7214,-8.1148,0.0489
29.0280,sand,0.908,0.363,-0.0597,3.4863,0.0634,0.1259,0.5875,0.8004,-9.0783,-6.8511,-7.6196,-8.0095,0.0052
29.0400,sand,0.908,0.368,-0.1576,3.6095,0.0498,0.1311,0.2939,1.2139,-9.2637,-6.6828,-7.6855,-8.0722,-0.0530
29.0520,sand,0.908,0.373,-0.2503,3.5410,0.0203,0.1192,0.0258,0.8284,-9.3503,-6.4991,-7.7151,-8.0046,-0.1062
29.0640,sand,0.908,0.379,-0.3349,3.5323,0.0107,0.1132,-1.7162,2.2990,-9.4771,-6.4229,-7.8109,-8.1428,-0.1552
29.0760,sand,0.908,0.384,-0.4086,3.5174,0.1413,0.0869,2.2873,-3.3258,-9.2496,-6.5105,-7.7839,-8.0155,-0.1900
29.0880,sand,0.908,0.389,-0.4687,3.5350,0.0330,0.0503,0.0119,0.0113,-9.2442,-6.9008,-7.8000,-7.9956,-0.2203
29.1000,sand,0.908,0.395,-0.5133,3.5585,0.0084,0.0305,0.1188,0.0668,-9.1173,-7.0840,-7.8339,-7.9128,-0.2435
29.1120,sand,0.908,0.400,-0.5407,3.6389,0.0305,0.0179,0.0417,-0.4633,-9.0694,-7.3005,-7.9868,-7.9061,-0.2638
29.1240,sand,0.908,0.405,-0.5500,3.5857,0.0409,-0.0027,-0.0938,0.3012,-8.9233,-7.3695,-8.0360,-7.8235,-0.2721
29.1360,sand,0.908,0.410,-0.5408,3.6742,0.0057,-0.0196,0.5632,-0.6127,-8.6870,-7.6526,-8.0705,-7.8149,-0.2740
29.1480,sand,0.908,0.416,-0.5133,3.6287,0.0316,-0.0522,0.7326,-1.0803,-8.4750,-7.8846,-8.0065,-7.8595,-0.2644
29.1600,sand,0.908,0.421,-0.4683,3.6439,0.0332,-0.0657,0.7901,-0.4698,-8.2021,-8.2233,-8.0593,-7.7773,-0.2530
29.1720,sand,0.908,0.426,-0.4074,3.5869,-0.0645,-0.0902,0.0955,-2.4815,-7.9419,-8.4275,-8.0931,-7.7801,-0.2291
29.1840,sand,0.908,0.431,-0.3325,3.6453,0.0197,-0.0956,0.0971,-1.5416,-7.6667,-8.7654,-8.2214,-7.7407,-0.2014
29.1960,sand,0.908,0.436,-0.2461,3.6130,-0.0063,-0.1088,0.2707,-0.9574,-7.6438,-8.9215,-8.2136,-7.8429,-0.1695
29.2080,sand,0.908,0.441,-0.1512,3.5841,0.0191,-0.1247,1.6577,-1.0875,-7.3641,-9.2542,-8.2829,-7.8423,-0.1286
29.2200,sand,0.908,0.446,-0.0509,3.6402,-0.0669,-0.1303,0.9956,-0.9831,-7.2564,-9.4670,-8.3155,-7.8627,-0.0877
29.2320,sand,0.908,0.451,0.0513,3.6314,-0.0870,-0.1494,1.8142,-0.7471,-6.9225,-9.9217,-8.2850,-7.8039,-0.0197
29.2440,sand,0.908,0.456,0.1519,3.5981,0.0341,-0.1499,-1.8892,-1.5102,-6.8283,-10.2307,-8.2586,-7.8707,0.0423
29.2560,sand,0.908,0.461,0.2473,3.7393,-0.1148,-0.1489,0.1866,0.2294,-6.6609,-10.5507,-8.3034,-7.8936,0.1098
29.2680,sand,0.908,0.466,0.3343,3.7287,-0.0969,-0.1146,0.6563,0.0646,-6.6633,-10.7015,-8.2409,-8.0058,0.1685
29.2800,sand,0.908,0.470,0.4097,3.6945,-0.0888,-0.0935,0.3681,-0.2515,-6.7843,-10.8492,-8.3376,-8.1085,0.2142
29.2920,sand,0.908,0.475,0.4709,3.6526,0.0741,-0.0820,0.6770,0.7404,-7.0293,-10.7923,-8.3590,-8.1985,0.2455
29.3040,sand,0.908,0.480,0.5157,3.8049,-0.0135,-0.0655,0.5711,-0.9400,-7.2337,-10.7524,-8.2265,-8.2786,0.2626
29.3160,sand,0.908,0.484,0.5423,3.7268,-0.0375,-0.0520,0.4259,1.8473,-7.4785,-10.5828,-8.1653,-8.4368,0.2736
29.3280,sand,0.908,0.489,0.5499,3.7618,-0.0191,-0.0176,0.8030,0.9830,-7.7137,-10.3900,-8.1273,-8.4396,0.2798
29.3400,sand,0.908,0.493,0.5380,3.7887,-0.0190,0.0042,0.1902,0.2371,-7.9528,-10.2644,-8.1851,-8.4666,0.2731
29.3520,sand,0.908,0.498,0.5070,3.8233,0.1172,0.0203,0.7830,0.9296,-8.2813,-9.9639,-8.0545,-8.4984,0.2637
29.3640,sand,0.908,0.502,0.4578,3.7386,0.0691,0.0373,0.4590,0.4043,-8.4828,-9.8432,-8.2051,-8.5360,0.2519
29.3760,sand,0.908,0.506,0.3923,3.7616,0.0533,0.0572,1.0176,1.8995,-8.7517,-9.6306,-8.1058,-8.5796,0.2309
29.3880,sand,0.908,0.510,0.3126,3.7093,0.1047,0.0849,2.1222,0.8722,-9.3005,-9.2512,-8.1828,-8.5863,0.1737
29.4000,sand,0.908,0.514,0.2216,3.7707,0.0024,0.0949,0.9077,0.3221,-9.6494,-8.9124,-8.1773,-8.6470,0.1326
29.4120,sand,0.908,0.519,0.1225,3.8052,0.1350,0.1091,1.3593,2.9924,-9.7450,-8.6276,-8.1325,-8.5836,0.0901
29.4240,sand,0.908,0.522,0.0188,3.8240,0.0867,0.1120,1.9323,1.3563,-9.7494,-8.5610,-8.1720,-8.6703,0.0525
29.4360,sand,0.908,0.526,-0.0857,3.8302,0.0531,0.1224,1.6347,1.4713,-9.9254,-8.3322,-8.2718,-8.5901,0.0098
29.4480,sand,0.908,0.530,-0.1873,3.8184,0.1056,0.1172,0.9342,0.1163,-10.2345,-8.3736,-8.3680,-8.7763,-0.0370
29.4600,sand,0.908,0.534,-0.2822,3.8989,0.0931,0.1233,0.1314,0.5920,-10.5441,-8.2617,-8.3206,-8.8156,-0.0974
29.4720,sand,0.908,0.537,-0.3669,3.7606,0.0352,0.1214,-0.6450,0.5741,-10.7302,-8.1541,-8.4187,-8.8435,-0.1601
29.4840,sand,0.908,0.541,-0.4382,3.9199,0.0661,0.1143,-1.6310,0.7751,-10.8157,-8.0359,-8.2406,-8.6930,-0.2114
29.4960,sand,0.908,0.544,-0.4936,3.9110,0.0320,0.0907,0.0037,-1.9869,-10.7449,-8.2727,-8.3712,-8.5849,-0.2391
29.5080,sand,0.908,0.548,-0.5309,3.8063,0.1987,0.0450,0.6711,-0.3038,-10.7137,-8.4632,-8.5217,-8.6718,-0.2561
29.5200,sand,0.908,0.551,-0.5486,4.0184,0.0977,0.0354,0.1203,-0.5819,-10.5258,-8.5283,-8.4832,-8.6513,-0.2687
29.5320,sand,0.908,0.554,-0.5460,3.9007,0.0480,0.0262,0.7049,-1.3142,-10.1862,-8.6768,-8.5974,-8.6238,-0.2754
29.5440,sand,0.908,0.557,-0.5231,3.9229,-0.0106,0.0097,1.0707,-0.5511,-10.1110,-8.8998,-8.5839,-8.6347,-0.2737
29.5560,sand,0.908,0.560,-0.4807,3.9263,0.0004,-0.0006,0.5049,-1.5784,-9.7457,-9.1904,-8.6752,-8.5969,-0.2643
29.5680,sand,0.908,0.563,-0.4203,3.9607,-0.0983,-0.0414,0.8655,-0.6818,-9.5773,-9.4887,-8.7763,-8.5516,-0.2346
29.5800,sand,0.908,0.566,-0.3440,3.9164,0.0104,-0.0570,0.8894,-1.1671,-9.2157,-9.8307,-8.8094,-8.5835,-0.2000
29.5920,sand,0.908,0.568,-0.2547,3.8976,0.0062,-0.0750,1.3953,-0.9689,-8.9132,-10.1758,-8.8196,-8.5467,-0.1551
29.6040,sand,0.908,0.571,-0.1557,3.9705,0.0420,-0.0886,-0.6065,-3.8975,-8.5400,-10.2856,-8.8803,-8.6167,-0.1147
29.6160,sand,0.908,0.573,-0.0507,3.9270,-0.0452,-0.1111,0.9201,-1.7404,-8.2296,-10.5983,-8.9275,-8.5258,-0.0502
29.6280,sand,0.908,0.576,0.0564,4.0304,-0.0008,-0.0971,1.2036,-0.1136,-7.9806,-10.6392,-8.9778,-8.5169,-0.0035
29.6400,sand,0.908,0.578,0.1615,3.9516,-0.0711,-0.1219,0.8804,0.3036,-7.8145,-10.9826,-9.0113,-8.6422,0.0778
29.6520,sand,0.908,0.580,0.2606,3.9858,-0.0647,-0.1180,7.0275,-1.0194,-7.5692,-11.3014,-8.9712,-8.6270,0.1561
29.6640,sand,0.908,0.582,0.3499,4.0870,-0.0366,-0.1097,-0.1120,-0.2645,-7.6416,-11.3293,-8.9869,-8.5912,0.2134
29.6760,sand,0.908,0.584,0.4259,4.1190,0.0077,-0.0918,0.8863,2.3170,-7.7388,-11.2744,-8.9063,-8.6998,0.2509
29.6880,sand,0.908,0.586,0.4856,4.0351,-0.0593,-0.0631,1.5178,0.0900,-7.9781,-11.1226,-8.8546,-8.8503,0.2674
29.7000,sand,0.908,0.588,0.5267,4.0369,-0.0088,-0.0487,0.3940,0.6442,-8.1360,-10.9811,-8.8764,-8.8165,0.2875
29.7120,sand,0.908,0.589,0.5475,4.1061,0.0380,-0.0350,0.9564,1.3013,-8.3252,-10.8166,-8.9786,-8.9049,0.2992
29.7240,sand,0.908,0.591,0.5471,3.9871,0.0114,-0.0230,0.2498,0.6909,-8.5335,-10.5850,-8.8697,-8.9716,0.3007
29.7360,sand,0.908,0.592,0.5255,4.0238,0.1020,-0.0104,0.5045,0.9411,-8.7429,-10.3824,-8.8842,-9.0127,0.2926
29.7480,sand,0.908,0.594,0.4834,4.0891,0.0643,0.0217,0.7197,0.9983,-9.1113,-10.0586,-8.7856,-9.0352,0.2626
29.7600,sand,0.908,0.595,0.4224,4.1123,0.0862,0.0355,0.0604,0.9478,-9.3536,-9.8275,-8.7830,-9.1408,0.2348
29.7720,sand,0.908,0.596,0.3447,4.0718,0.0633,0.0535,0.3753,1.3679,-9.5903,-9.5589,-8.7873,-9.0985,0.2017
29.7840,sand,0.908,0.597,0.2534,4.0461,0.1743,0.0670,1.1410,0.8864,-9.7425,-9.4028,-8.8450,-9.0785,0.1686
29.7960,sand,0.908,0.597,0.1520,4.1033,0.1067,0.0863,0.7252,2.0381,-10.0930,-9.1508,-8.8876,-9.2635,0.1229
29.8080,sand,0.908,0.598,0.0444,4.0884,0.0849,0.1073,1.4846,2.1554,-10.5574,-8.6953,-8.8221,-9.4274,0.0468
29.8200,sand,0.908,0.599,-0.0650,4.0306,0.0467,0.1164,0.5942,0.6649,-10.6808,-8.4213,-8.8043,-9.2653,-0.0135
29.8320,sand,0.908,0.599,-0.1720,4.0564,0.0373,0.1071,0.8694,0.6613,-10.6108,-8.3100,-8.8520,-9.3240,-0.0598
29.8440,sand,0.908,0.600,-0.2724,4.1393,0.0565,0.0835,4.3654,0.4371,-10.2641,-8.6421,-9.0564,-9.2260,-0.0910
29.8560,sand,0.908,0.600,-0.3619,4.1323,0.0845,0.0950,1.0233,0.0866,-10.2499,-8.6831,-8.9199,-9.1995,-0.1301
29.8680,sand,0.908,0.600,-0.4371,4.1267,0.0679,0.0967,0.4721,0.6029,-10.5245,-8.5423,-8.8360,-9.3696,-0.2026
29.8800,sand,0.908,0.600,-0.4949,4.1455,-0.0111,0.0776,-0.5624,-1.1860,-10.6056,-8.5710,-8.9271,-9.2264,-0.2535
29.8920,sand,0.908,0.600,-0.5328,4.1301,0.0201,0.0605,0.1114,-0.3319,-10.6051,-8.6603,-9.1211,-9.3797,-0.2823
29.9040,sand,0.908,0.600,-0.5493,4.1919,0.0334,0.0404,1.8387,-0.1114,-10.2303,-8.8715,-9.1069,-9.2462,-0.2882
29.9160,sand,0.908,0.599,-0.5436,4.1935,-0.0440,0.0217,0.7325,-1.1383,-9.9264,-9.0982,-9.0862,-9.1459,-0.2861
29.9280,sand,0.908,0.599,-0.5159,4.1941,-0.0043,-0.0031,0.5323,-0.8872,-9.6744,-9.2712,-9.1174,-9.1810,-0.2763
29.9400,sand,0.908,0.598,-0.4671,4.2061,-0.0366,-0.0214,0.8582,-0.9081,-9.2498,-9.5520,-9.2411,-9.1786,-0.2586
29.9520,sand,0.908,0.598,-0.3992,4.2025,-0.0354,-0.0356,0.7615,-1.0141,-9.1064,-9.7783,-9.1727,-9.0926,-0.2313
29.9640,sand,0.908,0.597,-0.3149,4.2037,-0.0920,-0.0676,-0.7564,-0.9933,-8.7871,-10.1869,-9.3621,-8.9678,-0.1836
29.9760,sand,0.908,0.596,-0.2175,4.1155,-0.0357,-0.0687,0.1997,-0.2400,-8.5712,-10.4146,-9.3732,-9.1479,-0.1434
29.9880,sand,0.908,0.595,-0.1111,4.2499,0.0149,-0.0770,1.7104,-0.8379,-8.5909,-10.4920,-9.3163,-9.1258,-0.1066
30.0000,sand,0.908,0.594,0.0000,4.1889,-0.0207,-0.1161,-1.4357,-1.3493,-8.0750,-10.9184,-9.3659,-8.9437,-0.0277
